SC1- 13a mag compass orientation (IGRF corrected)
  66.25 151.6  36.0   0.0   0.0   1.0
NRM    146.1  62.7 146.1  62.7 1.07E-05 002.7 136.9  48.1 0.046753 0.031562 0.005081 hargrave 2021-02-21 13:33:35 
TT 100 173.6  49.2 173.6  49.2 8.33E-06 003.7 136.7  28.0 0.048013 0.040917 0.014503 hargrave 2021-02-22 14:24:44 
TT 200 200.1  31.8 200.1  31.8 6.78E-06 004.2 145.7  02.9 0.046975 0.043384 0.014985 hargrave 2021-02-23 09:52:16 
TT 300 220.1  11.7 220.1  11.7 7.72E-06 003.0 157.3 -21.8 0.024856 0.028307 0.022100 hargrave 2021-02-23 13:50:46 
TT 400 226.0  04.0 226.0  04.0 9.12E-06 002.2 161.8 -30.5 0.017292 0.022063 0.025447 hargrave 2021-02-24 10:31:52 
TT 450 228.1  04.3 228.1  04.3 9.45E-06 001.9 164.3 -30.6 0.023461 0.013939 0.025928 hargrave 2021-02-24 15:29:54 
TT 500 230.2 -04.2 230.2 -04.2 1.00E-05 002.9 165.2 -39.3 0.029345 0.037933 0.024548 hargrave 2021-02-25 12:08:11 
TT 525 232.7 -03.0 232.7 -03.0 9.30E-06 002.7 168.7 -38.5 0.024832 0.027277 0.025767 hargrave 2021-02-25 17:21:02 
TT 550 231.6 -01.4 231.6 -01.4 1.04E-05 003.8 167.5 -36.7 0.036600 0.056781 0.024277 hargrave 2021-02-26 10:26:13 
TT 560 226.7 -10.4 226.7 -10.4 1.00E-05 003.6 159.1 -44.8 0.043212 0.042927 0.020648 hargrave 2021-02-26 15:38:35 
TT 570 235.3 -00.2 235.3 -00.2 9.05E-06 004.2 172.2 -35.9 0.031696 0.054511 0.025495 hargrave 2021-02-27 10:58:57 
TT 580 230.7 -11.8 230.7 -11.8 9.63E-06 002.2 164.3 -46.9 0.027887 0.017181 0.021177 hargrave 2021-02-28 11:41:26 
TT 590 238.9 -07.7 238.9 -07.7 8.22E-06 002.0 176.4 -43.7 0.021046 0.013571 0.019468 hargrave 2021-03-01 10:20:39 
TT 600 245.9 -05.1 245.9 -05.1 9.33E-06 002.4 185.7 -41.0 0.025779 0.024490 0.021549 hargrave 2021-03-01 15:20:59 
TT 610 245.0 -08.3 245.0 -08.3 8.83E-06 002.3 184.7 -44.3 0.023455 0.015189 0.022482 hargrave 2021-03-02 10:51:32 
TT 620 242.1 -07.0 242.1 -07.0 7.01E-06 001.9 180.7 -43.0 0.015222 0.008028 0.018783 hargrave 2021-03-02 16:55:04 
TT 630 235.4 -09.7 235.4 -09.7 7.79E-06 004.0 171.3 -45.4 0.025589 0.046266 0.015179 hargrave 2021-03-03 10:30:16 
TT 640 230.6 -06.2 230.6 -06.2 6.85E-06 003.6 165.4 -41.4 0.025942 0.033425 0.015588 hargrave 2021-03-03 15:51:01 
TT 650 227.6 -06.9 227.6 -06.9 6.57E-06 004.7 161.2 -41.6 0.027089 0.046353 0.010848 hargrave 2021-03-04 13:21:06 
TT 660 211.3 -13.5 211.3 -13.5 6.98E-06 002.7 137.9 -43.1 0.025913 0.016464 0.016140 hargrave 2021-03-05 11:33:21 
TT 664 219.4 -21.6 219.4 -21.6 5.57E-06 001.9 143.8 -53.5 0.012718 0.007792 0.012556 hargrave 2021-03-08 13:35:18 
TT 667 208.1  04.9 208.1  04.9 4.76E-06 002.7 142.7 -24.7 0.015658 0.015590 0.011188 hargrave 2021-03-09 10:19:39 
TT 670 211.6  04.4 211.6  04.4 3.64E-06 002.3 146.2 -26.5 0.008912 0.011336 0.006342 hargrave 2021-03-09 15:18:34 
TT 672 210.3 -14.6 210.3 -14.6 3.81E-06 003.0 136.0 -43.6 0.013571 0.013925 0.005838 hargrave 2021-03-10 14:30:49 
TT 674 169.2  36.8 169.2  36.8 1.60E-06 001.9 125.6  20.0 0.004474 0.003585 0.002423 hargrave 2021-03-11 14:06:21 
TT 676 193.5 -06.0 193.5 -06.0 4.20E-06 002.2 122.7 -28.4 0.016666 0.006713 0.003022 hargrave 2021-03-14 12:23:18 
TT 678 238.3 -03.4 238.3 -03.4 1.84E-06 003.8 175.8 -39.3 0.008231 0.007291 0.006414 hargrave 2021-03-14 17:09:19 
TT 680 236.3 -19.4 236.3 -19.4 3.06E-06 001.1 171.2 -55.1 0.003757 0.004306 0.003228 hargrave 2021-03-16 14:33:50 
TT 682 289.9 -44.9 289.9 -44.9 2.74E-06 001.6 273.6 -58.0 0.006989 0.003385 0.001127 hargrave 2021-03-19 12:35:06 
TT 684 027.0  13.5 027.0  13.5 1.04E-06 003.8 312.7  41.3 0.005720 0.005828 0.002054 hargrave 2021-03-22 13:23:08 
TT 686 141.5  21.3 141.5  21.3 1.80E-06 001.7 095.1  23.0 0.004998 0.002832 0.002888 hargrave 2021-03-23 12:39:59 
