SC1- 30a sun compass orientation
  68.48 204.6  20.0   0.0   0.0   1.0
NRM    253.1  35.1 253.1  35.1 1.93E-05 005.4 145.0  19.3 0.113625 0.144827 0.013647 hargrave 2021-02-21 14:00:57 
TT 100 241.6  25.8 241.6  25.8 1.79E-05 003.7 132.4  12.9 0.089805 0.080683 0.015260 hargrave 2021-02-22 14:52:23 
TT 200 231.2  14.7 231.2  14.7 1.76E-05 005.5 119.7  05.2 0.136644 0.107184 0.014559 hargrave 2021-02-23 10:14:43 
TT 300 233.8  09.4 233.8  09.4 1.89E-05 001.9 120.6 -00.6 0.052053 0.043689 0.016157 hargrave 2021-02-23 14:14:21 
TT 400 232.6  04.9 232.6  04.9 1.93E-05 002.0 118.0 -04.5 0.062095 0.031590 0.020233 hargrave 2021-02-24 10:54:57 
TT 450 229.0  02.6 229.0  02.6 2.09E-05 002.1 113.9 -05.6 0.077023 0.081663 0.020211 hargrave 2021-02-24 15:52:55 
TT 500 228.2  02.7 228.2  02.7 2.14E-05 002.9 113.2 -05.3 0.106982 0.077811 0.019923 hargrave 2021-02-25 12:30:35 
TT 525 226.3  03.2 226.3  03.2 2.10E-05 002.3 111.5 -04.2 0.082846 0.074972 0.015687 hargrave 2021-02-25 17:45:08 
TT 550 225.9  04.2 225.9  04.2 2.04E-05 005.4 111.5 -03.1 0.177038 0.078288 0.017112 hargrave 2021-02-26 10:52:47 
TT 560 226.8  04.1 226.8  04.1 2.09E-05 003.5 112.3 -03.5 0.118948 0.055430 0.020857 hargrave 2021-02-26 16:06:00 
TT 570 226.9  06.4 226.9  06.4 2.00E-05 004.1 113.1 -01.4 0.128625 0.068494 0.019140 hargrave 2021-02-27 11:26:20 
TT 580 226.2  03.7 226.2  03.7 1.99E-05 005.4 111.6 -03.8 0.181995 0.062374 0.017040 hargrave 2021-02-28 12:08:14 
TT 590 226.5  08.1 226.5  08.1 1.78E-05 005.9 113.3  00.3 0.171926 0.072066 0.017009 hargrave 2021-03-01 10:47:23 
TT 600 222.9  08.1 222.9  08.1 1.43E-05 004.8 110.0  01.5 0.115506 0.042370 0.010556 hargrave 2021-03-01 15:47:57 
TT 610 228.3  13.9 228.3  13.9 1.11E-05 002.3 116.8  05.3 0.043007 0.014690 0.010485 hargrave 2021-03-02 11:12:57 
TT 620 221.4  05.4 221.4  05.4 1.03E-05 002.2 107.6 -00.5 0.037775 0.011144 0.008873 hargrave 2021-03-02 17:17:51 
TT 630 223.0  03.0 223.0  03.0 8.81E-06 006.7 108.3 -03.4 0.097690 0.035001 0.008371 hargrave 2021-03-03 10:56:48 
TT 640 225.2  08.1 225.2  08.1 1.00E-05 006.5 112.0  00.8 0.106973 0.043994 0.006762 hargrave 2021-03-03 16:17:41 
TT 650 236.7  06.4 236.7  06.4 1.05E-05 005.2 122.4 -04.3 0.080913 0.051451 0.009484 hargrave 2021-03-04 13:49:09 
TT 660 229.7  10.7 229.7  10.7 1.13E-05 005.1 117.1  01.9 0.087189 0.053254 0.007525 hargrave 2021-03-05 12:01:38 
TT 664 253.1  12.8 253.1  12.8 1.06E-05 001.7 139.7 -02.4 0.026518 0.026050 0.010559 hargrave 2021-03-08 14:04:09 
TT 667 229.0  18.6 229.0  18.6 8.61E-06 004.3 118.9  09.6 0.055401 0.036235 0.009692 hargrave 2021-03-09 10:46:15 
TT 670 257.8  00.1 257.8  00.1 8.76E-06 001.3 141.5 -15.7 0.016693 0.017246 0.006513 hargrave 2021-03-09 15:46:42 
TT 672 241.6  15.9 241.6  15.9 7.18E-06 003.0 129.8  03.4 0.029538 0.025636 0.005673 hargrave 2021-03-10 14:58:56 
TT 674 229.8  12.2 229.8  12.2 4.68E-06 006.4 117.7  03.3 0.046026 0.025865 0.005232 hargrave 2021-03-11 14:34:30 
TT 676 243.0  11.2 243.0  11.2 6.41E-06 003.1 129.8 -01.5 0.027506 0.023028 0.005593 hargrave 2021-03-14 12:49:46 
TT 678 234.2  30.5 234.2  30.5 5.83E-06 003.6 127.5  19.3 0.026172 0.027099 0.005243 hargrave 2021-03-14 17:35:51 
TT 680 309.7  32.6 309.7  32.6 3.41E-06 008.2 193.0  13.1 0.012678 0.047919 0.002391 hargrave 2021-03-16 14:57:43 
TT 680 303.5  32.3 303.5  32.3 3.41E-06 001.6 187.7  12.5 0.007328 0.009000 0.003652 hargrave 2021-03-16 15:43:25 
TT 682 254.5 -12.6 254.5 -12.6 4.58E-06 002.4 134.9 -27.4 0.009269 0.015921 0.007504 hargrave 2021-03-19 12:55:28 
TT 684 327.4  34.9 327.4  34.9 2.38E-06 002.9 207.8  17.6 0.004738 0.010490 0.006582 hargrave 2021-03-22 13:42:56 
TT 686 323.3  19.5 323.3  19.5 1.88E-06 002.0 207.0  01.8 0.004368 0.004717 0.003649 hargrave 2021-03-23 13:03:55 
