SC1- 27a mag compass orientation (IGRF corrected)
  67.72 229.6  13.0   0.0   0.0   1.0
NRM    179.1  53.8 179.1  53.8 7.01E-06 003.1 055.1  62.8 0.025219 0.027126 0.011842 hargrave 2021-02-21 13:55:30 
TT 100 191.0  08.4 191.0  08.4 7.03E-06 003.3 053.6  16.3 0.033734 0.024713 0.013145 hargrave 2021-02-22 14:46:49 
TT 200 188.7 -22.6 188.7 -22.6 1.15E-05 001.7 046.0 -13.8 0.027110 0.023728 0.020959 hargrave 2021-02-23 10:10:12 
TT 300 197.1 -27.8 197.1 -27.8 1.43E-05 002.1 052.7 -20.4 0.040478 0.034294 0.017189 hargrave 2021-02-23 14:09:53 
TT 400 192.6 -32.1 192.6 -32.1 1.49E-05 003.4 047.6 -23.8 0.067801 0.058747 0.020627 hargrave 2021-02-24 10:50:15 
TT 450 197.8 -33.6 197.8 -33.6 1.57E-05 002.3 052.0 -26.1 0.048682 0.050350 0.016948 hargrave 2021-02-24 15:48:25 
TT 500 202.0 -30.6 202.0 -30.6 1.39E-05 003.0 056.6 -24.0 0.047016 0.062628 0.016911 hargrave 2021-02-25 12:26:06 
TT 525 198.4 -32.5 198.4 -32.5 1.61E-05 002.4 052.8 -25.1 0.046896 0.045648 0.018341 hargrave 2021-02-25 17:40:35 
TT 550 201.4 -29.5 201.4 -29.5 1.51E-05 003.4 056.3 -22.8 0.079987 0.043655 0.014779 hargrave 2021-02-26 10:48:07 
TT 560 204.0 -29.4 204.0 -29.4 1.54E-05 003.8 058.7 -23.2 0.093153 0.046232 0.017432 hargrave 2021-02-26 16:00:31 
TT 570 200.0 -30.5 200.0 -30.5 1.49E-05 001.3 054.7 -23.5 0.026940 0.027580 0.015659 hargrave 2021-02-27 11:20:51 
TT 580 201.2 -31.2 201.2 -31.2 1.43E-05 003.8 055.7 -24.4 0.085528 0.047450 0.014518 hargrave 2021-02-28 12:03:31 
TT 590 201.0 -32.6 201.0 -32.6 1.39E-05 001.8 055.2 -25.7 0.038776 0.025461 0.014407 hargrave 2021-03-01 10:42:40 
TT 600 200.1 -30.9 200.1 -30.9 1.35E-05 001.4 054.8 -23.9 0.027506 0.023002 0.015029 hargrave 2021-03-01 15:43:11 
TT 610 192.1 -30.9 192.1 -30.9 1.10E-05 004.6 047.5 -22.5 0.055702 0.066528 0.014657 hargrave 2021-03-02 11:09:10 
TT 620 200.8 -18.7 200.8 -18.7 1.06E-05 001.6 058.1 -12.1 0.020382 0.025450 0.014381 hargrave 2021-03-02 17:13:15 
TT 630 196.1 -26.7 196.1 -26.7 1.05E-05 003.0 052.1 -19.1 0.038060 0.043107 0.010220 hargrave 2021-03-03 10:52:09 
TT 640 206.6 -23.0 206.6 -23.0 1.00E-05 001.7 062.7 -17.5 0.022247 0.023390 0.009121 hargrave 2021-03-03 16:12:59 
TT 650 200.6 -20.0 200.6 -20.0 8.76E-06 002.5 057.6 -13.4 0.034379 0.020402 0.010466 hargrave 2021-03-04 13:43:43 
TT 660 190.5 -13.2 190.5 -13.2 6.86E-06 001.3 049.3 -04.9 0.011312 0.012563 0.008910 hargrave 2021-03-05 11:56:57 
TT 664 192.9 -18.3 192.9 -18.3 5.76E-06 005.9 050.6 -10.2 0.045272 0.039024 0.005889 hargrave 2021-03-08 13:59:30 
TT 667 205.2 -32.2 205.2 -32.2 5.08E-06 002.6 059.1 -26.1 0.021048 0.011035 0.005664 hargrave 2021-03-09 10:41:33 
TT 670 200.1 -32.9 200.1 -32.9 5.36E-06 001.2 054.3 -25.9 0.007082 0.011265 0.004994 hargrave 2021-03-09 15:41:55 
TT 672 178.5 -14.6 178.5 -14.6 5.20E-06 004.0 037.6 -04.4 0.020553 0.030029 0.009693 hargrave 2021-03-10 14:54:09 
TT 674 208.4  03.1 208.4  03.1 4.08E-06 003.7 070.0  07.7 0.023579 0.012460 0.006570 hargrave 2021-03-11 14:29:44 
TT 676 186.4  11.7 186.4  11.7 3.37E-06 001.2 049.6  20.4 0.006401 0.005972 0.003056 hargrave 2021-03-14 12:45:07 
TT 678 183.2  11.6 183.2  11.6 2.22E-06 003.1 046.3  20.8 0.009044 0.008546 0.002412 hargrave 2021-03-14 17:31:11 
TT 680 091.5  24.2 091.5  24.2 2.10E-06 001.8 306.4  32.4 0.003581 0.005206 0.003596 hargrave 2021-03-16 14:54:28 
TT 682 081.3 -16.1 081.3 -16.1 2.79E-06 002.4 304.1 -09.0 0.011618 0.004047 0.002574 hargrave 2021-03-19 12:52:47 
TT 684 326.0 -38.7 326.0 -38.7 2.18E-06 002.0 188.0 -51.6 0.007230 0.004798 0.002384 hargrave 2021-03-22 13:40:11 
TT 686 035.5 -01.7 035.5 -01.7 1.85E-06 001.9 256.7 -04.8 0.004689 0.004278 0.003570 hargrave 2021-03-23 13:00:40 
