SC1- 1a sun compass orientation
  5.525 355.5  34.0   0.0   0.0   1.0
NRM    223.5  53.3 223.5  53.3 4.68E-05 002.9 258.8  65.9 0.238039 0.027596 0.013199 hargrave 2021-02-21 13:13:48 
TT 100 223.9  52.3 223.9  52.3 4.54E-05 001.5 261.2  65.8 0.107695 0.046301 0.017237 hargrave 2021-02-22 14:04:51 
TT 200 225.6  46.3 225.6  46.3 4.29E-05 001.3 274.5  63.6 0.089796 0.043523 0.011826 hargrave 2021-02-23 08:52:11 
TT 300 231.4  35.8 231.4  35.8 4.40E-05 002.7 296.8  59.4 0.169981 0.123071 0.017064 hargrave 2021-02-23 13:34:42 
TT 400 234.8  26.4 234.8  26.4 4.68E-05 002.9 310.4  53.1 0.237147 0.113743 0.041705 hargrave 2021-02-24 10:16:14 
TT 450 236.6  21.7 236.6  21.7 4.92E-05 001.8 316.1  49.6 0.123635 0.096283 0.057731 hargrave 2021-02-24 15:14:17 
TT 500 236.9  16.3 236.9  16.3 5.06E-05 001.6 319.7  44.7 0.080800 0.107682 0.065133 hargrave 2021-02-25 11:52:40 
TT 525 239.4  13.6 239.4  13.6 5.24E-05 002.0 324.2  43.1 0.161742 0.081497 0.082245 hargrave 2021-02-25 17:04:25 
TT 550 238.6  13.6 238.6  13.6 5.27E-05 002.2 323.1  42.8 0.161593 0.095558 0.077179 hargrave 2021-02-26 10:07:14 
TT 560 241.2  11.6 241.2  11.6 5.29E-05 001.4 327.3  41.8 0.061217 0.094404 0.078442 hargrave 2021-02-26 15:19:29 
TT 570 239.4  12.0 239.4  12.0 5.21E-05 001.5 324.9  41.6 0.113660 0.045665 0.076780 hargrave 2021-02-27 10:39:58 
TT 580 242.2  11.5 242.2  11.5 5.10E-05 002.0 328.6  41.9 0.135531 0.066144 0.093983 hargrave 2021-02-28 11:20:44 
TT 590 241.5  10.0 241.5  10.0 5.08E-05 002.8 328.3  40.4 0.182877 0.142287 0.086168 hargrave 2021-03-01 10:01:44 
TT 600 241.1  10.6 241.1  10.6 4.92E-05 001.4 327.5  40.8 0.086576 0.041353 0.080746 hargrave 2021-03-01 15:01:49 
TT 610 243.8  08.0 243.8  08.0 4.64E-05 003.8 331.9  39.0 0.234442 0.192373 0.071334 hargrave 2021-03-02 10:36:11 
TT 620 246.1  06.6 246.1  06.6 4.49E-05 002.8 335.1  38.3 0.186582 0.107738 0.076372 hargrave 2021-03-02 16:39:17 
TT 630 244.8  06.7 244.8  06.7 4.09E-05 002.5 333.5  38.1 0.125388 0.113321 0.058126 hargrave 2021-03-03 10:11:18 
TT 640 247.5  08.9 247.5  08.9 4.22E-05 003.1 336.2  40.8 0.161148 0.152722 0.068631 hargrave 2021-03-03 15:31:57 
TT 650 243.2  04.3 243.2  04.3 4.28E-05 003.2 332.4  35.3 0.168269 0.155082 0.067996 hargrave 2021-03-04 13:01:23 
TT 660 250.8  02.3 250.8  02.3 3.75E-05 001.5 342.0  35.0 0.080345 0.026218 0.061710 hargrave 2021-03-05 11:12:39 
TT 664 245.6  02.0 245.6  02.0 3.04E-05 002.0 335.8  33.7 0.068088 0.069704 0.059776 hargrave 2021-03-08 13:15:33 
TT 667 244.0  01.6 244.0  01.6 3.01E-05 002.4 334.2  32.9 0.099045 0.062385 0.058719 hargrave 2021-03-09 10:00:40 
TT 670 241.8  08.4 241.8  08.4 2.34E-05 001.3 329.3  38.8 0.035729 0.036861 0.023956 hargrave 2021-03-09 14:59:48 
TT 672 241.0  07.0 241.0  07.0 1.48E-05 001.3 328.8  37.3 0.026165 0.022914 0.011789 hargrave 2021-03-10 14:10:19 
TT 674 248.5  16.4 248.5  16.4 1.19E-05 001.8 335.0  48.3 0.028768 0.024449 0.008734 hargrave 2021-03-11 13:47:27 
TT 676 239.3  12.7 239.3  12.7 7.60E-06 001.4 324.4  42.2 0.010305 0.015937 0.007602 hargrave 2021-03-14 12:03:34 
TT 678 257.2  20.5 257.2  20.5 6.21E-06 002.0 346.7  53.9 0.014471 0.015566 0.005646 hargrave 2021-03-14 16:50:19 
TT 680 232.2  20.7 232.2  20.7 3.06E-06 001.2 311.3  46.9 0.004920 0.004270 0.003638 hargrave 2021-03-16 14:15:24 
TT 682 092.9  36.4 092.9  36.4 2.31E-06 001.5 185.9  02.6 0.004941 0.002749 0.004818 hargrave 2021-03-19 12:20:08 
TT 684 187.8  07.3 187.8  07.3 1.05E-06 002.8 276.2  12.9 0.004595 0.003133 0.001715 hargrave 2021-03-22 13:07:38 
TT 686 007.0 -23.2 007.0 -23.2 2.56E-06 002.0 085.7 -25.4 0.006570 0.003504 0.006235 hargrave 2021-03-23 12:20:45 
