SC1- 20a mag compass orientation (IGRF corrected)
 66.565 158.6  20.0   0.0   0.0   1.0
NRM    200.8  04.5 200.8  04.5 1.46E-05 003.7 131.7 -08.9 0.077291 0.058532 0.008600 hargrave 2021-02-21 13:43:53 
TT 100 200.0 -04.6 200.0 -04.6 1.55E-05 006.5 128.4 -17.5 0.141316 0.107396 0.011117 hargrave 2021-02-22 14:35:08 
TT 200 200.7 -15.1 200.7 -15.1 1.66E-05 005.1 126.0 -27.8 0.111715 0.097400 0.008919 hargrave 2021-02-23 10:00:39 
TT 300 205.2 -17.6 205.2 -17.6 1.76E-05 001.4 129.9 -31.4 0.036278 0.019601 0.010265 hargrave 2021-02-23 13:59:06 
TT 400 205.4 -20.7 205.4 -20.7 1.78E-05 002.8 129.1 -34.4 0.073926 0.050820 0.013095 hargrave 2021-02-24 10:40:26 
TT 450 206.9 -21.6 206.9 -21.6 1.79E-05 001.1 130.4 -35.7 0.027512 0.020076 0.011925 hargrave 2021-02-24 15:38:16 
TT 500 202.5 -25.3 202.5 -25.3 1.77E-05 002.3 124.2 -38.0 0.064679 0.032229 0.008067 hargrave 2021-02-25 12:16:40 
TT 525 206.1 -20.8 206.1 -20.8 1.84E-05 003.3 129.8 -34.7 0.089236 0.056771 0.014850 hargrave 2021-02-25 17:29:31 
TT 550 202.1 -24.6 202.1 -24.6 1.90E-05 006.2 124.1 -37.2 0.177351 0.109120 0.010118 hargrave 2021-02-26 10:36:29 
TT 560 200.2 -24.8 200.2 -24.8 1.93E-05 004.6 121.9 -36.9 0.135354 0.075636 0.009374 hargrave 2021-02-26 15:48:52 
TT 570 201.4 -29.7 201.4 -29.7 1.91E-05 005.6 121.1 -41.8 0.163792 0.088060 0.010762 hargrave 2021-02-27 11:09:14 
TT 580 203.1 -25.5 203.1 -25.5 1.90E-05 005.4 124.8 -38.4 0.151665 0.095777 0.011920 hargrave 2021-02-28 11:51:48 
TT 590 203.8 -29.4 203.8 -29.4 1.90E-05 006.1 123.9 -42.3 0.173937 0.103885 0.014034 hargrave 2021-03-01 10:30:54 
TT 600 206.7 -30.7 206.7 -30.7 1.68E-05 005.1 126.6 -44.4 0.124456 0.082202 0.011894 hargrave 2021-03-01 15:31:23 
TT 610 203.1 -31.1 203.1 -31.1 1.47E-05 005.0 122.4 -43.7 0.114167 0.057115 0.012538 hargrave 2021-03-02 10:59:49 
TT 620 200.6 -34.0 200.6 -34.0 1.40E-05 001.7 118.2 -45.7 0.035610 0.020327 0.006426 hargrave 2021-03-02 17:03:35 
TT 630 201.8 -31.1 201.8 -31.1 1.34E-05 005.8 121.0 -43.3 0.117219 0.070430 0.006926 hargrave 2021-03-03 10:40:31 
TT 640 202.6 -29.3 202.6 -29.3 1.31E-05 006.0 122.7 -41.9 0.118763 0.070444 0.007006 hargrave 2021-03-03 16:01:17 
TT 650 201.7 -31.4 201.7 -31.4 1.29E-05 003.2 120.6 -43.6 0.062542 0.035738 0.006697 hargrave 2021-03-04 13:31:20 
TT 660 198.5 -27.0 198.5 -27.0 1.02E-05 003.7 119.2 -38.5 0.057041 0.033631 0.006016 hargrave 2021-03-05 11:43:40 
TT 664 186.7 -30.8 186.7 -30.8 9.42E-06 003.3 105.1 -38.3 0.052569 0.014528 0.005721 hargrave 2021-03-08 13:45:32 
TT 667 184.0 -15.0 184.0 -15.0 7.52E-06 006.3 109.0 -22.7 0.079827 0.024852 0.004601 hargrave 2021-03-09 10:29:55 
TT 670 198.0 -05.0 198.0 -05.0 5.84E-06 004.0 126.2 -17.4 0.033426 0.025061 0.005474 hargrave 2021-03-09 15:29:07 
TT 672 198.7 -16.7 198.7 -16.7 5.69E-06 005.2 123.3 -28.7 0.044617 0.027317 0.004152 hargrave 2021-03-10 14:41:21 
TT 674 186.5 -15.7 186.5 -15.7 5.46E-06 003.8 111.2 -24.1 0.034535 0.011294 0.005671 hargrave 2021-03-11 14:16:56 
TT 676 172.1 -23.2 172.1 -23.2 2.20E-06 004.4 094.2 -26.3 0.017023 0.002649 0.001353 hargrave 2021-03-14 12:33:32 
TT 678 144.0 -41.5 144.0 -41.5 3.55E-06 003.3 060.8 -34.0 0.018373 0.010350 0.002052 hargrave 2021-03-14 17:19:33 
TT 680 163.0 -28.1 163.0 -28.1 3.34E-06 002.6 083.6 -27.8 0.015101 0.005039 0.002549 hargrave 2021-03-16 14:44:30 
TT 682 168.7 -02.5 168.7 -02.5 3.22E-06 004.3 098.7 -05.8 0.023175 0.008611 0.003271 hargrave 2021-03-19 12:43:59 
TT 684 092.2  33.8 092.2  33.8 1.05E-06 002.2 032.3  51.6 0.001588 0.002221 0.003090 hargrave 2021-03-22 13:32:02 
TT 686 236.4  27.7 236.4  27.7 5.79E-07 003.7 169.1  08.1 0.001566 0.003507 0.000873 hargrave 2021-03-23 12:50:41 
