SC1- 35a mag compass orientation (IGRF corrected)
   87.6 351.6  82.0   0.0   0.0   1.0
NRM    179.0  43.0 179.0  43.0 2.84E-05 003.1 227.6  10.8 0.106112 0.110788 0.032953 hargrave 2021-02-21 14:11:27 
TT 100 178.7  34.1 178.7  34.1 2.54E-05 002.1 236.6  10.3 0.083220 0.064412 0.042323 hargrave 2021-02-22 15:01:21 
TT 200 179.9  20.6 179.9  20.6 1.03E-05 064.3 250.4  10.6 0.366222 1.024731 0.203376 hargrave 2021-02-23 10:22:48 
TT 200 179.3  24.1 179.3  24.1 1.04E-05 051.1 246.8  10.2 0.434211 1.014149 0.199773 hargrave 2021-02-23 10:52:17 
TT 200 180.7  09.7 180.7  09.7 1.87E-05 027.0 261.5  10.2 0.943717 0.162842 0.019496 hargrave 2021-02-23 11:02:48 
TT 200 178.0  28.8 178.0  28.8 2.09E-05 001.7 241.9  09.4 0.083796 0.044851 0.011032 hargrave 2021-02-23 11:06:09 
TT 300 183.9  13.2 183.9  13.2 1.66E-05 003.2 258.2  13.7 0.091989 0.032964 0.009674 hargrave 2021-02-23 14:23:00 
TT 400 186.6  09.5 186.6  09.5 1.45E-05 004.1 262.3  16.0 0.100205 0.036595 0.029665 hargrave 2021-02-24 11:02:28 
TT 450 189.9 -03.2 189.9 -03.2 1.40E-05 002.9 275.9  17.6 0.054987 0.026892 0.041609 hargrave 2021-02-24 16:00:54 
TT 500 191.9 -11.4 191.9 -11.4 1.35E-05 005.8 284.8  18.0 0.112875 0.054693 0.061724 hargrave 2021-02-25 12:39:20 
TT 525 188.3 -07.2 188.3 -07.2 1.22E-05 003.0 279.7  15.4 0.043904 0.036435 0.042426 hargrave 2021-02-25 17:53:58 
TT 550 191.5 -20.2 191.5 -20.2 1.27E-05 002.7 293.7  15.5 0.015561 0.041839 0.049072 hargrave 2021-02-26 11:01:41 
TT 560 190.3 -09.3 190.3 -09.3 1.28E-05 003.0 282.3  16.9 0.040828 0.036706 0.048559 hargrave 2021-02-26 16:14:54 
TT 570 190.2 -17.4 190.2 -17.4 1.30E-05 003.0 290.5  15.1 0.042574 0.035651 0.048907 hargrave 2021-02-27 11:35:12 
TT 580 194.0 -16.9 194.0 -16.9 1.33E-05 002.2 290.9  18.7 0.032377 0.033516 0.029827 hargrave 2021-02-28 12:17:11 
TT 590 189.8 -20.3 189.8 -20.3 1.35E-05 002.1 293.4  14.0 0.047251 0.022343 0.019551 hargrave 2021-03-01 10:56:22 
TT 600 193.2 -22.1 193.2 -22.1 1.14E-05 002.5 296.0  16.6 0.034196 0.039296 0.018684 hargrave 2021-03-01 15:56:57 
TT 610 196.4 -22.2 196.4 -22.2 5.30E-06 060.6 297.0  19.3 0.242776 0.476320 0.187975 hargrave 2021-03-02 11:20:09 
TT 610 197.3 -18.9 197.3 -18.9 5.16E-06 043.3 293.9  21.1 0.208651 0.470706 0.199475 hargrave 2021-03-02 12:19:02 
TT 610 197.8 -24.4 197.8 -24.4 1.05E-05 010.4 299.6  19.9 0.171535 0.086931 0.015258 hargrave 2021-03-02 12:25:31 
TT 620 199.4 -19.7 199.4 -19.7 1.03E-05 002.6 295.4  22.8 0.033805 0.030422 0.018800 hargrave 2021-03-02 17:25:18 
TT 630 197.1 -14.9 197.1 -14.9 1.13E-05 002.3 289.7  22.0 0.036906 0.027718 0.011262 hargrave 2021-03-03 11:05:42 
TT 640 203.3 -18.3 203.3 -18.3 1.07E-05 002.2 295.2  26.7 0.022547 0.031694 0.020256 hargrave 2021-03-03 16:26:35 
TT 650 188.5 -21.6 188.5 -21.6 9.09E-06 001.6 294.3  12.5 0.020294 0.017437 0.015245 hargrave 2021-03-04 13:58:01 
TT 660 196.1 -30.9 196.1 -30.9 8.83E-06 004.0 305.5  16.3 0.041727 0.045871 0.016712 hargrave 2021-03-05 12:12:08 
TT 664 199.0 -30.5 199.0 -30.5 9.08E-06 003.5 306.1  18.8 0.033892 0.043706 0.019349 hargrave 2021-03-08 14:14:37 
TT 667 208.2 -25.4 208.2 -25.4 9.11E-06 002.1 304.6  28.3 0.017269 0.025150 0.021809 hargrave 2021-03-09 10:55:09 
TT 670 197.2 -18.4 197.2 -18.4 8.32E-06 001.5 293.4  21.2 0.019490 0.019215 0.010417 hargrave 2021-03-09 15:56:03 
TT 672 188.4 -10.5 188.4 -10.5 7.04E-06 002.9 283.1  14.8 0.037178 0.012563 0.005096 hargrave 2021-03-10 15:08:15 
TT 674 182.0 -12.8 182.0 -12.8 6.15E-06 001.4 284.3  08.2 0.013208 0.012890 0.007252 hargrave 2021-03-11 14:43:51 
TT 676 195.5 -13.9 195.5 -13.9 8.06E-06 001.7 288.2  20.8 0.023994 0.012480 0.006183 hargrave 2021-03-14 12:59:24 
TT 678 212.1 -08.7 212.1 -08.7 5.83E-06 001.5 287.6  38.0 0.013229 0.010753 0.003105 hargrave 2021-03-14 17:45:31 
TT 680 245.6  49.8 245.6  49.8 1.65E-06 002.1 194.8  46.1 0.002143 0.005737 0.001794 hargrave 2021-03-16 15:05:56 
TT 682 275.0 -42.4 275.0 -42.4 9.36E-07 003.9 012.6  38.1 0.003897 0.003327 0.004384 hargrave 2021-03-19 13:01:41 
TT 684 173.4  69.2 173.4  69.2 1.04E-06 003.2 201.0  08.1 0.005999 0.003835 0.003581 hargrave 2021-03-22 13:49:20 
TT 686 244.3  63.0 244.3  63.0 7.93E-07 002.3 189.3  33.6 0.002764 0.001702 0.001791 hargrave 2021-03-23 13:12:57 
