SC1- 34a mag compass orientation (IGRF corrected)
  87.66 353.6  83.0   0.0   0.0   1.0
NRM    200.0 -16.9 200.0 -16.9 2.23E-05 001.4 291.6  22.7 0.048370 0.046809 0.013839 hargrave 2021-02-21 14:09:51 
TT 100 204.1 -20.7 204.1 -20.7 2.39E-05 002.0 296.9  25.3 0.070842 0.041853 0.042023 hargrave 2021-02-22 14:59:45 
TT 200 208.4 -22.2 208.4 -22.2 2.59E-05 004.5 300.0  28.6 0.152397 0.129029 0.054127 hargrave 2021-02-23 10:20:46 
TT 300 208.9 -18.0 208.9 -18.0 2.71E-05 005.0 295.7  30.5 0.219251 0.112156 0.027288 hargrave 2021-02-23 14:21:42 
TT 400 217.0 -24.9 217.0 -24.9 2.78E-05 001.9 306.8  34.6 0.065537 0.064322 0.040032 hargrave 2021-02-24 11:01:06 
TT 450 217.0 -19.7 217.0 -19.7 2.72E-05 002.0 301.1  36.9 0.068359 0.064080 0.038546 hargrave 2021-02-24 15:59:35 
TT 500 219.1 -24.7 219.1 -24.7 2.83E-05 001.8 307.8  36.3 0.071690 0.047391 0.032497 hargrave 2021-02-25 12:37:59 
TT 525 219.2 -24.3 219.2 -24.3 2.71E-05 001.7 307.5  36.6 0.066591 0.068408 0.024362 hargrave 2021-02-25 17:52:39 
TT 550 221.7 -24.8 221.7 -24.8 2.71E-05 002.7 309.4  38.3 0.126300 0.045127 0.024916 hargrave 2021-02-26 11:00:06 
TT 560 222.8 -24.0 222.8 -24.0 2.70E-05 001.9 309.2  39.6 0.063157 0.076204 0.033479 hargrave 2021-02-26 16:13:19 
TT 570 222.5 -25.3 222.5 -25.3 2.59E-05 002.0 310.5  38.6 0.042776 0.082246 0.034909 hargrave 2021-02-27 11:33:37 
TT 580 221.4 -20.5 221.4 -20.5 2.46E-05 001.8 304.6  40.3 0.043281 0.064022 0.025658 hargrave 2021-02-28 12:15:35 
TT 590 226.1 -23.9 226.1 -23.9 2.39E-05 002.3 311.4  42.1 0.071106 0.054864 0.046408 hargrave 2021-03-01 10:54:44 
TT 600 225.1 -22.4 225.1 -22.4 2.24E-05 002.1 309.0  42.2 0.052702 0.060429 0.036611 hargrave 2021-03-01 15:55:20 
TT 610 224.8 -20.8 224.8 -20.8 2.35E-05 003.1 307.1  42.8 0.113451 0.020927 0.055972 hargrave 2021-03-02 11:18:52 
TT 620 223.6 -23.7 223.6 -23.7 2.05E-05 001.5 309.4  40.4 0.031479 0.046842 0.015821 hargrave 2021-03-02 17:23:59 
TT 630 222.0 -18.7 222.0 -18.7 2.08E-05 002.6 302.7  41.7 0.057894 0.074634 0.018714 hargrave 2021-03-03 11:04:06 
TT 640 218.9 -16.3 218.9 -16.3 1.90E-05 003.0 298.1  40.0 0.094474 0.024486 0.031384 hargrave 2021-03-03 16:24:59 
TT 650 223.5 -23.0 223.5 -23.0 1.90E-05 001.7 308.6  40.7 0.040576 0.035352 0.028454 hargrave 2021-03-04 13:56:26 
TT 660 228.7 -19.5 228.7 -19.5 1.40E-05 001.8 308.3  46.7 0.017568 0.041802 0.013363 hargrave 2021-03-05 12:10:33 
TT 664 229.6 -18.0 229.6 -18.0 1.35E-05 002.1 307.2  48.2 0.022618 0.044106 0.012736 hargrave 2021-03-08 14:13:01 
TT 667 228.8 -13.7 228.8 -13.7 1.35E-05 003.7 300.9  49.7 0.083379 0.023206 0.013676 hargrave 2021-03-09 10:53:33 
TT 670 230.4 -26.4 230.4 -26.4 1.15E-05 002.1 317.3  43.6 0.020850 0.036928 0.012461 hargrave 2021-03-09 15:54:20 
TT 672 221.6 -08.0 221.6 -08.0 9.50E-06 001.0 289.0  45.5 0.014864 0.012346 0.003935 hargrave 2021-03-10 15:06:33 
TT 674 243.0 -26.6 243.0 -26.6 5.89E-06 001.8 330.1  51.0 0.007660 0.016281 0.004670 hargrave 2021-03-11 14:42:09 
TT 676 232.0 -11.4 232.0 -11.4 7.16E-06 002.5 300.1  53.6 0.029259 0.010546 0.004473 hargrave 2021-03-14 12:57:49 
TT 678 239.9  05.6 239.9  05.6 4.65E-06 002.2 272.0  66.4 0.016870 0.005749 0.001876 hargrave 2021-03-14 17:43:56 
TT 680 284.6 -00.6 284.6 -00.6 2.88E-06 001.4 070.8  67.7 0.003913 0.004670 0.004682 hargrave 2021-03-16 15:04:20 
TT 682 115.2  62.9 115.2  62.9 1.18E-06 003.2 194.4 -16.0 0.001689 0.002128 0.006242 hargrave 2021-03-19 13:00:19 
TT 684 052.9  06.8 052.9  06.8 1.16E-06 004.1 113.6 -56.4 0.007292 0.003932 0.002240 hargrave 2021-03-22 13:47:53 
TT 686 238.5 -70.5 238.5 -70.5 1.67E-06 003.9 351.7  10.7 0.006096 0.010544 0.001800 hargrave 2021-03-23 13:11:21 
