SC1- 23a sun compass orientation
  67.62 169.6  24.0   0.0   0.0   1.0
NRM    072.0  47.2 072.0  47.2 1.55E-05 001.8 344.1  70.8 0.012810 0.047145 0.010346 hargrave 2021-02-21 13:49:38 
TT 100 079.8  42.7 079.8  42.7 1.32E-05 001.1 000.4  66.7 0.017624 0.017679 0.005705 hargrave 2021-02-22 14:40:55 
TT 200 103.6  26.2 103.6  26.2 9.86E-06 001.7 032.7  47.4 0.017943 0.022174 0.011902 hargrave 2021-02-23 10:05:29 
TT 300 117.5  10.1 117.5  10.1 9.10E-06 002.2 043.5  28.5 0.031728 0.023282 0.005000 hargrave 2021-02-23 14:05:08 
TT 400 134.8  04.4 134.8  04.4 8.47E-06 004.9 059.2  17.6 0.063635 0.036846 0.026623 hargrave 2021-02-24 10:45:19 
TT 450 145.1  08.4 145.1  08.4 8.43E-06 002.9 070.7  17.5 0.038118 0.024525 0.026422 hargrave 2021-02-24 15:43:38 
TT 500 147.4  07.5 147.4  07.5 8.50E-06 003.3 072.5  15.8 0.042899 0.030072 0.023177 hargrave 2021-02-25 12:21:23 
TT 525 150.5  00.2 150.5  00.2 9.37E-06 003.5 072.5  07.8 0.052252 0.024526 0.025898 hargrave 2021-02-25 17:35:47 
TT 550 154.7  03.7 154.7  03.7 8.33E-06 002.2 077.8  09.4 0.022129 0.023228 0.022894 hargrave 2021-02-26 10:42:15 
TT 560 157.7  05.9 157.7  05.9 9.30E-06 001.8 081.5  10.2 0.020282 0.025274 0.021060 hargrave 2021-02-26 15:54:37 
TT 570 159.7  01.6 159.7  01.6 8.50E-06 002.0 081.5  05.5 0.019741 0.023144 0.021649 hargrave 2021-02-27 11:14:58 
TT 580 166.4  01.3 166.4  01.3 8.12E-06 002.6 087.6  02.5 0.023080 0.022609 0.027002 hargrave 2021-02-28 11:57:35 
TT 590 164.3  00.3 164.3  00.3 7.36E-06 002.3 085.2  02.4 0.017777 0.007976 0.023256 hargrave 2021-03-01 10:36:40 
TT 600 166.6  01.0 166.6  01.0 7.42E-06 006.9 087.7  02.1 0.086734 0.006186 0.024735 hargrave 2021-03-01 15:37:14 
TT 610 167.1  11.0 167.1  11.0 5.89E-06 002.8 092.3  11.1 0.008688 0.005927 0.027424 hargrave 2021-03-02 11:04:29 
TT 620 159.5  18.5 159.5  18.5 6.10E-06 001.5 088.6  21.0 0.014380 0.009388 0.004558 hargrave 2021-03-02 17:08:28 
TT 630 158.6 -06.1 158.6 -06.1 3.67E-06 002.2 077.5 -01.1 0.013784 0.003963 0.004216 hargrave 2021-03-03 10:46:16 
TT 640 173.9  22.8 173.9  22.8 5.33E-06 004.9 103.5  19.0 0.035990 0.014659 0.025529 hargrave 2021-03-03 16:07:03 
TT 650 211.9 -09.9 211.9 -09.9 2.90E-06 002.7 126.3 -25.2 0.009878 0.006594 0.008697 hargrave 2021-03-04 13:37:03 
TT 660 214.2 -24.4 214.2 -24.4 4.10E-06 001.2 122.7 -39.6 0.006693 0.005120 0.004316 hargrave 2021-03-05 11:51:02 
TT 664 183.5  18.7 183.5  18.7 2.73E-06 002.3 110.2  11.5 0.009614 0.004884 0.005706 hargrave 2021-03-08 13:52:49 
TT 667 189.5 -08.9 189.5 -08.9 4.82E-06 004.1 104.8 -16.1 0.033249 0.009709 0.008055 hargrave 2021-03-09 10:35:41 
TT 670 154.7 -39.9 154.7 -39.9 4.16E-06 001.6 059.2 -30.3 0.008210 0.008143 0.005054 hargrave 2021-03-09 15:34:50 
TT 672 149.5 -23.2 149.5 -23.2 2.46E-06 001.4 062.6 -13.4 0.005182 0.003514 0.002927 hargrave 2021-03-10 14:47:04 
TT 674 183.2 -04.5 183.2 -04.5 2.54E-06 003.3 100.6 -09.6 0.014482 0.004152 0.003478 hargrave 2021-03-11 14:22:38 
TT 676 225.6 -33.6 225.6 -33.6 2.17E-06 002.5 131.1 -51.8 0.007088 0.005527 0.004839 hargrave 2021-03-14 12:39:17 
TT 678 135.4 -03.4 135.4 -03.4 3.04E-06 002.2 057.0  10.0 0.007342 0.010368 0.003643 hargrave 2021-03-14 17:25:18 
