SC1- 18a mag compass orientation (IGRF corrected)
  66.48 170.6  35.0   0.0   0.0   1.0
NRM    213.7  75.3 213.7  75.3 2.18E-05 002.1 165.1  43.9 0.041421 0.072214 0.013861 hargrave 2021-02-21 13:40:35 
TT 100 220.6  65.3 220.6  65.3 1.93E-05 002.1 161.1  34.1 0.034699 0.066889 0.013477 hargrave 2021-02-22 14:31:48 
TT 200 212.4  46.9 212.4  46.9 1.72E-05 001.1 147.2  19.7 0.058429 0.033539 0.016597 hargrave 2021-02-23 09:57:55 
TT 300 221.9  37.0 221.9  37.0 1.66E-05 002.3 149.7  07.8 0.052885 0.056140 0.012662 hargrave 2021-02-23 13:56:23 
TT 400 220.7  26.4 220.7  26.4 1.76E-05 003.6 144.9 -01.7 0.066025 0.101895 0.013294 hargrave 2021-02-24 10:37:35 
TT 450 221.7  22.7 221.7  22.7 1.78E-05 002.1 144.4 -05.5 0.050678 0.049789 0.014221 hargrave 2021-02-24 15:35:32 
TT 500 225.8  19.6 225.8  19.6 1.75E-05 003.0 146.9 -09.7 0.075462 0.065061 0.012596 hargrave 2021-02-25 12:13:52 
TT 525 225.2  16.9 225.2  16.9 1.73E-05 002.3 145.5 -12.1 0.044811 0.056091 0.012387 hargrave 2021-02-25 17:26:44 
TT 550 225.0  15.4 225.0  15.4 1.77E-05 003.3 144.8 -13.5 0.067379 0.084721 0.013563 hargrave 2021-02-26 10:33:11 
TT 560 224.6  14.6 224.6  14.6 1.78E-05 004.8 144.1 -14.0 0.095002 0.119997 0.012205 hargrave 2021-02-26 15:45:33 
TT 570 225.9  15.3 225.9  15.3 1.76E-05 001.3 145.5 -13.8 0.036337 0.036349 0.012202 hargrave 2021-02-27 11:05:55 
TT 580 224.2  15.9 224.2  15.9 1.80E-05 003.8 144.2 -12.7 0.072713 0.093630 0.042633 hargrave 2021-02-28 11:48:28 
TT 590 223.8  14.6 223.8  14.6 1.72E-05 005.0 143.4 -13.8 0.090788 0.117119 0.042474 hargrave 2021-03-01 10:27:35 
TT 600 226.0  16.8 226.0  16.8 1.73E-05 003.4 146.2 -12.5 0.060616 0.080892 0.046025 hargrave 2021-03-01 15:28:03 
TT 610 223.6  19.1 223.6  19.1 1.49E-05 001.8 144.8 -09.5 0.020877 0.021738 0.038254 hargrave 2021-03-02 10:57:07 
TT 620 224.0  20.5 224.0  20.5 1.34E-05 001.7 145.7 -08.3 0.019425 0.017117 0.036497 hargrave 2021-03-02 17:00:49 
TT 630 224.5  23.5 224.5  23.5 1.36E-05 005.1 147.1 -05.7 0.064289 0.098885 0.038367 hargrave 2021-03-03 10:37:13 
TT 640 220.7  24.3 220.7  24.3 1.32E-05 007.4 144.2 -03.7 0.097455 0.139502 0.034773 hargrave 2021-03-03 15:57:58 
TT 650 224.0  22.4 224.0  22.4 1.27E-05 002.1 146.3 -06.5 0.030493 0.029555 0.033648 hargrave 2021-03-04 13:28:03 
TT 660 221.5  23.7 221.5  23.7 1.07E-05 002.0 144.6 -04.5 0.021487 0.019387 0.032703 hargrave 2021-03-05 11:40:21 
TT 664 218.2  25.3 218.2  25.3 9.77E-06 003.6 142.4 -01.9 0.035987 0.042951 0.031557 hargrave 2021-03-08 13:42:14 
TT 667 210.8  27.1 210.8  27.1 8.98E-06 003.9 137.1  02.5 0.035877 0.043211 0.029110 hargrave 2021-03-09 10:26:36 
TT 670 213.4  20.2 213.4  20.2 6.89E-06 004.2 136.3 -04.8 0.028461 0.036585 0.025244 hargrave 2021-03-09 15:25:53 
TT 672 216.7  20.2 216.7  20.2 6.94E-06 009.3 139.2 -06.0 0.071651 0.085140 0.029742 hargrave 2021-03-10 14:38:08 
TT 672 223.4  21.1 223.4  21.1 7.04E-06 001.9 145.3 -07.6 0.015905 0.019973 0.009377 hargrave 2021-03-10 15:41:36 
TT 674 218.3  27.2 218.3  27.2 6.31E-06 007.0 143.2 -00.2 0.043037 0.059370 0.026703 hargrave 2021-03-11 14:13:41 
TT 676 218.2  27.4 218.2  27.4 5.06E-06 004.3 143.2 -00.0 0.018508 0.024071 0.025172 hargrave 2021-03-14 12:30:15 
TT 678 228.3  20.5 228.3  20.5 4.61E-06 006.3 149.5 -09.6 0.023573 0.038514 0.026194 hargrave 2021-03-14 17:16:16 
TT 680 195.7  06.9 195.7  06.9 4.05E-06 003.3 114.8 -08.2 0.020851 0.012965 0.002643 hargrave 2021-03-16 14:41:34 
TT 682 254.6  20.5 254.6  20.5 2.34E-06 002.1 174.2 -14.3 0.004505 0.008008 0.003619 hargrave 2021-03-19 12:41:31 
TT 684 172.2 -18.6 172.2 -18.6 1.70E-06 001.5 080.4 -16.0 0.002697 0.003561 0.002885 hargrave 2021-03-22 13:29:37 
TT 686 216.1 -39.6 216.1 -39.6 2.73E-06 002.9 098.8 -56.9 0.013382 0.003682 0.001384 hargrave 2021-03-23 12:47:44 
