SC1- 6a mag compass orientation (IGRF corrected)
   25.9  23.6  20.0   0.0   0.0   1.0
NRM    196.3  19.1 196.3  19.1 3.48E-05 001.4 256.5  15.4 0.062665 0.063891 0.053722 hargrave 2021-02-21 13:21:04 
TT 100 196.6  12.9 196.6  12.9 3.23E-05 001.3 259.0  09.7 0.053246 0.060270 0.049500 hargrave 2021-02-22 14:12:09 
TT 200 197.4  03.8 197.4  03.8 2.88E-05 001.7 262.9  01.4 0.068807 0.053515 0.054695 hargrave 2021-02-23 08:59:30 
TT 300 204.7 -01.1 204.7 -01.1 2.71E-05 004.3 271.4 -00.7 0.197642 0.172906 0.057790 hargrave 2021-02-23 13:40:31 
TT 400 209.0 -02.5 209.0 -02.5 2.47E-05 005.4 275.9 -00.5 0.229999 0.058592 0.039118 hargrave 2021-02-24 10:22:10 
TT 450 218.6 -05.7 218.6 -05.7 2.51E-05 002.8 286.0 -00.3 0.107278 0.065825 0.053568 hargrave 2021-02-24 15:20:13 
TT 500 219.6 -04.2 219.6 -04.2 2.51E-05 004.5 286.5  01.5 0.189503 0.063368 0.056288 hargrave 2021-02-25 11:58:33 
TT 525 221.5 -04.8 221.5 -04.8 2.49E-05 002.4 288.5  01.5 0.091136 0.076114 0.050746 hargrave 2021-02-25 17:10:30 
TT 550 224.2 -05.0 224.2 -05.0 2.57E-05 004.3 291.1  02.1 0.168755 0.095471 0.053225 hargrave 2021-02-26 10:14:30 
TT 560 222.7 -05.3 222.7 -05.3 2.47E-05 001.3 289.7  01.4 0.021346 0.047809 0.045680 hargrave 2021-02-26 15:26:50 
TT 570 224.1 -06.1 224.1 -06.1 2.49E-05 005.3 291.3  01.1 0.206042 0.109506 0.047717 hargrave 2021-02-27 10:47:14 
TT 580 222.9 -04.4 222.9 -04.4 2.37E-05 003.1 289.7  02.3 0.119842 0.062392 0.031755 hargrave 2021-02-28 11:29:42 
TT 590 225.0 -05.7 225.0 -05.7 2.41E-05 003.1 292.1  01.8 0.119645 0.066646 0.028247 hargrave 2021-03-01 10:08:58 
TT 600 231.6 -04.8 231.6 -04.8 2.27E-05 002.4 298.0  04.6 0.078335 0.081775 0.033212 hargrave 2021-03-01 15:09:09 
TT 610 236.5  02.4 236.5  02.4 2.04E-05 002.7 300.6  13.0 0.071900 0.065116 0.025609 hargrave 2021-03-02 10:42:00 
TT 620 236.2  02.6 236.2  02.6 1.80E-05 003.5 300.2  13.1 0.092290 0.060917 0.020797 hargrave 2021-03-02 16:45:17 
TT 630 232.9  01.9 232.9  01.9 1.72E-05 001.4 297.2  11.4 0.019209 0.044747 0.017662 hargrave 2021-03-03 10:18:36 
TT 640 236.8  06.2 236.8  06.2 1.44E-05 001.8 299.7  16.8 0.021938 0.048920 0.016804 hargrave 2021-03-03 15:39:15 
TT 650 245.0 -05.4 245.0 -05.4 1.79E-05 001.3 311.1  07.9 0.048205 0.042310 0.018888 hargrave 2021-03-04 13:08:38 
TT 660 234.0  03.1 234.0  03.1 1.09E-05 001.7 297.9  12.9 0.035795 0.036476 0.012594 hargrave 2021-03-05 11:19:57 
TT 664 235.1 -02.4 235.1 -02.4 1.54E-05 004.3 300.7  08.0 0.110381 0.060524 0.014474 hargrave 2021-03-08 13:22:50 
TT 667 238.9 -02.3 238.9 -02.3 1.28E-05 001.6 304.3  09.2 0.035181 0.043745 0.013598 hargrave 2021-03-09 10:07:56 
TT 670 223.8  01.9 223.8  01.9 1.33E-05 001.3 288.4  08.6 0.030670 0.042975 0.011076 hargrave 2021-03-09 15:06:42 
TT 672 219.5 -15.7 219.5 -15.7 1.04E-05 002.1 290.1 -09.5 0.038030 0.038068 0.010687 hargrave 2021-03-10 14:17:17 
TT 674 254.0 -00.6 254.0 -00.6 1.08E-05 002.6 318.8  14.6 0.049111 0.042774 0.018826 hargrave 2021-03-11 13:54:24 
TT 676 222.7  15.8 222.7  15.8 9.77E-06 002.0 282.6  21.3 0.033062 0.035252 0.006705 hargrave 2021-03-14 12:10:50 
TT 678 257.8  03.9 257.8  03.9 7.00E-06 003.2 321.7  19.9 0.032454 0.038076 0.006257 hargrave 2021-03-14 16:57:35 
TT 680 206.1 -00.0 206.1 -00.0 6.04E-06 003.1 272.4  00.8 0.032551 0.046220 0.004878 hargrave 2021-03-16 14:22:31 
TT 682 246.4  04.5 246.4  04.5 1.06E-05 002.2 309.8  17.8 0.035293 0.032505 0.012624 hargrave 2021-03-19 12:25:53 
TT 684 231.0 -05.3 231.0 -05.3 5.62E-06 002.6 297.6  04.0 0.022935 0.016744 0.005671 hargrave 2021-03-22 13:13:34 
TT 686 219.4 -26.8 219.4 -26.8 1.92E-06 004.7 294.0 -19.9 0.013848 0.006719 0.003435 hargrave 2021-03-23 12:27:52 
