SC1- 9a mag compass orientation (IGRF corrected)
  26.13 314.6  22.0   0.0   0.0   1.0
NRM    195.8 -21.8 195.8 -21.8 9.87E-05 000.9 333.4 -02.3 0.053560 0.057875 0.139652 hargrave 2021-02-21 13:25:24 
TT 100 192.2 -24.1 192.2 -24.1 9.74E-05 001.5 330.6 -05.2 0.102908 0.174668 0.164787 hargrave 2021-02-22 14:16:30 
TT 200 193.5 -26.8 193.5 -26.8 9.73E-05 003.6 332.3 -07.6 0.284127 0.533873 0.143603 hargrave 2021-02-23 09:03:52 
TT 300 192.4 -28.6 192.4 -28.6 9.74E-05 001.1 331.7 -09.5 0.089269 0.100089 0.161547 hargrave 2021-02-23 13:44:00 
TT 400 194.1 -30.2 194.1 -30.2 9.76E-05 001.5 333.5 -10.8 0.072690 0.229548 0.161637 hargrave 2021-02-24 10:25:40 
TT 450 194.8 -30.7 194.8 -30.7 9.69E-05 002.1 334.2 -11.1 0.187283 0.272250 0.156031 hargrave 2021-02-24 15:23:46 
TT 500 193.9 -30.6 193.9 -30.6 9.58E-05 005.7 333.4 -11.3 0.443146 0.849787 0.159979 hargrave 2021-02-25 12:02:06 
TT 525 194.3 -30.8 194.3 -30.8 9.37E-05 003.1 333.8 -11.3 0.252621 0.420934 0.155737 hargrave 2021-02-25 17:14:05 
TT 550 194.0 -31.6 194.0 -31.6 9.27E-05 001.9 333.7 -12.2 0.114873 0.250622 0.158977 hargrave 2021-02-26 10:18:50 
TT 560 190.8 -30.5 190.8 -30.5 9.00E-05 002.6 330.7 -11.7 0.198100 0.335666 0.146767 hargrave 2021-02-26 15:31:12 
TT 570 195.2 -31.2 195.2 -31.2 8.83E-05 002.4 334.6 -11.6 0.168184 0.301219 0.143786 hargrave 2021-02-27 10:51:34 
TT 580 195.1 -32.1 195.1 -32.1 8.65E-05 003.3 334.7 -12.5 0.240412 0.425649 0.134148 hargrave 2021-02-28 11:34:02 
TT 590 195.0 -32.9 195.0 -32.9 8.46E-05 001.2 334.8 -13.3 0.071707 0.084592 0.148077 hargrave 2021-03-01 10:13:17 
TT 600 192.8 -32.4 192.8 -32.4 7.60E-05 003.1 332.8 -13.2 0.167875 0.361780 0.125651 hargrave 2021-03-01 15:13:32 
TT 610 191.4 -32.6 191.4 -32.6 7.01E-05 002.3 331.7 -13.6 0.150414 0.222606 0.110942 hargrave 2021-03-02 10:45:30 
TT 620 191.5 -34.6 191.5 -34.6 6.31E-05 002.3 332.2 -15.6 0.103574 0.225177 0.094795 hargrave 2021-03-02 16:48:55 
TT 630 197.3 -34.4 197.3 -34.4 5.88E-05 003.3 337.0 -14.4 0.056158 0.351568 0.089984 hargrave 2021-03-03 10:22:54 
TT 640 201.3 -36.3 201.3 -36.3 5.74E-05 001.1 340.7 -15.7 0.029648 0.056787 0.097456 hargrave 2021-03-03 15:43:36 
TT 650 196.5 -33.9 196.5 -33.9 5.31E-05 001.9 336.2 -14.0 0.088042 0.147418 0.075028 hargrave 2021-03-04 13:12:57 
TT 660 198.7 -33.2 198.7 -33.2 4.48E-05 001.1 338.0 -13.1 0.048545 0.048604 0.067651 hargrave 2021-03-05 11:24:19 
TT 664 202.7 -36.1 202.7 -36.1 4.54E-05 001.5 341.8 -15.4 0.066257 0.091814 0.066596 hargrave 2021-03-08 13:27:09 
TT 667 215.7 -34.1 215.7 -34.1 3.73E-05 001.8 352.5 -12.3 0.045844 0.101190 0.058336 hargrave 2021-03-09 10:12:16 
TT 670 201.2 -32.7 201.2 -32.7 3.22E-05 001.3 340.0 -12.2 0.043886 0.062343 0.032727 hargrave 2021-03-09 15:11:05 
TT 672 206.2 -30.6 206.2 -30.6 2.89E-05 003.5 344.0 -09.5 0.062078 0.164593 0.032695 hargrave 2021-03-10 14:21:42 
TT 674 214.0 -33.4 214.0 -33.4 1.81E-05 001.5 351.0 -11.7 0.032648 0.040821 0.022704 hargrave 2021-03-11 13:58:49 
TT 676 208.1 -36.8 208.1 -36.8 1.52E-05 002.8 346.3 -15.5 0.028590 0.070958 0.018427 hargrave 2021-03-14 12:15:09 
TT 678 210.4 -68.0 210.4 -68.0 8.09E-06 001.6 352.4 -46.4 0.014570 0.018739 0.006884 hargrave 2021-03-14 17:01:55 
TT 680 273.7 -33.0 273.7 -33.0 7.87E-06 002.1 041.6 -17.5 0.019828 0.023371 0.005975 hargrave 2021-03-16 14:27:15 
TT 682 287.3 -19.4 287.3 -19.4 8.44E-06 001.7 057.9 -08.4 0.021287 0.017201 0.007233 hargrave 2021-03-19 12:29:45 
TT 684 011.1 -32.7 011.1 -32.7 4.87E-06 003.2 134.0 -49.8 0.016001 0.021122 0.008483 hargrave 2021-03-22 13:17:34 
TT 686 280.9 -07.5 280.9 -07.5 3.90E-06 001.8 055.9  04.8 0.010009 0.006389 0.007418 hargrave 2021-03-23 12:32:35 
