SC1- 5a mag compass orientation (IGRF corrected)
   5.57  20.6  33.0   0.0   0.0   1.0
NRM    251.1  24.1 251.1  24.1 1.29E-04 000.6 302.4  46.5 0.078377 0.085902 0.069032 hargrave 2021-02-21 13:19:40 
TT 100 248.7  23.4 248.7  23.4 1.26E-04 002.2 300.2  44.8 0.412235 0.247745 0.042667 hargrave 2021-02-22 14:10:45 
TT 200 252.4  16.8 252.4  16.8 1.25E-04 000.7 308.6  40.7 0.099522 0.093773 0.102575 hargrave 2021-02-23 08:58:06 
TT 300 252.2  12.7 252.2  12.7 1.29E-04 001.0 310.8  36.9 0.158514 0.157613 0.110134 hargrave 2021-02-23 13:39:25 
TT 400 256.4  08.1 256.4  08.1 1.31E-04 002.3 317.6  34.4 0.288397 0.441003 0.129640 hargrave 2021-02-24 10:21:03 
TT 450 254.8  06.9 254.8  06.9 1.32E-04 003.5 316.4  32.6 0.453620 0.662386 0.130321 hargrave 2021-02-24 15:19:07 
TT 500 256.6  03.9 256.6  03.9 1.31E-04 002.7 319.6  30.5 0.471331 0.387593 0.129790 hargrave 2021-02-25 11:57:26 
TT 525 255.4  03.4 255.4  03.4 1.29E-04 001.5 318.5  29.6 0.224626 0.227934 0.145623 hargrave 2021-02-25 17:09:16 
TT 550 255.9  02.8 255.9  02.8 1.28E-04 001.1 319.3  29.2 0.177647 0.116292 0.138232 hargrave 2021-02-26 10:13:07 
TT 560 259.3  01.6 259.3  01.6 1.26E-04 003.3 323.4  29.3 0.503419 0.483840 0.174318 hargrave 2021-02-26 15:25:24 
TT 570 258.7  01.9 258.7  01.9 1.26E-04 001.7 322.8  29.3 0.270524 0.203268 0.167457 hargrave 2021-02-27 10:45:50 
TT 580 259.6  01.9 259.6  01.9 1.23E-04 001.1 323.7  29.6 0.043889 0.195089 0.146293 hargrave 2021-02-28 11:28:17 
TT 590 259.5  01.1 259.5  01.1 1.23E-04 001.6 323.9  28.9 0.263564 0.199624 0.118946 hargrave 2021-03-01 10:07:35 
TT 600 258.2  01.4 258.2  01.4 1.21E-04 001.5 322.4  28.7 0.254213 0.172488 0.099803 hargrave 2021-03-01 15:07:44 
TT 610 256.3  00.9 256.3  00.9 1.12E-04 000.8 320.6  27.6 0.094453 0.097571 0.092394 hargrave 2021-03-02 10:40:54 
TT 620 259.1 -02.0 259.1 -02.0 1.08E-04 000.8 324.5  25.8 0.109569 0.066730 0.101437 hargrave 2021-03-02 16:44:10 
TT 630 258.7 -01.6 258.7 -01.6 1.03E-04 002.2 324.0  26.1 0.274695 0.288222 0.070945 hargrave 2021-03-03 10:17:12 
TT 640 260.6 -01.5 260.6 -01.5 9.74E-05 000.9 326.0  26.8 0.121162 0.074267 0.094295 hargrave 2021-03-03 15:37:52 
TT 650 258.8 -01.6 258.8 -01.6 9.16E-05 002.2 324.1  26.1 0.239386 0.244768 0.080720 hargrave 2021-03-04 13:07:15 
TT 660 261.7  00.9 261.7  00.9 8.27E-05 001.5 326.3  29.4 0.182725 0.113753 0.077441 hargrave 2021-03-05 11:18:33 
TT 664 258.5 -00.9 258.5 -00.9 8.14E-05 000.9 323.5  26.7 0.081933 0.069276 0.082884 hargrave 2021-03-08 13:21:26 
TT 667 263.8 -02.3 263.8 -02.3 7.32E-05 002.7 329.6  26.9 0.140235 0.306296 0.079645 hargrave 2021-03-09 10:06:33 
TT 670 258.7 -02.0 258.7 -02.0 6.60E-05 004.3 324.1  25.7 0.298360 0.401410 0.041744 hargrave 2021-03-09 15:05:21 
TT 672 258.3 -01.5 258.3 -01.5 5.67E-05 002.4 323.5  26.0 0.137474 0.202817 0.034749 hargrave 2021-03-10 14:15:56 
TT 674 262.3 -03.4 262.3 -03.4 5.51E-05 001.6 328.4  25.4 0.077821 0.139019 0.029462 hargrave 2021-03-11 13:53:02 
TT 676 258.5 -06.3 258.5 -06.3 4.94E-05 002.3 325.4  21.5 0.126466 0.153527 0.024037 hargrave 2021-03-14 12:09:26 
TT 678 264.8 -01.1 264.8 -01.1 4.32E-05 003.3 330.4  28.3 0.135835 0.216525 0.028534 hargrave 2021-03-14 16:56:11 
TT 680 258.4 -02.8 258.4 -02.8 3.20E-05 003.3 324.1  24.8 0.102896 0.160834 0.016365 hargrave 2021-03-16 14:21:02 
TT 682 257.5 -07.5 257.5 -07.5 2.16E-05 003.0 324.9  20.0 0.074672 0.088243 0.014282 hargrave 2021-03-19 12:24:37 
TT 684 242.3  01.6 242.3  01.6 1.21E-05 002.4 306.0  22.7 0.041658 0.034483 0.005971 hargrave 2021-03-22 13:12:18 
TT 686 288.2 -05.9 288.2 -05.9 1.11E-05 001.4 357.4  27.0 0.023566 0.021999 0.008647 hargrave 2021-03-23 12:26:22 
