AF1- 22a mag compass orientation (IGRF corrected)
      0 267.6   0.0   0.0   0.0   1.0
NRM    077.6  25.6 077.6  25.6 2.08E-04 003.8 260.0  25.6 1.329193 0.340787 0.255678 hargrave 2021-02-19 19:07:10 
TT 100 079.2  23.2 079.2  23.2 1.82E-04 000.4 261.6  23.2 0.056923 0.072519 0.102482 hargrave 2021-06-11 17:17:05 
TT 200 078.2  22.3 078.2  22.3 1.80E-04 000.7 260.6  22.3 0.190499 0.073729 0.112072 hargrave 2021-06-12 13:10:58 
TT 300 078.2  22.3 078.2  22.3 1.75E-04 006.2 260.6  22.3 1.867395 0.368106 0.093035 hargrave 2021-06-14 13:06:26 
TT 400 079.6  21.2 079.6  21.2 1.70E-04 002.8 262.0  21.2 0.818898 0.129454 0.106958 hargrave 2021-06-16 09:41:00 
TT 450 075.0  21.3 075.0  21.3 1.63E-04 001.2 257.4  21.3 0.296542 0.118544 0.123752 hargrave 2021-06-22 11:40:15 
TT 500 072.4  21.2 072.4  21.2 1.56E-04 003.6 254.8  21.2 0.909903 0.338389 0.136831 hargrave 2021-06-22 18:07:40 
TT 525 074.5  20.8 074.5  20.8 1.52E-04 000.7 256.9  20.8 0.151022 0.146047 0.085228 hargrave 2021-06-23 14:02:17 
TT 550 078.2  20.7 078.2  20.7 1.46E-04 006.1 260.6  20.7 1.548283 0.241062 0.072752 hargrave 2021-06-24 09:55:55 
TT 560 074.5  20.4 074.5  20.4 1.44E-04 001.1 256.9  20.4 0.227692 0.134427 0.094677 hargrave 2021-06-24 15:42:42 
TT 570 072.8  20.3 072.8  20.3 1.41E-04 001.7 255.2  20.3 0.392379 0.123725 0.091073 hargrave 2021-06-25 10:58:08 
TT 580 076.4  20.3 076.4  20.3 1.37E-04 004.3 258.8  20.3 1.018825 0.177489 0.092933 hargrave 2021-06-25 15:38:50 
TT 590 074.1  20.0 074.1  20.0 1.33E-04 000.9 256.5  20.0 0.166219 0.039864 0.107145 hargrave 2021-06-26 10:27:22 
TT 600 075.6  19.1 075.6  19.1 1.30E-04 000.8 258.0  19.1 0.147845 0.064239 0.088500 hargrave 2021-06-26 15:15:44 
TT 610 079.0  18.8 079.0  18.8 1.23E-04 004.2 261.4  18.8 0.886314 0.168819 0.091461 hargrave 2021-06-27 12:03:26 
TT 620 075.9  18.2 075.9  18.2 1.16E-04 005.8 258.3  18.2 1.157730 0.170371 0.068518 hargrave 2021-06-27 16:20:46 
TT 630 076.4  17.7 076.4  17.7 1.08E-04 005.4 258.8  17.7 1.004977 0.183688 0.072108 hargrave 2021-06-28 14:30:52 
TT 640 075.1  18.5 075.1  18.5 1.03E-04 002.1 257.5  18.5 0.367442 0.045261 0.093274 hargrave 2021-06-29 09:32:55 
TT 650 077.3  16.2 077.3  16.2 8.76E-05 003.3 259.7  16.2 0.498488 0.074880 0.080898 hargrave 2021-06-29 14:58:13 
TT 660 078.7  15.9 078.7  15.9 7.98E-05 001.4 261.1  15.9 0.176794 0.044063 0.072868 hargrave 2021-06-30 12:49:31 
TT 664 077.9  12.6 077.9  12.6 6.34E-05 005.9 260.3  12.6 0.644573 0.089279 0.065785 hargrave 2021-07-01 09:25:27 
TT 666 074.0  15.3 074.0  15.3 5.62E-05 002.3 256.4  15.3 0.218692 0.058486 0.040412 hargrave 2021-07-01 14:39:54 
TT 668 081.4  15.2 081.4  15.2 5.21E-05 000.8 263.8  15.2 0.060801 0.041656 0.030454 hargrave 2021-07-02 09:47:20 
TT 670 073.6  13.7 073.6  13.7 3.89E-05 003.6 256.0  13.7 0.237056 0.044947 0.051145 hargrave 2021-07-02 14:55:54 
TT 672 062.4  19.7 062.4  19.7 3.56E-05 001.0 244.8  19.7 0.059482 0.063287 0.049319 hargrave 2021-07-03 11:17:17 
TT 674 066.0  19.4 066.0  19.4 2.87E-05 003.1 248.4  19.4 0.130539 0.104243 0.042926 hargrave 2021-07-03 16:00:04 
TT 675 075.2  13.1 075.2  13.1 2.74E-05 002.0 257.6  13.1 0.077267 0.032397 0.052052 hargrave 2021-07-04 15:23:54 
TT 677 073.1  19.0 073.1  19.0 2.91E-05 004.7 255.5  19.0 0.168599 0.419342 0.016627 hargrave 2021-07-05 11:20:29 
TT 680 083.5  12.6 083.5  12.6 2.95E-05 001.9 265.9  12.6 0.094520 0.039366 0.020510 hargrave 2021-07-05 17:13:43 
TT 683 088.9  21.5 088.9  21.5 1.08E-05 004.1 271.3  21.5 0.074637 0.022903 0.018094 hargrave 2021-07-06 12:33:21 
TT 686 011.4 -00.2 011.4 -00.2 1.16E-05 004.8 193.8 -00.2 0.028504 0.093890 0.022530 hargrave 2021-07-06 17:36:00 
