AF1- 12a mag compass orientation (IGRF corrected)
   1.46 327.5  79.0 242.0   1.0   1.0
NRM    080.3 059.4 078.7 059.7 8.24E-10 079.0 191.9 -17.2 0.000400 0.000409 0.000625 hargrave 2021-02-19 18:53:11 
NRM    285.9 -13.2 285.8 -13.9 1.78E-04 002.4 064.5 036.2 0.621026 0.078201 0.425987 hargrave 2021-02-20 10:13:19 
TT 100 286.6 -08.8 286.5 -09.5 1.53E-04 002.0 069.9 037.3 0.511396 0.100028 0.094808 hargrave 2021-06-11 17:03:47 
TT 200 287.2 -05.3 287.2 -06.0 1.55E-04 001.2 074.3 037.9 0.279607 0.101746 0.153618 hargrave 2021-06-12 12:57:33 
TT 300 286.2 -10.4 286.0 -11.1 1.57E-04 000.9 067.8 037.1 0.178874 0.175690 0.090573 hargrave 2021-06-14 12:54:47 
TT 400 285.4 -09.2 285.2 -09.8 1.59E-04 002.2 068.9 038.3 0.580545 0.088066 0.139206 hargrave 2021-06-16 09:26:55 
TT 450 285.3 -09.7 285.2 -10.4 1.61E-04 001.0 068.2 038.1 0.156423 0.206965 0.154307 hargrave 2021-06-22 11:27:01 
TT 500 286.1 -08.1 286.0 -08.8 1.60E-04 001.4 070.5 038.0 0.302105 0.226902 0.130000 hargrave 2021-06-22 17:56:57 
TT 525 286.1 -09.2 286.0 -09.9 1.59E-04 000.6 069.2 037.6 0.128778 0.106979 0.089101 hargrave 2021-06-23 13:50:52 
TT 550 286.0 -08.5 285.9 -09.2 1.56E-04 001.3 070.0 038.0 0.305151 0.111713 0.155635 hargrave 2021-06-24 09:43:06 
TT 560 285.1 -09.5 285.0 -10.2 1.53E-04 001.5 068.4 038.4 0.373193 0.134293 0.093128 hargrave 2021-06-24 15:31:17 
TT 570 285.4 -08.4 285.3 -09.1 1.51E-04 001.9 069.8 038.5 0.409660 0.259743 0.086796 hargrave 2021-06-25 10:46:29 
TT 580 284.8 -07.5 284.7 -08.2 7.43E-05 066.9 070.6 039.4 2.038410 5.789971 5.042473 hargrave 2021-06-25 15:28:06 
TT 580 284.1 -09.4 283.9 -10.1 1.49E-04 001.3 068.0 039.4 0.331184 0.149147 0.080527 hargrave 2021-06-25 16:27:46 
TT 590 286.2 -07.6 286.1 -08.3 7.37E-05 068.2 071.1 038.1 2.011089 5.864172 4.859557 hargrave 2021-06-26 10:15:16 
TT 590 283.1 -13.8 282.9 -14.5 1.48E-04 000.9 062.3 038.4 0.211910 0.116205 0.079738 hargrave 2021-06-26 11:21:57 
TT 600 285.3 -09.1 285.2 -09.8 1.40E-04 001.4 068.9 038.4 0.315625 0.126881 0.073518 hargrave 2021-06-26 15:03:34 
TT 610 284.4 -12.3 284.3 -12.9 1.35E-04 000.9 064.8 037.9 0.144128 0.125745 0.086133 hargrave 2021-06-27 11:51:58 
TT 620 284.3 -11.2 284.1 -11.8 1.35E-04 002.6 066.0 038.5 0.562030 0.236338 0.073221 hargrave 2021-06-27 16:09:57 
TT 630 284.1 -12.2 284.0 -12.9 1.35E-04 001.8 064.7 038.2 0.376056 0.183991 0.073034 hargrave 2021-06-28 14:17:33 
TT 640 284.5 -11.4 284.3 -12.1 1.32E-04 000.8 065.8 038.2 0.153380 0.118568 0.070278 hargrave 2021-06-29 09:18:01 
TT 650 286.0 -12.2 285.8 -12.8 1.22E-04 000.8 065.7 036.6 0.146515 0.060782 0.067027 hargrave 2021-06-29 14:42:58 
TT 660 285.6 -13.4 285.4 -14.1 8.91E-05 001.5 064.1 036.4 0.195601 0.113751 0.059447 hargrave 2021-06-30 12:36:21 
TT 664 287.9 -11.9 287.8 -12.6 7.70E-05 000.9 066.9 034.9 0.115454 0.025115 0.043727 hargrave 2021-07-01 09:10:38 
TT 666 288.6 -09.0 288.5 -09.7 7.37E-05 002.0 070.5 035.4 0.248173 0.078324 0.044249 hargrave 2021-07-01 14:26:43 
TT 668 288.2 -09.5 288.0 -10.3 3.11E-05 066.3 069.7 035.6 0.940045 2.534230 1.933969 hargrave 2021-07-02 09:30:09 
TT 668 287.0 -13.0 286.9 -13.7 6.25E-05 001.3 065.3 035.3 0.129590 0.077453 0.050241 hargrave 2021-07-02 10:41:53 
TT 670 289.0 -10.5 288.9 -11.2 5.16E-05 002.1 069.0 034.5 0.179540 0.078602 0.024807 hargrave 2021-07-02 14:43:35 
TT 672 294.6 -11.5 294.4 -12.3 3.82E-05 001.0 070.1 029.0 0.060052 0.047019 0.022998 hargrave 2021-07-03 11:06:28 
TT 674 294.0 -15.0 293.8 -15.8 3.39E-05 001.0 066.2 028.3 0.045849 0.076813 0.023601 hargrave 2021-07-03 15:49:27 
TT 675 294.6 -13.8 294.4 -14.6 2.95E-05 001.2 067.7 028.2 0.062815 0.032979 0.020874 hargrave 2021-07-04 15:09:49 
TT 677 291.3 -25.4 291.0 -26.1 2.38E-05 004.1 054.4 026.2 0.147279 0.086096 0.018773 hargrave 2021-07-05 11:07:16 
TT 680 302.1 -18.2 301.9 -19.0 1.58E-05 004.0 065.9 019.9 0.106923 0.036540 0.018825 hargrave 2021-07-05 16:59:28 
TT 683 281.4 002.1 281.4 001.5 4.06E-06 004.6 081.7 045.6 0.032867 0.006541 0.002980 hargrave 2021-07-06 12:20:06 
TT 686 277.5 039.0 278.1 038.4 3.86E-06 004.3 135.3 044.8 0.020246 0.021307 0.003204 hargrave 2021-07-06 17:21:56 
