AF1- 19a mag compass orientation (IGRF corrected)
      0 346.6  80.0   0.0   0.0   1.0
NRM    077.1  13.9 077.1  13.9 1.40E-04 076.0 181.1 -66.1 6.073179 0.135256 13.64482 hargrave 2021-02-19 19:03:51 
NRM    114.4  01.8 114.4  01.8 5.95E-09 052.1 254.6 -49.8 0.000564 0.000623 0.000162 hargrave 2021-02-20 10:21:12 
TT 100 072.7  12.0 072.7  12.0 2.78E-04 000.8 170.0 -67.6 0.134159 0.337175 0.117519 hargrave 2021-06-11 17:13:44 
TT 200 073.6  12.0 073.6  12.0 2.75E-04 001.4 172.2 -67.8 0.323862 0.555066 0.127597 hargrave 2021-06-12 13:07:37 
TT 300 077.3  12.8 077.3  12.8 1.36E-04 062.8 181.7 -67.2 5.618153 0.225769 13.36572 hargrave 2021-06-14 13:03:40 
TT 300 075.2  12.8 075.2  12.8 2.71E-04 000.5 176.5 -67.1 0.164368 0.135944 0.079881 hargrave 2021-06-14 14:11:01 
TT 400 076.9  13.1 076.9  13.1 1.31E-04 014.6 180.8 -66.9 5.500867 0.113848 12.88145 hargrave 2021-06-16 09:37:41 
TT 400 076.9  13.6 076.9  13.6 2.62E-04 000.7 180.7 -66.4 0.214784 0.224382 0.127159 hargrave 2021-06-16 11:01:48 
