AF1- 16a mag compass orientation (IGRF corrected)
      0 356.6  75.0   0.0   0.0   1.0
NRM    276.6  25.6 276.6  25.6 1.68E-04 068.6 139.9  75.9 3.365287 2.829554 17.46300 hargrave 2021-02-19 18:59:36 
NRM    275.3  28.1 275.3  28.1 3.34E-04 001.9 149.8  74.7 0.758708 0.825541 0.190574 hargrave 2021-02-20 10:18:15 
TT 100 276.9  27.7 276.9  27.7 1.62E-04 085.2 144.7  74.1 3.891375 2.751307 16.67847 hargrave 2021-06-11 17:09:27 
TT 100 277.3  28.0 277.3  28.0 3.24E-04 000.8 144.3  73.7 0.199815 0.433299 0.049560 hargrave 2021-06-11 18:34:07 
TT 200 277.0  26.3 277.0  26.3 3.16E-04 003.1 141.0  75.1 1.480788 0.885833 0.216782 hargrave 2021-06-12 13:03:16 
TT 300 276.6  28.4 276.6  28.4 3.06E-04 001.4 146.9  73.7 0.430016 0.612639 0.098573 hargrave 2021-06-14 13:00:09 
TT 400 276.6  27.3 276.6  27.3 2.91E-04 001.5 144.5  74.6 0.687122 0.198314 0.195777 hargrave 2021-06-16 09:32:32 
TT 450 278.5  28.3 278.5  28.3 1.40E-04 073.1 142.3  72.8 3.515278 2.721498 14.33039 hargrave 2021-06-22 11:32:38 
TT 450 073.4  73.2 073.4  73.2 6.46E-05 076.0 176.2 -01.3 0.156183 6.061190 28.58236 hargrave 2021-06-22 12:46:08 
TT 450 279.4  25.0 279.4  25.0 2.81E-04 000.8 131.8  74.3 0.215740 0.325789 0.079249 hargrave 2021-06-22 12:56:34 
TT 500 278.3  26.8 278.3  26.8 2.65E-04 001.2 139.0  73.9 0.238828 0.488375 0.050088 hargrave 2021-06-22 18:01:34 
TT 525 277.0  27.9 277.0  27.9 2.56E-04 001.0 144.9  73.9 0.276360 0.348114 0.053478 hargrave 2021-06-23 13:55:25 
TT 550 277.8  26.1 277.8  26.1 1.24E-04 010.6 138.6  74.7 2.624945 2.315170 12.79968 hargrave 2021-06-24 09:49:44 
TT 550 278.0  26.4 278.0  26.4 2.48E-04 001.2 138.7  74.4 0.356592 0.385741 0.065047 hargrave 2021-06-24 10:48:58 
TT 560 276.5  27.7 276.5  27.7 2.43E-04 001.2 145.8  74.3 0.496451 0.173993 0.066809 hargrave 2021-06-24 15:35:52 
TT 570 276.0  27.9 276.0  27.9 2.38E-04 001.1 147.4  74.5 0.444446 0.147600 0.059703 hargrave 2021-06-25 10:51:15 
TT 580 277.5  25.8 277.5  25.8 2.33E-04 002.2 138.4  75.2 0.842299 0.317100 0.068606 hargrave 2021-06-25 15:32:38 
TT 590 275.7  27.8 275.7  27.8 2.28E-04 001.4 147.9  74.6 0.500563 0.251316 0.041453 hargrave 2021-06-26 10:20:28 
TT 600 276.5  26.3 276.5  26.3 1.12E-04 052.5 142.5  75.4 2.392091 1.839620 11.56271 hargrave 2021-06-26 15:09:26 
TT 600 275.3  28.1 275.3  28.1 2.24E-04 001.3 149.9  74.7 0.368574 0.329107 0.047383 hargrave 2021-06-26 16:00:37 
TT 610 276.1  28.8 276.1  28.8 2.20E-04 002.0 149.1  73.7 0.616170 0.448242 0.067676 hargrave 2021-06-27 11:56:33 
