AF1- 17a mag compass orientation (IGRF corrected)
      0 323.6  57.0   0.0   0.0   1.0
NRM    264.4  54.3 264.4  54.3 5.56E-05 017.5 143.7  59.7 2.423455 1.778869 5.132264 hargrave 2021-02-19 19:00:58 
NRM    269.3  60.2 269.3  60.2 5.62E-05 071.7 150.2  54.2 3.049919 1.745854 4.872282 hargrave 2021-02-20 10:20:01 
TT 100 282.4  65.3 282.4  65.3 9.24E-05 001.6 152.8  46.5 0.225492 0.140549 0.070077 hargrave 2021-06-11 17:10:50 
TT 200 283.2  67.4 283.2  67.4 8.92E-05 001.7 155.4  45.4 0.200264 0.123808 0.141014 hargrave 2021-06-12 13:04:40 
TT 300 277.3  68.7 277.3  68.7 8.51E-05 002.5 158.5  46.7 0.117571 0.347546 0.044001 hargrave 2021-06-14 13:01:16 
TT 400 277.1  67.1 277.1  67.1 7.72E-05 000.8 156.6  47.6 0.060272 0.098870 0.042507 hargrave 2021-06-16 09:33:58 
TT 450 279.0  66.8 279.0  66.8 7.39E-05 002.3 155.7  47.1 0.224098 0.178327 0.095200 hargrave 2021-06-22 11:34:01 
TT 500 277.4  68.8 277.4  68.8 6.93E-05 001.0 158.7  46.6 0.107540 0.113104 0.045486 hargrave 2021-06-22 18:02:40 
TT 525 271.2  69.0 271.2  69.0 6.61E-05 001.5 160.9  48.3 0.119861 0.122746 0.050026 hargrave 2021-06-23 13:57:13 
TT 550 272.4  68.1 272.4  68.1 6.44E-05 001.1 159.4  48.5 0.041777 0.119706 0.025372 hargrave 2021-06-24 09:50:50 
TT 560 271.6  68.7 271.6  68.7 6.31E-05 002.0 160.3  48.4 0.048678 0.209430 0.048473 hargrave 2021-06-24 15:37:40 
TT 570 268.9  69.5 268.9  69.5 6.19E-05 002.9 162.2  48.6 0.068413 0.304671 0.033431 hargrave 2021-06-25 10:53:05 
TT 580 285.3  60.5 285.3  60.5 6.08E-05 006.3 145.5  46.9 0.288137 0.609708 0.048108 hargrave 2021-06-25 15:33:44 
TT 590 268.5  69.8 268.5  69.8 5.98E-05 001.1 162.6  48.5 0.033954 0.104775 0.030571 hargrave 2021-06-26 10:22:16 
TT 600 269.2  70.1 269.2  70.1 5.81E-05 001.0 162.7  48.1 0.048392 0.089745 0.044799 hargrave 2021-06-26 15:10:39 
TT 610 274.2  68.2 274.2  68.2 5.71E-05 002.4 158.8  47.9 0.137829 0.180097 0.080136 hargrave 2021-06-27 11:58:23 
