AF1- 20a mag compass orientation (IGRF corrected)
      0 331.6  73.0   0.0   0.0   1.0
NRM    076.0  14.3 076.0  14.3 3.11E-04 001.8 205.2 -55.7 0.845048 0.122381 0.466750 hargrave 2021-02-19 19:05:23 
TT 100 070.5  15.4 070.5  15.4 3.11E-04 001.5 195.6 -56.4 0.202422 0.808498 0.130417 hargrave 2021-06-11 17:15:16 
TT 200 073.9  13.9 073.9  13.9 3.09E-04 000.6 202.2 -56.8 0.099304 0.292310 0.149558 hargrave 2021-06-12 13:09:10 
TT 300 074.0  14.1 074.0  14.1 1.53E-04 064.0 202.3 -56.6 8.339090 3.413325 13.67661 hargrave 2021-06-14 13:04:55 
TT 300 077.5  12.2 077.5  12.2 3.07E-04 001.1 209.3 -56.9 0.246859 0.545090 0.120124 hargrave 2021-06-14 14:12:16 
TT 400 075.3  12.8 075.3  12.8 2.90E-04 001.4 205.3 -57.2 0.230855 0.650576 0.090392 hargrave 2021-06-16 09:39:14 
TT 450 074.5  12.6 074.5  12.6 2.80E-04 001.6 204.2 -57.8 0.327153 0.623600 0.357269 hargrave 2021-06-22 11:38:28 
TT 500 074.1  12.4 074.1  12.4 2.66E-04 003.4 203.6 -58.1 0.750080 1.397671 0.124798 hargrave 2021-06-22 18:06:11 
TT 525 073.4  13.0 073.4  13.0 2.58E-04 001.4 202.0 -57.8 0.269549 0.521683 0.265063 hargrave 2021-06-23 14:00:47 
TT 550 072.7  11.9 072.7  11.9 2.51E-04 001.4 201.6 -59.1 0.215911 0.563161 0.096642 hargrave 2021-06-24 09:54:26 
TT 560 074.1  11.9 074.1  11.9 2.47E-04 000.9 204.0 -58.6 0.326986 0.164337 0.159253 hargrave 2021-06-24 15:41:13 
TT 570 073.9  11.4 073.9  11.4 2.41E-04 002.7 204.0 -59.1 0.394005 1.063260 0.078491 hargrave 2021-06-25 10:56:38 
TT 580 073.0  12.3 073.0  12.3 2.36E-04 002.2 201.7 -58.6 0.398147 0.759654 0.315453 hargrave 2021-06-25 15:37:20 
TT 590 073.5  12.6 073.5  12.6 2.32E-04 002.1 202.5 -58.2 0.602925 0.521068 0.362722 hargrave 2021-06-26 10:25:52 
TT 600 072.8  12.7 072.8  12.7 2.28E-04 003.2 201.1 -58.3 0.250979 1.263928 0.163004 hargrave 2021-06-26 15:14:14 
TT 610 072.7  12.3 072.7  12.3 2.25E-04 001.7 201.3 -58.7 0.306645 0.555190 0.271080 hargrave 2021-06-27 12:01:57 
