AF1- 25a mag compass orientation (IGRF corrected)
      0 319.6  68.0   0.0   0.0   1.0
NRM    237.3  22.5 237.3  22.5 1.09E-08 033.2 095.3  82.3 0.000310 0.000441 0.000746 hargrave 2021-02-19 19:14:30
TT 100 288.5  08.4 288.5  08.4 1.43E-05 034.0 086.2  31.9 0.087744 1.293599 0.804046 hargrave 2021-06-11 17:23:43 
TT 100 289.8  05.4 289.8  05.4 2.87E-05 003.5 083.5  29.6 0.145559 0.208364 0.043726 hargrave 2021-06-11 18:35:32
TT 200 288.1  06.5 288.1  06.5 1.46E-05 053.1 084.0  31.6 0.141540 1.331843 0.817306 hargrave 2021-06-12 13:16:52
TT 200 286.9  02.7 286.9  02.7 2.83E-05 001.6 079.4  31.2 0.075972 0.038062 0.022208 hargrave 2021-06-12 14:12:06
TT 300 284.7 -01.9 284.7 -01.9 3.08E-05 001.5 073.4  31.2 0.082143 0.102327 0.046139 hargrave 2021-06-14 13:12:40
TT 400 282.7 -01.3 282.7 -01.3 3.28E-05 001.5 072.9  33.2 0.068349 0.051575 0.055729 hargrave 2021-06-16 09:46:46
TT 450 280.5 -03.3 280.5 -03.3 3.50E-05 001.1 069.5  34.2 0.053651 0.042111 0.046528 hargrave 2021-06-22 11:46:03
TT 500 280.6 -02.0 280.6 -02.0 3.68E-05 001.4 071.0  34.7 0.084876 0.062180 0.024047 hargrave 2021-06-22 18:13:04
TT 525 275.8 -10.4 275.8 -10.4 3.72E-05 004.6 059.2  34.3 0.234056 0.208934 0.040129 hargrave 2021-06-23 14:07:43
TT 550 279.2 -05.6 279.2 -05.6 3.68E-05 000.9 066.3  34.1 0.054195 0.065754 0.054849 hargrave 2021-06-24 10:01:20
TT 560 279.2 -07.2 279.2 -07.2 3.69E-05 003.4 064.7  33.3 0.187464 0.116102 0.060491 hargrave 2021-06-24 15:48:03
TT 570 278.6 -05.0 278.6 -05.0 1.88E-05 037.1 066.6  35.0 0.654820 1.513489 1.152919 hargrave 2021-06-25 11:03:33
TT 570 278.9 -05.7 278.9 -05.7 3.68E-05 002.2 066.0  34.4 0.118479 0.118229 0.048472 hargrave 2021-06-25 11:53:32
TT 580 278.7 -06.9 278.7 -06.9 3.64E-05 000.9 064.7  33.9 0.062159 0.073046 0.046928 hargrave 2021-06-25 15:44:59
TT 590 278.9 -06.6 278.9 -06.6 3.64E-05 000.8 065.1  33.8 0.051023 0.075848 0.033116 hargrave 2021-06-26 10:33:34
TT 600 278.3 -06.2 278.3 -06.2 3.64E-05 002.8 065.1  34.6 0.180333 0.072040 0.026958 hargrave 2021-06-26 15:21:06
TT 610 279.4 -04.0 279.4 -04.0 3.67E-05 001.3 068.1  34.8 0.085525 0.056897 0.043884 hargrave 2021-06-27 12:09:34
TT 620 278.7 -07.2 278.7 -07.2 3.67E-05 000.8 064.4  33.7 0.049340 0.064379 0.051184 hargrave 2021-06-27 16:26:11
TT 630 277.3 -07.1 277.3 -07.1 3.54E-05 001.8 063.5  35.0 0.093799 0.064342 0.048989 hargrave 2021-06-28 14:36:40
TT 640 274.5 -09.3 274.5 -09.3 3.70E-05 001.2 059.5  36.0 0.061624 0.058491 0.041145 hargrave 2021-06-29 09:38:42
TT 650 275.2 -06.0 275.2 -06.0 3.68E-05 001.8 063.4  37.3 0.115848 0.050839 0.027481 hargrave 2021-06-29 15:04:02
TT 660 274.6 -05.7 274.6 -05.7 3.62E-05 002.0 063.2  37.9 0.103491 0.087589 0.036652 hargrave 2021-06-30 12:55:18
TT 664 271.9 -04.3 271.9 -04.3 3.07E-05 001.7 062.7  41.0 0.069387 0.074281 0.022675 hargrave 2021-07-01 09:31:13
TT 666 272.5 -05.2 272.5 -05.2 3.17E-05 001.9 062.2  40.0 0.094913 0.059506 0.026994 hargrave 2021-07-01 14:45:40
TT 668 271.3 -03.7 271.3 -03.7 3.01E-05 002.6 062.9  41.8 0.123425 0.068744 0.037574 hargrave 2021-07-02 09:53:05
TT 670 278.1 -02.7 278.1 -02.7 3.00E-05 001.9 068.7  36.6 0.061956 0.129919 0.054301 hargrave 2021-07-02 15:01:23
TT 672 276.9 -04.7 276.9 -04.7 2.29E-05 002.0 065.8  36.6 0.065743 0.043103 0.016123 hargrave 2021-07-03 11:22:03
TT 674 274.3 -06.7 274.3 -06.7 2.30E-05 002.8 061.9  37.6 0.096644 0.053885 0.032235 hargrave 2021-07-03 16:05:27
TT 675 271.2 -00.3 271.2 -00.3 1.72E-05 002.4 066.7  43.7 0.061163 0.028658 0.052492 hargrave 2021-07-04 15:29:41
TT 677 274.7 -08.5 274.7 -08.5 1.74E-05 001.2 060.4  36.3 0.031776 0.027447 0.009249 hargrave 2021-07-05 11:26:20
TT 680 273.1 -05.8 273.1 -05.8 1.57E-05 002.4 062.0  39.2 0.062174 0.032493 0.008172 hargrave 2021-07-05 17:19:39
TT 683 283.1 -18.8 283.1 -18.8 7.50E-06 001.7 056.2  23.7 0.013383 0.013942 0.015307 hargrave 2021-07-06 12:39:08
TT 686 284.4 -52.6 284.4 -52.6 2.83E-06 001.8 029.8  01.6 0.007471 0.004983 0.006775 hargrave 2021-07-06 17:41:48
