AF1- 14a mag compass orientation (IGRF corrected)
      0 330.6  82.0   0.0   0.0   1.0
NRM    278.7  46.5 278.7  46.5 2.39E-05 004.0 146.6  39.6 0.101088 0.138732 0.030338 hargrave 2021-02-19 18:56:05 
TT 100 301.7  20.2 301.7  20.2 2.27E-05 002.1 108.8  29.8 0.073371 0.054193 0.022255 hargrave 2021-06-11 17:06:43 
TT 200 299.0  12.3 299.0  12.3 2.54E-05 001.1 099.5  32.4 0.037656 0.065475 0.014763 hargrave 2021-06-12 13:00:30 
TT 300 297.0  05.2 297.0  05.2 2.99E-05 003.1 090.9  33.9 0.154396 0.126501 0.017321 hargrave 2021-06-14 12:57:10 
TT 400 292.6  01.0 292.6  01.0 3.47E-05 001.4 085.1  37.7 0.067665 0.070086 0.034449 hargrave 2021-06-16 09:29:50 
TT 450 290.5 -00.7 290.5 -00.7 3.61E-05 001.1 082.4  39.5 0.046404 0.074879 0.026964 hargrave 2021-06-22 11:29:56 
TT 500 289.5 -03.4 289.5 -03.4 3.87E-05 001.8 078.7  39.9 0.103061 0.102880 0.032778 hargrave 2021-06-22 17:59:18 
TT 525 289.1 -05.8 289.1 -05.8 3.93E-05 001.6 075.6  39.7 0.097119 0.086457 0.039834 hargrave 2021-06-23 13:53:12 
TT 550 288.7 -04.4 288.7 -04.4 4.02E-05 002.0 077.2  40.4 0.109791 0.093777 0.059737 hargrave 2021-06-24 09:45:29 
TT 560 288.1 -06.0 288.1 -06.0 4.00E-05 004.1 075.0  40.6 0.282711 0.088206 0.030926 hargrave 2021-06-24 15:33:36 
TT 570 288.7 -03.7 288.7 -03.7 3.97E-05 002.1 078.1  40.6 0.133765 0.086988 0.026742 hargrave 2021-06-25 10:48:51 
TT 580 281.3 -19.3 281.3 -19.3 3.91E-05 016.9 055.3  41.5 0.981377 0.672112 0.017517 hargrave 2021-06-25 15:30:25 
TT 580 289.4 -06.2 289.4 -06.2 4.00E-05 007.3 075.2  39.3 0.503783 0.113545 0.032293 hargrave 2021-06-25 16:28:57 
TT 590 289.5 -04.5 289.5 -04.5 3.98E-05 003.6 077.3  39.6 0.243574 0.096547 0.037896 hargrave 2021-06-26 10:17:35 
TT 600 288.4 -02.7 288.4 -02.7 3.94E-05 002.2 079.3  41.1 0.135328 0.090459 0.046981 hargrave 2021-06-26 15:05:54 
TT 610 286.7 -04.1 286.7 -04.1 3.88E-05 002.7 077.0  42.5 0.175376 0.101734 0.030236 hargrave 2021-06-27 11:54:20 
