AF1- 18a mag compass orientation (IGRF corrected)
      0 316.6  70.0   0.0   0.0   1.0
NRM    062.5  22.0 062.5  22.0 9.08E-05 002.1 201.1 -45.2 0.111873 0.277931 0.142740 hargrave 2021-02-19 19:02:23 
TT 100 070.9  21.4 070.9  21.4 8.26E-05 001.9 211.1 -42.3 0.164754 0.205057 0.094966 hargrave 2021-06-11 17:12:16 
TT 200 065.1  23.0 065.1  23.0 8.01E-05 002.1 203.7 -43.3 0.180643 0.180474 0.159643 hargrave 2021-06-12 13:06:07 
TT 300 062.1  25.3 062.1  25.3 7.73E-05 001.1 199.0 -42.3 0.082415 0.036658 0.125746 hargrave 2021-06-14 13:02:29 
TT 400 066.2  24.1 066.2  24.1 7.07E-05 005.5 204.3 -42.0 0.203948 0.640536 0.140513 hargrave 2021-06-16 09:36:13 
TT 450 060.7  27.2 060.7  27.2 6.74E-05 001.5 196.7 -40.9 0.070480 0.064009 0.162609 hargrave 2021-06-22 11:35:26 
TT 500 059.0  29.9 059.0  29.9 6.27E-05 001.7 193.8 -38.7 0.117829 0.119879 0.133490 hargrave 2021-06-22 18:03:47 
TT 525 060.1  28.8 060.1  28.8 5.83E-05 007.5 195.3 -39.5 0.263608 0.720529 0.086434 hargrave 2021-06-23 13:58:21 
TT 550 054.3  28.3 054.3  28.3 5.68E-05 004.5 189.0 -41.2 0.133311 0.434822 0.043926 hargrave 2021-06-24 09:52:01 
TT 560 056.9  27.2 056.9  27.2 5.53E-05 004.2 192.3 -41.7 0.106191 0.395795 0.028249 hargrave 2021-06-24 15:38:48 
TT 570 055.0  27.5 055.0  27.5 5.34E-05 003.4 190.0 -41.8 0.026355 0.307099 0.066294 hargrave 2021-06-25 10:54:13 
TT 580 045.8  28.7 045.8  28.7 5.09E-05 002.8 179.0 -41.3 0.054860 0.243594 0.027024 hargrave 2021-06-25 15:34:52 
TT 590 042.6  30.2 042.6  30.2 4.87E-05 004.1 175.5 -39.6 0.021739 0.350117 0.057058 hargrave 2021-06-26 10:23:24 
TT 600 035.4  32.9 035.4  32.9 4.48E-05 002.1 168.3 -36.1 0.043434 0.136597 0.087890 hargrave 2021-06-26 15:11:46 
TT 610 035.1  36.4 035.1  36.4 4.26E-05 005.0 169.1 -32.5 0.057539 0.363266 0.049650 hargrave 2021-06-27 11:59:31 
TT 620 036.3  37.5 036.3  37.5 4.21E-05 001.3 170.4 -31.7 0.050997 0.083453 0.025200 hargrave 2021-06-27 16:16:51 
TT 630 037.3  32.4 037.3  32.4 4.05E-05 005.8 170.1 -36.8 0.089183 0.399797 0.057401 hargrave 2021-06-28 14:26:03 
TT 640 033.1  30.8 033.1  30.8 3.62E-05 002.9 165.3 -37.6 0.033824 0.179183 0.055783 hargrave 2021-06-29 09:28:07 
TT 650 037.3  27.6 037.3  27.6 3.47E-05 005.8 169.0 -41.5 0.069652 0.341367 0.087200 hargrave 2021-06-29 14:53:24 
TT 660 034.9  41.1 034.9  41.1 2.86E-05 008.1 170.0 -27.9 0.092978 0.394212 0.047668 hargrave 2021-06-30 12:44:45 
TT 660 027.8  39.7 027.8  39.7 2.83E-05 003.9 163.7 -27.8 0.055390 0.183297 0.025801 hargrave 2021-06-30 13:39:43 
TT 664 014.6  44.7 014.6  44.7 2.45E-05 005.2 156.6 -19.0 0.096847 0.195424 0.051185 hargrave 2021-07-01 09:20:42 
TT 666 016.8  41.8 016.8  41.8 2.65E-05 002.1 156.4 -22.3 0.036220 0.089742 0.035595 hargrave 2021-07-01 14:35:07 
TT 668 033.7  48.7 033.7  48.7 2.77E-05 004.0 171.0 -20.3 0.025074 0.188762 0.040447 hargrave 2021-07-02 09:41:46 
TT 670 020.1  44.0 020.1  44.0 2.86E-05 004.6 159.8 -21.6 0.116568 0.204223 0.044562 hargrave 2021-07-02 14:51:57 
TT 672 031.4  30.2 031.4  30.2 2.65E-05 003.3 163.3 -37.7 0.130024 0.121503 0.026408 hargrave 2021-07-03 11:13:17 
TT 674 004.0  37.1 004.0  37.1 2.76E-05 005.4 144.9 -20.2 0.203237 0.176260 0.049344 hargrave 2021-07-03 15:56:11 
TT 675 000.6  40.4 000.6  40.4 2.40E-05 005.1 145.3 -16.0 0.146875 0.158400 0.040861 hargrave 2021-07-04 15:19:07 
TT 677 001.9  32.2 001.9  32.2 2.71E-05 004.8 139.9 -22.5 0.135885 0.186348 0.030827 hargrave 2021-07-05 11:15:42 
TT 680 020.2  28.1 020.2  28.1 1.98E-05 002.0 151.1 -35.6 0.035958 0.064769 0.023863 hargrave 2021-07-05 17:08:50 
TT 683 357.2  60.4 357.2  60.4 1.88E-05 004.2 158.0 -00.3 0.066513 0.125958 0.029188 hargrave 2021-07-06 12:28:34 
TT 686 333.5  34.1 333.5  34.1 1.70E-05 002.4 127.6 -02.0 0.067074 0.038925 0.026727 hargrave 2021-07-06 17:31:11 
