AF1- 24a mag compass orientation (IGRF corrected)
      0 299.6  51.0   0.0   0.0   1.0
NRM    076.2  26.2 076.2  26.2 2.76E-04 000.7 221.7 -11.6 0.226993 0.220913 0.164895 hargrave 2021-02-19 19:12:16 
TT 100 065.6  22.1 065.6  22.1 1.39E-04 001.8 215.5 -20.2 0.277584 0.293072 0.219645 hargrave 2021-06-11 17:22:16 
TT 200 071.5  20.1 071.5  20.1 1.53E-04 002.6 221.6 -19.1 0.419653 0.533565 0.210458 hargrave 2021-06-12 13:15:22 
TT 300 072.6  21.4 072.6  21.4 1.66E-04 003.5 221.7 -17.4 0.652631 0.738569 0.240204 hargrave 2021-06-14 13:11:27 
TT 400 072.4  21.0 072.4  21.0 1.65E-04 004.1 221.8 -17.9 0.804103 0.825370 0.262271 hargrave 2021-06-16 09:45:19 
TT 450 070.4  22.8 070.4  22.8 1.60E-04 001.4 219.1 -17.4 0.229019 0.238754 0.240543 hargrave 2021-06-22 11:44:35 
TT 500 071.4  20.8 071.4  20.8 1.50E-04 002.1 221.1 -18.6 0.299806 0.440263 0.169455 hargrave 2021-06-22 18:11:55 
TT 525 070.4  21.1 070.4  21.1 1.43E-04 002.2 220.1 -18.8 0.207220 0.435435 0.265990 hargrave 2021-06-23 14:06:34 
TT 550 071.1  20.5 071.1  20.5 1.39E-04 001.0 221.0 -19.0 0.148405 0.062569 0.190101 hargrave 2021-06-24 10:00:10 
TT 560 071.3  19.9 071.3  19.9 1.36E-04 001.4 221.5 -19.4 0.216416 0.179925 0.236110 hargrave 2021-06-24 15:46:54 
TT 570 070.7  21.2 070.7  21.2 1.35E-04 001.1 220.3 -18.6 0.189661 0.150030 0.125434 hargrave 2021-06-25 11:02:20 
TT 580 071.4  21.2 071.4  21.2 1.30E-04 001.4 220.9 -18.2 0.244258 0.195384 0.149697 hargrave 2021-06-25 15:43:46 
TT 590 075.0  18.6 075.0  18.6 1.28E-04 003.2 225.4 -18.5 0.491593 0.547899 0.107076 hargrave 2021-06-26 10:32:24 
TT 600 072.2  21.2 072.2  21.2 9.01E-05 006.2 221.5 -17.8 1.905168 2.800925 1.183436 hargrave 2021-06-26 15:19:57 
TT 610 071.5  20.5 071.5  20.5 1.20E-04 001.4 221.4 -18.8 0.227553 0.184185 0.151397 hargrave 2021-06-27 12:08:25 
TT 620 071.1  20.3 071.1  20.3 1.19E-04 002.9 221.1 -19.1 0.415116 0.385958 0.252915 hargrave 2021-06-27 16:24:58 
TT 630 071.4  19.0 071.4  19.0 1.11E-04 002.3 222.2 -20.0 0.289265 0.329750 0.131070 hargrave 2021-06-28 14:35:13 
TT 640 068.0  19.6 068.0  19.6 1.05E-04 003.2 218.9 -21.2 0.334215 0.458347 0.166718 hargrave 2021-06-29 09:37:16 
TT 650 070.5  17.8 070.5  17.8 9.88E-05 001.8 222.1 -21.5 0.161439 0.213510 0.173714 hargrave 2021-06-29 15:02:34 
TT 660 069.3  18.1 069.3  18.1 9.26E-05 001.3 220.8 -21.9 0.141793 0.121265 0.121239 hargrave 2021-06-30 12:53:51 
TT 664 070.2  17.4 070.2  17.4 8.02E-05 001.9 222.0 -22.0 0.132061 0.198519 0.142965 hargrave 2021-07-01 09:29:46 
TT 666 066.3  19.8 066.3  19.8 7.70E-05 002.5 217.3 -21.9 0.179251 0.261191 0.145788 hargrave 2021-07-01 14:44:13 
TT 668 065.9  19.1 065.9  19.1 7.74E-05 001.9 217.3 -22.7 0.124605 0.207000 0.124816 hargrave 2021-07-02 09:51:38 
TT 670 068.1  18.8 068.1  18.8 6.68E-05 001.3 219.5 -21.9 0.110941 0.108942 0.098966 hargrave 2021-07-02 15:00:09 
TT 672 069.2  20.1 069.2  20.1 4.21E-05 002.6 219.6 -20.2 0.079113 0.168747 0.093452 hargrave 2021-07-03 11:20:53 
TT 674 062.5  17.8 062.5  17.8 3.28E-05 004.4 215.0 -25.4 0.168908 0.195603 0.041288 hargrave 2021-07-03 16:04:18 
TT 675 073.4  18.8 073.4  18.8 2.36E-05 002.2 223.9 -19.2 0.069897 0.068695 0.019320 hargrave 2021-07-04 15:28:14 
TT 677 070.3  18.1 070.3  18.1 2.21E-05 004.2 221.8 -21.3 0.107410 0.124478 0.016351 hargrave 2021-07-05 11:24:53 
TT 680 069.1  20.4 069.1  20.4 2.47E-05 002.0 219.4 -20.1 0.069021 0.065988 0.013487 hargrave 2021-07-05 17:18:08 
TT 683 066.2  20.4 066.2  20.4 1.05E-05 002.3 216.9 -21.4 0.031117 0.033375 0.008054 hargrave 2021-07-06 12:37:41 
TT 686 073.1  22.3 073.1  22.3 6.41E-06 001.9 221.6 -16.4 0.016407 0.015851 0.006498 hargrave 2021-07-06 17:40:21 
