AF1- 23a mag compass orientation (IGRF corrected)
   6.56 295.5  55.0 242.0   1.0   1.0
NRM    071.4 024.4 071.0 024.5 1.65E-04 063.0 223.0 -16.4 12.41537 11.56622 4.990417 hargrave 2021-02-19 19:10:46 
NRM    076.7 019.9 076.3 020.2 1.65E-04 059.2 229.9 -16.7 10.90499 12.96714 5.101381 hargrave 2021-02-20 10:23:27 
TT 100 075.3 017.2 075.0 017.4 1.93E-04 002.1 230.8 -19.6 0.571258 0.571079 0.201479 hargrave 2021-06-11 17:20:44 
TT 200 073.0 017.8 072.7 018.0 1.87E-04 002.1 228.6 -20.6 0.496271 0.653203 0.166814 hargrave 2021-06-12 13:13:50 
TT 300 074.2 016.8 073.9 017.0 1.85E-04 001.8 230.2 -20.6 0.423577 0.380968 0.204912 hargrave 2021-06-14 13:10:10 
TT 400 075.6 013.7 075.4 013.9 1.77E-04 001.4 233.5 -22.0 0.309014 0.278969 0.143744 hargrave 2021-06-16 09:43:49 
TT 450 071.1 017.3 070.8 017.5 1.70E-04 002.9 227.4 -22.1 0.601169 0.614144 0.119982 hargrave 2021-06-22 11:43:05 
TT 500 071.9 016.3 071.6 016.5 1.62E-04 003.7 228.7 -22.4 0.734874 0.770690 0.125406 hargrave 2021-06-22 18:10:43 
TT 525 071.6 016.3 071.3 016.5 1.55E-04 001.2 228.5 -22.6 0.287713 0.177877 0.107648 hargrave 2021-06-23 14:05:18 
TT 550 068.7 018.5 068.4 018.6 1.52E-04 000.9 224.7 -22.6 0.118951 0.212791 0.107220 hargrave 2021-06-24 09:58:58 
TT 560 070.3 017.6 070.0 017.7 1.49E-04 001.1 226.6 -22.4 0.231961 0.232410 0.108121 hargrave 2021-06-24 15:45:42 
TT 570 070.9 017.4 070.6 017.5 1.47E-04 000.6 227.2 -22.2 0.160470 0.110981 0.124168 hargrave 2021-06-25 11:01:07 
TT 580 070.1 017.6 069.8 017.7 1.43E-04 001.5 226.4 -22.5 0.317291 0.259980 0.094766 hargrave 2021-06-25 15:42:30 
TT 590 073.8 014.6 073.5 014.8 1.40E-04 000.6 231.4 -22.5 0.055404 0.119386 0.117657 hargrave 2021-06-26 10:31:08 
TT 600 068.4 017.8 068.1 017.9 1.37E-04 001.4 224.9 -23.3 0.246273 0.280245 0.092965 hargrave 2021-06-26 15:18:44 
TT 610 070.7 016.7 070.4 016.9 1.35E-04 000.7 227.5 -22.8 0.042882 0.167045 0.093654 hargrave 2021-06-27 12:07:12 
TT 620 071.0 015.6 070.7 015.8 1.31E-04 000.7 228.5 -23.5 0.052649 0.217305 0.088290 hargrave 2021-06-27 16:23:46 
TT 630 073.6 012.9 073.4 013.1 1.26E-04 003.8 232.5 -23.9 0.655958 0.527182 0.092901 hargrave 2021-06-28 14:33:42 
TT 640 070.0 015.5 069.7 015.6 1.22E-04 002.4 227.8 -24.2 0.344003 0.370334 0.085622 hargrave 2021-06-29 09:35:45 
TT 650 070.7 014.9 070.5 015.0 1.10E-04 003.8 228.8 -24.2 0.537971 0.504399 0.074607 hargrave 2021-06-29 15:01:04 
TT 660 071.1 013.8 070.8 014.0 1.06E-04 003.7 229.8 -24.8 0.501787 0.475740 0.077112 hargrave 2021-06-30 12:52:20 
TT 664 069.4 015.0 069.1 015.2 8.56E-05 000.8 227.6 -24.9 0.061592 0.114799 0.063005 hargrave 2021-07-01 09:28:16 
TT 666 072.4 014.5 072.1 014.7 7.39E-05 003.4 230.4 -23.5 0.313172 0.313066 0.054462 hargrave 2021-07-01 14:42:43 
TT 668 071.8 012.5 071.6 012.6 7.48E-05 001.8 231.4 -25.4 0.164346 0.181097 0.052448 hargrave 2021-07-02 09:50:08 
TT 670 068.3 013.2 068.1 013.3 6.81E-05 001.7 228.0 -27.0 0.116048 0.207155 0.048106 hargrave 2021-07-02 14:58:55 
TT 672 069.1 015.2 068.8 015.3 4.17E-05 001.2 227.2 -25.0 0.089671 0.115499 0.030527 hargrave 2021-07-03 11:19:40 
TT 674 072.3 006.9 072.2 007.1 2.17E-05 002.6 236.0 -29.2 0.071949 0.067993 0.014553 hargrave 2021-07-03 16:03:06 
TT 675 081.3 012.3 081.1 012.6 1.10E-05 003.9 238.8 -19.1 0.064218 0.042779 0.007643 hargrave 2021-07-04 15:26:44 
TT 677 072.7 015.8 072.4 016.0 1.07E-05 001.1 229.7 -22.3 0.019099 0.016464 0.012371 hargrave 2021-07-05 11:23:23 
TT 680 078.2 015.2 077.9 015.4 1.26E-05 001.9 234.4 -19.2 0.036951 0.024225 0.013236 hargrave 2021-07-05 17:16:36 
TT 683 061.0 025.5 060.5 025.5 2.63E-06 005.4 214.1 -20.8 0.015183 0.019235 0.005470 hargrave 2021-07-06 12:36:11 
TT 686 107.8 026.5 107.5 027.2 4.63E-06 002.7 243.9 009.1 0.019904 0.011553 0.004694 hargrave 2021-07-06 17:38:50 
