AF1- 7a mag compass orientation (IGRF corrected)
      0 334.6  73.0   0.0   0.0   1.0
NRM    283.0 -15.4 283.0 -15.4 3.22E-05 069.4 051.6  40.1 1.636827 2.064647 2.222627 hargrave 2021-02-20 10:10:55 
TT 100 282.0 -21.6 282.0 -21.6 6.10E-05 002.2 044.9  36.8 0.157686 0.146338 0.120116 hargrave 2021-06-11 16:54:04
TT 200 283.8 -20.6 283.8 -20.6 6.22E-05 001.1 047.2  36.3 0.095118 0.076574 0.066087 hargrave 2021-06-12 12:46:07
TT 300 284.1 -18.2 284.1 -18.2 3.27E-05 063.8 049.7  37.5 1.791956 2.112815 2.134866 hargrave 2021-06-14 12:45:53
TT 300 281.4 -21.3 281.4 -21.3 6.52E-05 003.0 044.7  37.4 0.269437 0.173842 0.140374 hargrave 2021-06-14 14:09:07
TT 400 283.2 -15.7 283.2 -15.7 3.47E-05 024.7 051.4  39.8 1.779632 2.224881 2.374030 hargrave 2021-06-16 09:17:18
TT 400 280.2 -21.6 280.2 -21.6 6.86E-05 001.9 043.3  38.0 0.148571 0.069855 0.168828 hargrave 2021-06-16 10:59:31
TT 450 281.6 -17.3 281.6 -17.3 3.54E-05 066.6 048.6  40.0 1.915846 2.173509 2.429679 hargrave 2021-06-22 11:14:54
TT 450 280.7 -20.6 280.7 -20.6 7.10E-05 004.0 044.7  38.4 0.384130 0.289569 0.116867 hargrave 2021-06-22 12:43:54
TT 500 281.0 -17.8 281.0 -17.8 3.62E-05 044.1 047.6  40.1 1.999199 2.190553 2.493261 hargrave 2021-06-22 17:49:06
TT 500 282.2 -15.9 282.2 -15.9 3.61E-05 064.7 050.4  40.4 1.873516 2.266281 2.507049 hargrave 2021-06-23 10:11:33
TT 500 279.5 -20.0 279.5 -20.0 7.19E-05 001.8 044.2  39.6 0.169201 0.083635 0.142563 hargrave 2021-06-23 10:21:05
TT 525 282.6 -16.9 282.6 -16.9 3.57E-05 053.2 049.8  39.5 1.901392 2.247623 2.430088 hargrave 2021-06-23 13:42:18
TT 525 279.3 -20.2 279.3 -20.2 7.10E-05 001.4 043.9  39.6 0.131936 0.090032 0.098657 hargrave 2021-06-23 14:51:04
TT 550 280.6 -20.4 280.6 -20.4 7.02E-05 004.7 044.8  38.6 0.374656 0.440577 0.030512 hargrave 2021-06-24 09:34:27
TT 560 280.8 -17.1 280.8 -17.1 3.52E-05 040.2 048.2  40.7 1.904677 2.127189 2.451234 hargrave 2021-06-24 15:23:17
TT 560 278.9 -19.2 278.9 -19.2 7.00E-05 002.1 044.5  40.5 0.186441 0.159957 0.080314 hargrave 2021-06-24 16:29:14
TT 570 279.1 -19.5 279.1 -19.5 6.92E-05 006.6 044.4  40.2 0.588812 0.548484 0.069762 hargrave 2021-06-25 10:37:58
TT 580 278.0 -20.8 278.0 -20.8 6.96E-05 005.9 042.2  40.0 0.510852 0.507427 0.073015 hargrave 2021-06-25 15:19:28
TT 590 281.0 -16.6 281.0 -16.6 6.87E-05 004.9 048.7  40.8 0.448485 0.378535 0.065585 hargrave 2021-06-26 10:06:42
TT 600 278.0 -20.2 278.0 -20.2 6.79E-05 002.2 042.8  40.4 0.204517 0.161872 0.081680 hargrave 2021-06-26 14:55:46
TT 610 277.1 -20.4 277.1 -20.4 6.68E-05 003.5 041.7  40.8 0.300543 0.276695 0.066205 hargrave 2021-06-27 11:44:06
TT 620 278.2 -19.7 278.2 -19.7 6.74E-05 005.4 043.4  40.7 0.452680 0.447681 0.064902 hargrave 2021-06-27 16:02:02
TT 630 275.3 -20.8 275.3 -20.8 6.64E-05 003.1 039.7  41.6 0.267833 0.227045 0.081374 hargrave 2021-06-28 14:07:01
TT 640 278.9 -16.9 278.9 -16.9 3.39E-05 068.2 046.7  42.2 1.844551 1.956688 2.435784 hargrave 2021-06-29 09:08:21
TT 640 275.0 -21.8 275.0 -21.8 6.78E-05 000.9 038.5  41.1 0.066626 0.064405 0.068864 hargrave 2021-06-29 10:28:43
TT 650 278.8 -16.4 278.8 -16.4 3.43E-05 051.6 047.0  42.6 1.839778 1.974813 2.481041 hargrave 2021-06-29 14:32:28
TT 650 276.9 -18.9 276.9 -18.9 6.85E-05 001.6 042.9  42.1 0.152523 0.093401 0.084179 hargrave 2021-06-29 15:56:59
TT 660 279.1 -17.9 279.1 -17.9 6.52E-05 001.4 045.9  41.3 0.118231 0.101494 0.048035 hargrave 2021-06-30 12:26:43
TT 664 276.8 -19.1 276.8 -19.1 5.89E-05 002.9 042.6  42.0 0.218795 0.203796 0.045976 hargrave 2021-07-01 09:01:01
TT 666 278.8 -19.2 278.8 -19.2 5.81E-05 003.0 044.4  40.6 0.237482 0.173473 0.077514 hargrave 2021-07-01 14:17:06
TT 668 275.2 -20.6 275.2 -20.6 5.60E-05 002.5 039.7  41.9 0.186768 0.150310 0.066973 hargrave 2021-07-02 09:19:43
TT 670 279.0 -21.7 279.0 -21.7 5.43E-05 003.2 042.3  38.7 0.223661 0.217978 0.058551 hargrave 2021-07-02 14:34:49
TT 672 278.3 -16.9 278.3 -16.9 4.71E-05 004.1 046.1  42.5 0.270604 0.196766 0.057764 hargrave 2021-07-03 10:57:51
TT 674 277.4 -17.2 277.4 -17.2 4.63E-05 002.0 045.0  42.9 0.135473 0.094376 0.052093 hargrave 2021-07-03 15:40:48
TT 675 277.6 -19.2 277.6 -19.2 3.73E-05 003.4 043.3  41.4 0.163627 0.147081 0.022657 hargrave 2021-07-04 15:00:09
TT 677 279.2 -21.2 279.2 -21.2 3.92E-05 002.9 042.9  38.9 0.140596 0.140094 0.046258 hargrave 2021-07-05 10:57:35
TT 680 279.2 -16.3 279.2 -16.3 2.90E-05 002.8 047.4  42.3 0.102475 0.102697 0.012847 hargrave 2021-07-05 16:50:32
TT 683 281.0 -16.5 281.0 -16.5 1.23E-05 002.9 048.8  40.9 0.041964 0.046056 0.007703 hargrave 2021-07-06 12:09:39
TT 686 275.0 -03.1 275.0 -03.1 4.09E-06 002.9 059.0  53.9 0.019107 0.009082 0.006115 hargrave 2021-07-06 17:11:27
