AF1- 11a mag compass orientation (IGRF corrected)
      0 329.6  69.0   0.0   0.0   1.0
NRM    278.8  00.3 278.8  00.3 1.30E-04 003.6 066.6  46.5 0.701466 0.416351 0.138292 hargrave 2021-02-19 18:49:37 
TT 100 279.7 -02.4 279.7 -02.4 1.31E-04 001.8 064.0  44.3 0.161721 0.310964 0.210775 hargrave 2021-06-11 17:00:11 
TT 200 279.2 -04.8 279.2 -04.8 1.34E-04 002.5 060.8  43.4 0.233512 0.454732 0.300493 hargrave 2021-06-12 12:53:07 
TT 300 278.4 -07.9 278.4 -07.9 1.38E-04 002.3 056.9  42.2 0.487771 0.111667 0.243196 hargrave 2021-06-14 12:50:58 
TT 400 279.2 -07.6 279.2 -07.6 1.44E-04 002.6 057.8  41.7 0.556979 0.201141 0.296452 hargrave 2021-06-16 09:23:21 
TT 450 279.1 -08.0 279.1 -08.0 1.45E-04 001.8 057.4  41.5 0.040667 0.333716 0.297116 hargrave 2021-06-22 11:22:37 
TT 500 279.4 -08.2 279.4 -08.2 1.46E-04 002.2 057.4  41.2 0.212406 0.453199 0.267197 hargrave 2021-06-22 17:54:01 
TT 525 282.0 -07.4 282.0 -07.4 7.26E-05 070.1 060.2  39.6 2.973211 5.184977 4.946359 hargrave 2021-06-23 13:47:14 
TT 525 280.1 -07.7 280.1 -07.7 1.45E-04 001.4 058.5  41.0 0.087560 0.251251 0.267328 hargrave 2021-06-23 14:54:11 
TT 550 279.4 -07.8 279.4 -07.8 1.44E-04 001.5 057.8  41.4 0.173123 0.225784 0.274485 hargrave 2021-06-24 09:40:07 
TT 560 280.0 -09.3 280.0 -09.3 7.14E-05 055.2 056.7  40.0 3.215546 4.885891 4.914365 hargrave 2021-06-24 15:28:17 
TT 560 278.9 -08.4 278.9 -08.4 1.42E-04 002.1 056.7  41.4 0.444388 0.147564 0.270310 hargrave 2021-06-24 16:30:31 
TT 570 278.2 -11.6 278.2 -11.6 6.98E-05 067.9 052.9  40.0 3.451213 4.561161 4.800703 hargrave 2021-06-25 10:43:33 
TT 570 279.7 -08.1 279.7 -08.1 1.41E-04 002.0 057.8  41.0 0.370378 0.132139 0.306948 hargrave 2021-06-25 11:52:18 
TT 580 255.3 -19.1 255.3 -19.1 1.23E-04 029.2 022.1  47.1 2.449959 6.440278 0.176804 hargrave 2021-06-25 15:25:10 
TT 580 278.8 -09.4 278.8 -09.4 1.39E-04 002.7 055.7  40.9 0.338478 0.499763 0.265701 hargrave 2021-06-25 16:26:31 
TT 590 283.3 -01.2 283.3 -01.2 1.36E-04 010.1 068.0  41.9 2.187753 1.000507 0.186626 hargrave 2021-06-26 10:11:39 
TT 590 279.8 -08.2 279.8 -08.2 1.38E-04 001.8 057.7  40.9 0.150874 0.324960 0.244168 hargrave 2021-06-26 11:20:43 
TT 600 280.2 -08.3 280.2 -08.3 1.34E-04 003.7 057.9  40.5 0.614922 0.585603 0.207501 hargrave 2021-06-26 15:00:39 
TT 610 277.4 -09.9 277.4 -09.9 1.29E-04 002.7 053.9  41.6 0.352712 0.453738 0.217357 hargrave 2021-06-27 11:49:00 
TT 620 278.1 -10.2 278.1 -10.2 1.29E-04 002.7 054.2  41.0 0.363454 0.436452 0.209844 hargrave 2021-06-27 16:07:01 
TT 630 277.2 -10.6 277.2 -10.6 1.27E-04 004.5 053.1  41.4 0.663035 0.724772 0.208720 hargrave 2021-06-28 14:13:56 
TT 640 280.1 -08.2 280.1 -08.2 1.26E-04 005.2 058.0  40.7 0.818597 0.749259 0.240870 hargrave 2021-06-29 09:14:26 
TT 650 278.4 -09.4 278.4 -09.4 1.16E-04 004.0 055.3  41.3 0.466210 0.611688 0.257128 hargrave 2021-06-29 14:38:34 
TT 660 278.7 -09.4 278.7 -09.4 8.70E-05 002.7 055.6  41.0 0.208394 0.314857 0.154664 hargrave 2021-06-30 12:32:47 
TT 664 276.6 -08.7 276.6 -08.7 7.78E-05 003.2 054.6  43.1 0.225489 0.350694 0.147978 hargrave 2021-07-01 09:07:05 
TT 666 273.5 -10.3 273.5 -10.3 7.37E-05 004.7 050.1  44.3 0.348232 0.473108 0.154187 hargrave 2021-07-01 14:23:10 
TT 668 276.9 -06.0 276.9 -06.0 6.30E-05 004.3 057.7  44.5 0.340294 0.305904 0.115485 hargrave 2021-07-02 09:26:36 
TT 670 277.2 -12.4 277.2 -12.4 5.38E-05 002.3 051.3  40.2 0.124861 0.165264 0.095441 hargrave 2021-07-02 14:39:50 
TT 672 273.8 -07.5 273.8 -07.5 3.81E-05 002.6 053.3  45.9 0.053076 0.166872 0.061752 hargrave 2021-07-03 11:03:32 
TT 674 275.0 -10.6 275.0 -10.6 3.06E-05 004.4 051.1  43.0 0.149017 0.180201 0.041971 hargrave 2021-07-03 15:46:29 
TT 675 273.1 -12.8 273.1 -12.8 2.67E-05 005.0 047.3  42.8 0.144624 0.184530 0.021385 hargrave 2021-07-04 15:06:13 
TT 677 282.8 -10.5 282.8 -10.5 2.21E-05 006.0 057.6  37.1 0.171227 0.154033 0.045624 hargrave 2021-07-05 11:03:41 
TT 680 263.8 -11.0 263.8 -11.0 8.45E-06 005.8 038.8  50.1 0.034464 0.080411 0.005539 hargrave 2021-07-05 16:56:40 
TT 683 303.9  42.0 303.9  42.0 3.82E-06 008.2 127.2  32.7 0.044971 0.029648 0.012674 hargrave 2021-07-06 12:15:43 
TT 686 283.0  77.4 283.0  77.4 1.81E-06 005.3 170.1  29.8 0.013477 0.013671 0.000944 hargrave 2021-07-06 17:17:32 
