AF1- 28a mag compass orientation (IGRF corrected)
      0 324.6  64.0   0.0   0.0   1.0
NRM    286.7 -10.4 286.7 -10.4 1.35E-04 002.1 061.1  27.7 0.423630 0.186570 0.157009 hargrave 2021-02-19 19:18:58 
TT 100 285.5 -13.5 285.5 -13.5 1.38E-04 001.6 057.6  26.7 0.145587 0.248701 0.265149 hargrave 2021-06-11 17:28:12 
TT 200 287.6 -11.5 287.6 -11.5 1.41E-04 001.5 060.8  26.2 0.283329 0.059289 0.253504 hargrave 2021-06-12 13:21:19 
TT 300 285.4 -15.5 285.4 -15.5 1.44E-04 000.9 055.8  25.4 0.141673 0.071747 0.187659 hargrave 2021-06-14 13:16:27 
TT 400 285.7 -14.5 285.7 -14.5 1.48E-04 001.5 056.8  25.9 0.178709 0.257408 0.242717 hargrave 2021-06-16 09:51:14 
TT 450 285.8 -14.3 285.8 -14.3 1.49E-04 001.6 057.1  25.9 0.211088 0.252456 0.252572 hargrave 2021-06-22 11:50:30 
TT 500 285.7 -14.1 285.7 -14.1 1.51E-04 002.1 057.2  26.1 0.458568 0.219746 0.264077 hargrave 2021-06-22 18:17:20 
TT 525 284.7 -15.3 284.7 -15.3 1.50E-04 001.5 055.5  26.2 0.212725 0.277839 0.228344 hargrave 2021-06-23 14:11:17 
TT 550 286.9 -11.9 286.9 -11.9 1.48E-04 002.0 060.0  26.6 0.296861 0.377794 0.258986 hargrave 2021-06-24 10:04:54 
TT 560 282.0 -17.2 282.0 -17.2 1.47E-04 001.2 052.0  26.8 0.160913 0.194377 0.232394 hargrave 2021-06-24 15:51:37 
TT 570 290.7 -04.6 290.7 -04.6 1.41E-04 014.3 069.1  27.7 3.389822 1.164481 0.198971 hargrave 2021-06-25 11:07:05 
TT 570 284.1 -14.6 284.1 -14.6 1.45E-04 001.2 055.7  27.0 0.235548 0.127562 0.229720 hargrave 2021-06-25 11:57:13 
TT 580 284.1 -14.4 284.1 -14.4 1.43E-04 002.3 055.9  27.2 0.463492 0.307710 0.232739 hargrave 2021-06-25 15:48:35 
TT 590 283.6 -15.1 283.6 -15.1 1.42E-04 001.4 054.9  27.1 0.294231 0.170846 0.243293 hargrave 2021-06-26 10:37:10 
TT 600 285.3 -12.8 285.3 -12.8 1.38E-04 002.3 058.1  27.3 0.418974 0.294851 0.226421 hargrave 2021-06-26 15:24:42 
TT 610 284.2 -13.7 284.2 -13.7 1.31E-04 003.6 056.6  27.6 0.585754 0.570296 0.214905 hargrave 2021-06-27 12:13:10 
