AF1- 2a mag compass orientation (IGRF corrected)
      0 340.6  78.0   0.0   0.0   1.0
NRM    258.2 -00.2 258.2 -00.2 1.26E-04 002.5 032.4  75.6 0.067898 0.557548 0.075010 hargrave 2021-02-20 10:06:54 
TT 100 261.9 -09.5 261.9 -09.5 8.21E-05 002.9 028.1  65.8 0.355376 0.193935 0.127722 hargrave 2021-06-11 16:46:41
TT 200 262.6 -12.5 262.6 -12.5 8.18E-05 003.3 026.4  62.7 0.397800 0.183143 0.175679 hargrave 2021-06-12 12:39:31
TT 300 264.2 -13.1 264.2 -13.1 7.99E-05 000.6 028.8  61.5 0.035659 0.079526 0.035448 hargrave 2021-06-14 12:38:21
TT 400 269.3 -13.3 269.3 -13.3 3.90E-05 072.3 036.9  58.6 1.739199 1.305153 3.564897 hargrave 2021-06-16 09:10:00
TT 400 268.2 -15.2 268.2 -15.2 7.84E-05 001.1 033.1  57.7 0.111300 0.092612 0.037405 hargrave 2021-06-16 10:54:22
TT 450 269.7 -18.7 269.7 -18.7 7.85E-05 001.6 031.8  54.0 0.077485 0.181163 0.095408 hargrave 2021-06-22 11:07:33
TT 500 270.5 -17.2 270.5 -17.2 8.25E-05 000.7 034.3  54.8 0.061325 0.099318 0.038312 hargrave 2021-06-22 17:42:27
TT 525 271.4 -18.0 271.4 -18.0 8.13E-05 002.8 034.7  53.7 0.277343 0.323440 0.077664 hargrave 2021-06-23 13:36:19
TT 550 272.3 -14.9 272.3 -14.9 4.10E-05 022.2 039.2  55.6 1.921382 1.567798 3.613887 hargrave 2021-06-24 09:29:10
TT 550 271.2 -15.3 271.2 -15.3 8.28E-05 001.4 037.2  55.9 0.178972 0.095101 0.062482 hargrave 2021-06-24 10:44:11
TT 560 273.6 -17.6 273.6 -17.6 8.03E-05 003.4 037.9  52.7 0.409128 0.207550 0.141532 hargrave 2021-06-24 15:16:44
TT 570 269.5 -17.1 269.5 -17.1 8.06E-05 001.6 033.1  55.4 0.148993 0.176238 0.039589 hargrave 2021-06-25 10:32:36
TT 580 271.7 -17.0 271.7 -17.0 7.94E-05 004.8 036.1  54.3 0.439535 0.503902 0.053526 hargrave 2021-06-25 15:14:08
TT 590 271.5 -18.1 271.5 -18.1 7.84E-05 003.7 034.9  53.5 0.374958 0.334190 0.071022 hargrave 2021-06-26 10:01:24
TT 600 271.3 -17.6 271.3 -17.6 7.81E-05 002.1 035.0  54.0 0.241151 0.163103 0.045622 hargrave 2021-06-26 14:51:10
TT 610 269.1 -19.2 269.1 -19.2 7.84E-05 003.7 030.6  53.9 0.358593 0.364390 0.062516 hargrave 2021-06-27 11:38:50
TT 620 269.3 -17.6 269.3 -17.6 8.07E-05 002.9 032.4  55.1 0.311634 0.272615 0.059417 hargrave 2021-06-27 15:57:27
TT 630 272.5 -16.9 272.5 -16.9 7.81E-05 001.3 037.3  53.9 0.132625 0.115260 0.070919 hargrave 2021-06-28 13:59:37
TT 640 273.7 -15.9 273.7 -15.9 7.76E-05 002.0 039.8  53.9 0.253077 0.123474 0.033804 hargrave 2021-06-29 09:00:11
TT 650 273.5 -16.1 273.5 -16.1 6.83E-05 001.3 039.3  53.9 0.153492 0.056536 0.031988 hargrave 2021-06-29 14:25:05
TT 660 273.5 -14.7 273.5 -14.7 6.53E-05 002.2 041.0  55.0 0.207143 0.136489 0.055926 hargrave 2021-06-30 12:20:12
TT 664 265.7 -12.4 265.7 -12.4 4.22E-05 001.8 032.1  61.3 0.129150 0.047059 0.019459 hargrave 2021-07-01 08:55:19
TT 666 273.8 -10.3 273.8 -10.3 4.36E-05 002.2 046.9  58.0 0.155677 0.058329 0.032684 hargrave 2021-07-01 14:11:24
TT 668 268.8 -11.3 268.8 -11.3 4.29E-05 001.0 038.5  60.5 0.056770 0.057279 0.027258 hargrave 2021-07-02 09:13:13
TT 670 268.7 -10.1 268.7 -10.1 3.68E-05 002.0 039.8  61.5 0.099380 0.079245 0.017929 hargrave 2021-07-02 14:30:08
TT 672 275.6 -00.8 275.6 -00.8 1.94E-05 003.2 064.4  62.1 0.083272 0.069647 0.012021 hargrave 2021-07-03 10:53:09
TT 674 266.0 -15.4 266.0 -15.4 1.10E-05 003.1 029.5  58.6 0.040490 0.044908 0.006265 hargrave 2021-07-03 15:36:14
TT 675 269.2 -05.2 269.2 -05.2 4.30E-06 004.4 048.1  64.7 0.028830 0.016938 0.003125 hargrave 2021-07-04 14:54:25
TT 677 296.2 -09.1 296.2 -09.1 6.50E-06 001.4 067.1  40.0 0.009009 0.013894 0.007414 hargrave 2021-07-05 10:51:52
TT 680 290.0  12.6 290.0  12.6 6.12E-06 001.9 095.3  51.5 0.007741 0.017132 0.009660 hargrave 2021-07-05 16:44:44
TT 683 274.2  22.0 274.2  22.0 5.02E-06 001.4 117.2  65.4 0.009870 0.007768 0.002987 hargrave 2021-07-06 12:03:54
TT 686 065.0  46.4 065.0  46.4 2.14E-06 004.3 175.5 -31.4 0.006067 0.014631 0.003943 hargrave 2021-07-06 17:04:55
