AF1- 13a mag compass orientation (IGRF corrected)
      0 314.6  79.0   0.0   0.0   1.0
NRM    299.2 -08.8 299.2 -08.8 3.82E-05 001.9 078.1  13.2 0.122462 0.035191 0.025206 hargrave 2021-02-19 18:54:40 
TT 100 298.2 -14.7 298.2 -14.7 3.74E-05 002.3 072.0  12.7 0.109204 0.073255 0.114112 hargrave 2021-06-11 17:05:16 
TT 200 296.6 -14.1 296.6 -14.1 3.91E-05 002.2 072.2  14.4 0.067045 0.074963 0.135671 hargrave 2021-06-12 12:59:03 
TT 300 291.3 -21.6 291.3 -21.6 4.24E-05 005.1 063.2  16.9 0.342676 0.126695 0.133062 hargrave 2021-06-14 12:56:01 
TT 400 292.2 -10.2 292.2 -10.2 4.49E-05 003.0 074.9  19.6 0.164272 0.120596 0.139225 hargrave 2021-06-16 09:28:24 
TT 450 289.0 -16.2 289.0 -16.2 4.56E-05 003.7 067.9  20.8 0.197647 0.165570 0.167880 hargrave 2021-06-22 11:28:29 
TT 500 288.2 -14.1 288.2 -14.1 4.56E-05 002.8 069.6  22.2 0.165876 0.125443 0.129082 hargrave 2021-06-22 17:58:08 
TT 525 286.4 -18.2 286.4 -18.2 4.56E-05 003.3 064.9  22.4 0.219063 0.068916 0.166189 hargrave 2021-06-23 13:52:04 
TT 550 287.5 -16.0 287.5 -16.0 4.52E-05 003.2 067.6  22.2 0.152802 0.140545 0.166065 hargrave 2021-06-24 09:44:18 
TT 560 287.4 -15.8 287.4 -15.8 4.56E-05 002.3 067.6  22.3 0.143869 0.085324 0.125043 hargrave 2021-06-24 15:32:28 
TT 570 285.7 -17.1 285.7 -17.1 4.48E-05 002.7 065.8  23.5 0.112440 0.133849 0.148668 hargrave 2021-06-25 10:47:43 
TT 580 286.1 -18.4 286.1 -18.4 4.57E-05 004.1 064.6  22.5 0.292705 0.136522 0.116613 hargrave 2021-06-25 15:29:17 
TT 590 286.4 -13.5 286.4 -13.5 4.55E-05 004.3 069.7  24.0 0.295331 0.162724 0.080680 hargrave 2021-06-26 10:16:26 
TT 600 286.4 -16.9 286.4 -16.9 4.54E-05 002.3 066.2  22.8 0.147734 0.091319 0.103091 hargrave 2021-06-26 15:04:45 
TT 610 285.1 -16.9 285.1 -16.9 4.58E-05 002.8 065.8  24.0 0.117336 0.158038 0.151503 hargrave 2021-06-27 11:53:12 
