AF1- 1a sun compass orientation
      0 338.7  70.0   0.0   0.0   1.0
NRM    308.6  42.4 308.6  42.4 1.12E-05 062.6 128.5  35.4 0.608386 0.765079 0.693616 hargrave 2021-02-19 18:35:26 
NRM    311.7  43.8 311.7  43.8 2.16E-05 003.8 129.9  33.0 0.082405 0.110058 0.041052 hargrave 2021-02-20 10:05:39 
TT 100 006.0  39.9 006.0  39.9 1.73E-05 007.6 136.7 -06.4 0.153577 0.166349 0.053331 hargrave 2021-06-11 16:45:07 
TT 200 007.0  30.9 007.0  30.9 1.33E-05 003.9 129.5 -11.9 0.067682 0.053128 0.039365 hargrave 2021-06-12 12:37:55 
TT 300 002.4  21.4 002.4  21.4 9.95E-06 004.0 118.9 -13.1 0.048376 0.051883 0.027393 hargrave 2021-06-14 12:37:04 
TT 400 330.3 -09.7 330.3 -09.7 1.00E-05 004.6 078.0  04.5 0.081076 0.014069 0.013883 hargrave 2021-06-16 09:06:51 
TT 450 312.8 -16.6 312.8 -16.6 1.34E-05 003.0 064.5  17.1 0.065021 0.030417 0.009307 hargrave 2021-06-22 11:06:00 
TT 500 302.8 -19.5 302.8 -19.5 1.68E-05 001.8 056.6  23.9 0.043869 0.031898 0.020723 hargrave 2021-06-22 17:41:11 
TT 525 302.5 -19.6 302.5 -19.6 1.80E-05 001.5 056.4  24.1 0.039062 0.026534 0.020451 hargrave 2021-06-23 13:35:03 
TT 550 301.0 -22.9 301.0 -22.9 1.94E-05 002.6 052.5  23.4 0.066735 0.054698 0.027137 hargrave 2021-06-24 09:27:54 
TT 560 301.2 -19.9 301.2 -19.9 2.02E-05 002.8 055.4  24.9 0.082618 0.056344 0.016914 hargrave 2021-06-24 15:15:28 
TT 570 297.0 -20.2 297.0 -20.2 2.00E-05 004.5 052.5  28.0 0.125484 0.096727 0.014239 hargrave 2021-06-25 10:31:20 
TT 580 294.8 -22.1 294.8 -22.1 1.99E-05 002.7 049.4  28.4 0.089461 0.042612 0.018716 hargrave 2021-06-25 15:12:51 
TT 590 295.2 -19.7 295.2 -19.7 2.12E-05 001.7 051.7  29.6 0.033828 0.037432 0.048629 hargrave 2021-06-26 10:00:07 
TT 600 294.7 -22.3 294.7 -22.3 2.23E-05 002.5 049.1  28.3 0.080349 0.057458 0.027768 hargrave 2021-06-26 14:49:54 
TT 610 290.0 -17.9 290.0 -17.9 2.21E-05 002.5 049.7  34.5 0.069972 0.062968 0.025386 hargrave 2021-06-27 11:37:34 
