AF1- 15a mag compass orientation (IGRF corrected)
      0 349.6  50.0   0.0   0.0   1.0
NRM    086.0  22.9 086.0  22.9 3.46E-04 000.8 186.6 -26.9 0.266957 0.362337 0.302385 hargrave 2021-02-20 10:14:35 
TT 100 083.0  21.4 083.0  21.4 2.56E-04 005.2 183.6 -28.5 0.107675 2.306874 0.196930 hargrave 2021-06-11 17:08:07
TT 200 084.9  21.0 084.9  21.0 2.54E-04 002.0 185.7 -28.8 0.069480 0.864457 0.209158 hargrave 2021-06-12 13:01:54
TT 300 084.0  21.3 084.0  21.3 2.49E-04 000.6 184.6 -28.6 0.077057 0.218934 0.135211 hargrave 2021-06-14 12:59:00
TT 400 085.6  20.4 085.6  20.4 2.38E-04 003.5 186.5 -29.3 0.137148 1.433864 0.123152 hargrave 2021-06-16 09:31:12
TT 450 082.9  20.5 082.9  20.5 2.32E-04 004.0 183.5 -29.4 0.150498 1.604199 0.154253 hargrave 2021-06-22 11:31:18
TT 500 085.9  20.1 085.9  20.1 2.23E-04 001.9 186.8 -29.6 0.059880 0.738941 0.150318 hargrave 2021-06-22 18:00:27
TT 525 077.6  20.4 077.6  20.4 2.13E-04 010.1 177.9 -29.6 0.062595 3.793079 0.200243 hargrave 2021-06-23 13:54:19
TT 525 085.0  20.5 085.0  20.5 2.16E-04 001.9 185.8 -29.3 0.182487 0.698777 0.151877 hargrave 2021-06-23 14:56:07
TT 550 080.9  20.5 080.9  20.5 2.10E-04 005.9 181.4 -29.5 0.102379 2.180247 0.107661 hargrave 2021-06-24 09:47:17
TT 560 081.5  20.4 081.5  20.4 2.06E-04 000.5 182.0 -29.6 0.084066 0.159039 0.107589 hargrave 2021-06-24 15:34:43
TT 570 081.8  20.6 081.8  20.6 2.03E-04 002.1 182.3 -29.4 0.056317 0.729171 0.107175 hargrave 2021-06-25 10:50:05
TT 580 088.7  19.8 088.7  19.8 9.96E-05 067.0 189.9 -29.6 9.126758 1.591115 5.253352 hargrave 2021-06-25 15:31:32
TT 580 084.2  20.0 084.2  20.0 1.99E-04 003.1 185.0 -29.8 0.067561 1.072763 0.119967 hargrave 2021-06-25 16:30:03
TT 590 085.9  20.1 085.9  20.1 1.95E-04 000.6 186.8 -29.7 0.056214 0.176866 0.118600 hargrave 2021-06-26 10:19:22
TT 600 085.6  19.7 085.6  19.7 1.91E-04 004.5 186.5 -30.1 0.171253 1.503391 0.099971 hargrave 2021-06-26 15:07:00
TT 610 082.3  20.5 082.3  20.5 1.84E-04 003.8 182.9 -29.5 0.122511 1.211688 0.128195 hargrave 2021-06-27 11:55:26
TT 620 082.4  20.5 082.4  20.5 1.79E-04 004.2 183.0 -29.5 0.068861 1.294369 0.095980 hargrave 2021-06-27 16:13:30
TT 630 084.2  20.1 084.2  20.1 1.75E-04 005.2 185.0 -29.8 0.185686 1.586517 0.095912 hargrave 2021-06-28 14:21:50
TT 640 082.7  20.7 082.7  20.7 1.72E-04 004.2 183.4 -29.2 0.081839 1.249454 0.113825 hargrave 2021-06-29 09:23:08
TT 650 084.8  19.7 084.8  19.7 1.61E-04 004.1 185.6 -30.1 0.133883 1.145695 0.095705 hargrave 2021-06-29 14:48:07
TT 660 080.8  20.1 080.8  20.1 1.35E-04 005.2 181.3 -29.9 0.069597 1.229585 0.094414 hargrave 2021-06-30 12:40:37
TT 664 081.8  19.9 081.8  19.9 1.20E-04 003.6 182.4 -30.1 0.038968 0.756421 0.123654 hargrave 2021-07-01 09:15:44
TT 666 083.8  19.9 083.8  19.9 1.18E-04 006.0 184.6 -30.0 0.143240 1.225469 0.060215 hargrave 2021-07-01 14:31:00
TT 668 080.2  20.2 080.2  20.2 1.14E-04 002.4 180.6 -29.8 0.040893 0.465592 0.083971 hargrave 2021-07-02 09:35:15
TT 670 083.8  19.9 083.8  19.9 1.06E-04 002.7 184.6 -29.9 0.078985 0.503797 0.071057 hargrave 2021-07-02 14:47:45
TT 672 080.4  20.8 080.4  20.8 8.82E-05 006.1 180.8 -29.2 0.022129 0.944640 0.073497 hargrave 2021-07-03 11:09:53
TT 674 085.1  19.8 085.1  19.8 8.36E-05 005.7 186.0 -30.0 0.117873 0.824899 0.069697 hargrave 2021-07-03 15:52:52
TT 675 082.8  21.3 082.8  21.3 7.47E-05 004.2 183.4 -28.6 0.056083 0.541078 0.047643 hargrave 2021-07-04 15:14:58
TT 677 083.5  20.8 083.5  20.8 6.88E-05 000.9 184.2 -29.1 0.043611 0.067996 0.077765 hargrave 2021-07-05 11:11:34
TT 680 083.3  20.5 083.3  20.5 5.65E-05 002.7 184.0 -29.4 0.070152 0.243611 0.088850 hargrave 2021-07-05 17:03:48
TT 683 082.4  16.5 082.4  16.5 2.39E-05 004.4 183.2 -33.4 0.034517 0.178968 0.040419 hargrave 2021-07-06 12:24:25
TT 686 089.9  25.2 089.9  25.2 1.03E-05 003.7 190.2 -24.1 0.026634 0.060825 0.017073 hargrave 2021-07-06 17:26:13
