AF1- 10a mag compass orientation (IGRF corrected)
   1.36 334.5  74.0 242.0   1.0   1.0
NRM    275.5 -09.5 275.4 -10.0 1.10E-04 003.0 052.4 050.1 0.476009 0.338093 0.043424 hargrave 2021-02-19 18:47:52 
TT 100 275.0 -10.4 274.8 -10.9 1.08E-04 003.2 050.8 049.9 0.481333 0.355058 0.044287 hargrave 2021-06-11 16:58:27 
TT 200 275.1 -10.6 274.9 -11.1 1.10E-04 000.6 050.7 049.7 0.089594 0.070956 0.049696 hargrave 2021-06-12 12:51:22 
TT 300 275.6 -11.1 275.4 -11.6 1.12E-04 003.1 050.6 049.0 0.496516 0.345178 0.067559 hargrave 2021-06-14 12:49:30 
TT 400 274.7 -11.5 274.6 -12.0 1.14E-04 002.2 049.3 049.4 0.318391 0.290990 0.057523 hargrave 2021-06-16 09:21:37 
TT 450 275.6 -10.8 275.4 -11.4 1.14E-04 000.3 050.9 049.2 0.073156 0.043268 0.043974 hargrave 2021-06-22 11:20:53 
TT 500 275.1 -13.3 274.9 -13.8 1.15E-04 000.9 047.7 047.9 0.167532 0.142136 0.048187 hargrave 2021-06-22 17:52:32 
TT 525 276.2 -12.0 276.0 -12.6 1.12E-04 003.7 050.1 048.0 0.576565 0.449204 0.060010 hargrave 2021-06-23 13:45:47 
TT 550 276.0 -11.9 275.8 -12.4 1.11E-04 001.2 050.1 048.2 0.185390 0.141421 0.056025 hargrave 2021-06-24 09:38:40 
TT 560 277.5 -09.8 277.3 -10.4 1.09E-04 001.4 053.9 048.4 0.210753 0.175942 0.044697 hargrave 2021-06-24 15:26:51 
TT 570 277.1 -10.4 277.0 -10.9 1.09E-04 006.0 052.9 048.3 0.876990 0.732739 0.105865 hargrave 2021-06-25 10:42:07 
TT 580 275.1 -12.5 274.9 -13.1 1.08E-04 001.1 048.5 048.4 0.196354 0.119917 0.056541 hargrave 2021-06-25 15:23:44 
TT 590 277.8 -09.8 277.7 -10.4 1.06E-04 003.0 054.2 048.1 0.430492 0.337737 0.102448 hargrave 2021-06-26 10:10:13 
TT 600 278.1 -09.4 277.9 -10.0 1.02E-04 001.1 054.9 048.2 0.179340 0.121596 0.050581 hargrave 2021-06-26 14:59:12 
TT 610 277.3 -10.7 277.1 -11.2 1.01E-04 000.9 052.7 048.0 0.154457 0.104657 0.072420 hargrave 2021-06-27 11:47:33 
TT 620 278.4 -10.6 278.2 -11.2 1.01E-04 001.6 053.7 047.2 0.250203 0.177509 0.068801 hargrave 2021-06-27 16:05:31 
TT 630 276.7 -11.7 276.5 -12.2 9.92E-05 000.9 051.0 047.8 0.124921 0.123462 0.044767 hargrave 2021-06-28 14:12:12 
TT 640 275.3 -12.5 275.1 -13.0 1.00E-04 000.6 048.7 048.3 0.095593 0.051604 0.040573 hargrave 2021-06-29 09:12:42 
TT 650 275.4 -12.4 275.2 -12.9 9.49E-05 001.2 048.9 048.3 0.136225 0.157238 0.035398 hargrave 2021-06-29 14:36:49 
TT 660 279.6 -09.4 279.4 -10.0 7.36E-05 002.8 056.2 047.0 0.292416 0.209853 0.046126 hargrave 2021-06-30 12:31:03 
TT 664 274.9 -11.3 274.7 -11.9 6.60E-05 001.0 049.6 049.4 0.104602 0.065362 0.026483 hargrave 2021-07-01 09:05:21 
TT 666 281.6 -04.5 281.5 -05.1 6.14E-05 007.0 063.9 048.0 0.675607 0.330647 0.038841 hargrave 2021-07-01 14:21:26 
TT 668 276.0 -11.7 275.8 -12.3 5.32E-05 000.7 050.2 048.3 0.048382 0.042213 0.036976 hargrave 2021-07-02 09:24:53 
TT 670 275.5 -11.8 275.3 -12.4 4.89E-05 001.5 049.6 048.6 0.115421 0.071087 0.026651 hargrave 2021-07-02 14:38:23 
TT 672 268.2 -15.9 268.0 -16.4 3.29E-05 001.1 037.4 050.4 0.050965 0.048932 0.039065 hargrave 2021-07-03 11:02:05 
TT 674 270.9 -10.6 270.7 -11.1 2.66E-05 002.5 046.1 052.7 0.073670 0.076144 0.074031 hargrave 2021-07-03 15:45:03 
TT 675 276.8 -12.3 276.6 -12.9 2.40E-05 003.0 050.4 047.3 0.099142 0.080970 0.013955 hargrave 2021-07-04 15:04:29 
TT 677 286.5 -18.3 286.2 -19.0 1.81E-05 001.3 052.0 036.3 0.036666 0.029099 0.018351 hargrave 2021-07-05 11:01:57 
TT 680 278.8 -13.9 278.6 -14.5 8.93E-06 002.2 050.5 044.8 0.029831 0.012673 0.012365 hargrave 2021-07-05 16:54:55 
TT 683 012.6 009.5 012.5 008.7 1.73E-06 001.9 112.8 -32.7 0.004814 0.003748 0.002887 hargrave 2021-07-06 12:13:59 
TT 686 013.2 062.2 011.9 061.4 3.64E-06 004.9 158.6 -02.1 0.015762 0.026551 0.009165 hargrave 2021-07-06 17:15:47 
