AF1- 27a mag compass orientation (IGRF corrected)
      0 326.6  74.0   0.0   0.0   1.0
NRM    276.2 -06.0 276.2 -06.0 1.65E-04 002.7 063.9  45.1 0.695884 0.359985 0.072694 hargrave 2021-02-19 19:17:28 
TT 100 276.3 -08.9 276.3 -08.9 1.63E-04 001.1 060.4  43.5 0.204830 0.229333 0.094904 hargrave 2021-06-11 17:26:42 
TT 200 278.3 -07.0 278.3 -07.0 1.64E-04 000.6 064.1  42.8 0.082654 0.128020 0.083645 hargrave 2021-06-12 13:19:48 
TT 300 277.7 -09.7 277.7 -09.7 1.65E-04 001.9 060.5  41.9 0.501618 0.192254 0.131589 hargrave 2021-06-14 13:15:07 
TT 400 278.0 -08.6 278.0 -08.6 1.68E-04 001.4 061.9  42.2 0.345109 0.228965 0.060661 hargrave 2021-06-16 09:49:43 
TT 450 275.8 -12.6 275.8 -12.6 1.70E-04 001.2 055.9  41.8 0.320525 0.083424 0.135500 hargrave 2021-06-22 11:49:00 
TT 500 275.7 -13.1 275.7 -13.1 1.72E-04 000.6 055.3  41.6 0.156766 0.129222 0.071169 hargrave 2021-06-22 18:16:04 
TT 525 277.4 -11.6 277.4 -11.6 1.70E-04 001.0 058.1  41.1 0.210263 0.215824 0.060913 hargrave 2021-06-23 14:10:05 
TT 550 277.1 -11.3 277.1 -11.3 1.68E-04 000.6 058.3  41.5 0.144923 0.107005 0.085941 hargrave 2021-06-24 10:03:41 
TT 560 277.2 -11.3 277.2 -11.3 1.67E-04 001.8 058.3  41.4 0.518511 0.172643 0.061942 hargrave 2021-06-24 15:50:24 
TT 570 276.5 -12.9 276.5 -12.9 8.20E-05 044.9 056.1  41.1 3.687233 5.479474 5.769694 hargrave 2021-06-25 11:05:53 
TT 570 277.6 -10.8 277.6 -10.8 1.64E-04 002.2 059.2  41.4 0.539189 0.313156 0.060579 hargrave 2021-06-25 11:55:56 
TT 580 277.6 -10.3 277.6 -10.3 1.63E-04 002.3 059.7  41.7 0.577826 0.284761 0.056718 hargrave 2021-06-25 15:47:19 
TT 590 278.0 -10.4 278.0 -10.4 1.62E-04 000.5 059.9  41.2 0.090579 0.133526 0.066771 hargrave 2021-06-26 10:35:54 
TT 600 276.9 -11.5 276.9 -11.5 1.58E-04 000.6 057.9  41.5 0.119835 0.134499 0.063622 hargrave 2021-06-26 15:23:30 
TT 610 277.3 -11.8 277.3 -11.8 1.54E-04 000.6 057.8  41.1 0.135630 0.120126 0.064728 hargrave 2021-06-27 12:11:55 
TT 620 277.9 -10.8 277.9 -10.8 1.46E-04 002.2 059.4  41.1 0.486689 0.282739 0.051056 hargrave 2021-06-27 16:28:32 
TT 630 275.7 -11.6 275.7 -11.6 1.43E-04 002.9 056.8  42.5 0.613383 0.377018 0.057350 hargrave 2021-06-28 14:39:38 
TT 640 277.0 -11.2 277.0 -11.2 1.42E-04 002.5 058.3  41.7 0.517421 0.340057 0.060041 hargrave 2021-06-29 09:41:40 
TT 650 277.0 -12.5 277.0 -12.5 1.42E-04 000.4 056.8  40.9 0.076967 0.083669 0.054385 hargrave 2021-06-29 15:06:59 
TT 660 275.9 -14.2 275.9 -14.2 1.29E-04 004.4 054.2  40.8 0.791064 0.590629 0.045285 hargrave 2021-06-30 12:58:14 
TT 664 278.6 -11.6 278.6 -11.6 1.11E-04 000.5 058.9  40.1 0.079989 0.053228 0.050622 hargrave 2021-07-01 09:34:09 
TT 666 276.8 -14.4 276.8 -14.4 1.11E-04 002.5 054.6  40.0 0.397921 0.282046 0.038468 hargrave 2021-07-01 14:48:34 
TT 668 277.2 -12.6 277.2 -12.6 1.05E-04 000.4 056.9  40.7 0.055005 0.054648 0.044198 hargrave 2021-07-02 09:56:02 
TT 670 278.6 -12.0 278.6 -12.0 9.41E-05 000.8 058.6  39.9 0.115332 0.092701 0.032703 hargrave 2021-07-02 15:03:44 
TT 672 274.8 -10.7 274.8 -10.7 8.30E-05 001.1 057.2  43.7 0.145089 0.129875 0.037503 hargrave 2021-07-03 11:24:24 
TT 674 276.8 -10.5 276.8 -10.5 8.17E-05 001.0 059.0  42.2 0.142581 0.111012 0.071507 hargrave 2021-07-03 16:08:29 
TT 675 275.8 -09.9 275.8 -09.9 6.94E-05 003.5 058.8  43.4 0.371251 0.197163 0.037617 hargrave 2021-07-04 15:32:39 
TT 677 280.6 -09.8 280.6 -09.8 6.89E-05 003.0 062.3  39.4 0.322731 0.156424 0.026711 hargrave 2021-07-05 11:29:16 
TT 680 276.4 -12.3 276.4 -12.3 6.29E-05 004.0 056.7  41.5 0.380266 0.212218 0.062803 hargrave 2021-07-05 17:22:38 
TT 683 270.7 -11.1 270.7 -11.1 3.20E-05 003.5 053.4  46.8 0.174906 0.084336 0.037252 hargrave 2021-07-06 12:42:57 
TT 686 266.2 -16.3 266.2 -16.3 1.69E-05 003.5 043.5  46.5 0.080432 0.060291 0.025301 hargrave 2021-07-06 17:44:45 
