AF1- 8a sun compass orientation
      0 331.5  71.0   0.0   0.0   1.0
NRM    048.7 -00.3 048.7 -00.3 7.83E-09 055.8 144.7 -66.8 0.000943 0.000728 0.000338 hargrave 2021-02-19 18:44:56 
NRM    257.4  22.9 257.4  22.9 2.23E-05 001.9 107.6  74.6 0.051766 0.056149 0.009004 hargrave 2021-02-20 10:12:03 
TT 100 268.4  21.3 268.4  21.3 1.79E-05 002.5 099.8  64.7 0.060344 0.053319 0.013885 hargrave 2021-06-11 16:55:28 
TT 200 271.1  12.9 271.1  12.9 1.98E-05 001.4 082.4  60.9 0.037484 0.038839 0.008159 hargrave 2021-06-12 12:48:23 
TT 300 272.9  07.9 272.9  07.9 2.19E-05 001.3 074.3  57.6 0.041608 0.037395 0.008816 hargrave 2021-06-14 12:47:02 
TT 400 274.3  05.7 274.3  05.7 2.56E-05 002.3 071.7  55.5 0.092977 0.049239 0.027521 hargrave 2021-06-16 09:18:41 
TT 450 273.8  01.1 273.8  01.1 1.38E-05 031.2 064.3  53.7 0.380394 0.780884 1.185066 hargrave 2021-06-22 11:17:06 
TT 450 275.6  05.2 275.6  05.2 2.73E-05 002.7 071.8  54.0 0.110047 0.073920 0.009125 hargrave 2021-06-22 12:45:00 
TT 500 275.2  03.1 275.2  03.1 2.85E-05 002.6 068.4  53.4 0.123325 0.047547 0.016868 hargrave 2021-06-22 17:50:11 
TT 525 274.1  00.4 274.1  00.4 1.46E-05 026.9 063.5  53.0 0.418602 0.838965 1.243212 hargrave 2021-06-23 13:43:24 
TT 525 274.4  01.6 274.4  01.6 2.90E-05 001.0 065.5  53.4 0.036280 0.039207 0.008749 hargrave 2021-06-23 14:52:51 
TT 550 274.6  00.4 274.6  00.4 2.87E-05 001.2 064.0  52.5 0.046988 0.041116 0.029267 hargrave 2021-06-24 09:36:15 
TT 560 274.8  00.4 274.8  00.4 2.96E-05 001.1 064.2  52.4 0.044584 0.042646 0.012604 hargrave 2021-06-24 15:24:23 
TT 570 274.6  01.4 274.6  01.4 2.95E-05 000.9 065.4  53.1 0.038021 0.033823 0.013997 hargrave 2021-06-25 10:39:45 
TT 580 274.3 -00.1 274.3 -00.1 2.89E-05 001.4 063.1  52.6 0.045204 0.062126 0.009103 hargrave 2021-06-25 15:21:19 
TT 590 274.3  01.0 274.3  01.0 2.93E-05 001.6 064.7  53.2 0.064251 0.061359 0.010912 hargrave 2021-06-26 10:07:48 
TT 600 274.9  00.0 274.9  00.0 2.93E-05 002.1 063.7  52.2 0.078472 0.080626 0.010876 hargrave 2021-06-26 14:56:51 
TT 610 274.5  00.5 274.5  00.5 2.90E-05 002.8 064.1  52.8 0.118028 0.086731 0.016604 hargrave 2021-06-27 11:45:12 
