AF1- 6a mag compass orientation (IGRF corrected)
   1.01 334.5  76.0 242.0   1.0   1.0
NRM    268.2 000.0 268.2 -00.4 5.97E-05 002.3 061.2 062.7 0.222988 0.032406 0.079472 hargrave 2021-02-19 18:41:21 
TT 100 269.9 -02.1 269.9 -02.6 2.91E-05 064.9 059.3 060.1 0.794301 1.334901 2.701930 hargrave 2021-06-11 16:52:40 
TT 100 269.2 -04.0 269.1 -04.4 5.84E-05 001.1 055.5 059.6 0.044887 0.102524 0.020243 hargrave 2021-06-11 18:32:46 
TT 200 270.9 -04.2 270.8 -04.7 6.06E-05 001.6 057.1 058.1 0.087089 0.148354 0.029300 hargrave 2021-06-12 12:44:42 
TT 300 271.2 -07.8 271.1 -08.3 6.38E-05 001.4 052.2 055.7 0.075166 0.143774 0.036328 hargrave 2021-06-14 12:43:24 
TT 400 271.9 -06.7 271.8 -07.2 3.34E-05 060.6 054.5 055.8 1.167753 1.635624 2.951054 hargrave 2021-06-16 09:15:07 
TT 400 272.7 -07.3 272.6 -07.8 6.72E-05 000.7 054.5 054.8 0.053846 0.055256 0.038542 hargrave 2021-06-16 10:58:07 
TT 450 270.7 -08.8 270.6 -09.3 3.45E-05 038.8 050.2 055.4 1.341790 1.610710 3.037666 hargrave 2021-06-22 11:13:30 
TT 450 273.0 -07.2 272.9 -07.8 6.94E-05 001.2 054.9 054.6 0.102777 0.117385 0.021751 hargrave 2021-06-22 12:42:21 
TT 500 273.2 -08.5 273.1 -09.0 7.09E-05 001.7 053.4 053.7 0.146085 0.151529 0.039174 hargrave 2021-06-22 17:47:16 
TT 525 271.6 -11.0 271.5 -11.5 3.56E-05 072.7 048.5 053.3 1.510200 1.702180 3.051679 hargrave 2021-06-23 13:41:12 
TT 525 273.2 -09.2 273.1 -09.7 7.12E-05 001.3 052.5 053.3 0.115935 0.122674 0.020345 hargrave 2021-06-23 14:49:58 
TT 550 272.7 -09.3 272.5 -09.8 6.99E-05 001.5 051.7 053.6 0.112892 0.153439 0.025131 hargrave 2021-06-24 09:33:21 
TT 560 273.8 -08.6 273.7 -09.1 6.89E-05 001.2 053.9 053.2 0.111407 0.100140 0.048415 hargrave 2021-06-24 15:20:51 
TT 570 273.4 -09.2 273.3 -09.7 6.87E-05 001.5 052.6 053.1 0.142714 0.121281 0.021013 hargrave 2021-06-25 10:36:50 
TT 580 272.5 -09.9 272.4 -10.4 6.92E-05 001.2 050.8 053.3 0.096636 0.109745 0.038508 hargrave 2021-06-25 15:18:22 
TT 590 275.9 -07.3 275.8 -07.9 6.88E-05 001.3 057.6 052.2 0.082350 0.124635 0.057804 hargrave 2021-06-26 10:05:33 
TT 600 272.0 -11.0 271.8 -11.5 6.68E-05 002.5 048.8 053.0 0.205491 0.212237 0.037988 hargrave 2021-06-26 14:54:40 
TT 610 274.3 -09.1 274.2 -09.6 6.49E-05 001.2 053.7 052.5 0.082833 0.115877 0.030775 hargrave 2021-06-27 11:43:00 
TT 620 273.2 -08.7 273.0 -09.2 6.37E-05 001.5 053.0 053.6 0.084222 0.144238 0.029033 hargrave 2021-06-27 16:00:56 
TT 630 272.4 -09.8 272.2 -10.3 6.33E-05 004.1 050.8 053.5 0.314121 0.330785 0.034399 hargrave 2021-06-28 14:05:37 
TT 640 272.6 -08.1 272.5 -08.6 6.40E-05 002.5 053.3 054.4 0.185572 0.204078 0.025334 hargrave 2021-06-29 09:06:08 
TT 650 271.8 -08.4 271.7 -08.9 6.40E-05 001.5 052.0 054.8 0.098399 0.132453 0.030376 hargrave 2021-06-29 14:30:16 
TT 660 274.4 -07.1 274.3 -07.7 5.82E-05 001.5 056.4 053.6 0.102400 0.125054 0.017267 hargrave 2021-06-30 12:25:19 
TT 664 272.5 -06.9 272.4 -07.4 5.25E-05 001.3 054.8 055.2 0.069447 0.111224 0.019861 hargrave 2021-07-01 08:59:38 
TT 666 271.7 -09.8 271.5 -10.3 5.25E-05 002.6 050.0 054.0 0.142636 0.192635 0.014006 hargrave 2021-07-01 14:15:43 
TT 668 270.6 -07.1 270.5 -07.6 5.00E-05 000.8 052.4 056.6 0.038107 0.074971 0.016207 hargrave 2021-07-02 09:18:20 
TT 670 274.4 -06.2 274.3 -06.7 4.71E-05 000.8 057.7 054.1 0.048846 0.061505 0.015961 hargrave 2021-07-02 14:33:39 
TT 672 274.8 -06.5 274.7 -07.1 4.00E-05 001.8 057.6 053.6 0.084158 0.138000 0.011114 hargrave 2021-07-03 10:56:44 
TT 674 273.0 -06.6 272.9 -07.1 3.82E-05 000.6 055.8 055.0 0.036095 0.021425 0.012280 hargrave 2021-07-03 15:39:41 
TT 675 274.8 -07.1 274.7 -07.6 3.34E-05 001.1 056.8 053.3 0.056555 0.035443 0.030957 hargrave 2021-07-04 14:58:46 
TT 677 279.2 -05.7 279.1 -06.3 3.42E-05 002.4 062.5 050.3 0.126494 0.071472 0.026526 hargrave 2021-07-05 10:56:12 
TT 680 276.4 -04.0 276.3 -04.6 3.04E-05 002.1 062.6 053.6 0.096277 0.050717 0.036827 hargrave 2021-07-05 16:49:07 
TT 683 290.3 000.1 290.3 -00.6 1.45E-05 003.5 076.9 042.6 0.086000 0.021258 0.006137 hargrave 2021-07-06 12:08:15 
TT 686 289.5 -00.5 289.5 -01.2 4.69E-06 001.8 075.8 043.2 0.013974 0.005509 0.003051 hargrave 2021-07-06 17:10:04 
