AF1- 4a mag compass orientation (IGRF corrected)
      0   7.6  84.0   0.0   0.0   1.0
NRM    294.1 -02.1 294.1 -02.1 5.41E-05 001.4 064.3  71.7 0.116086 0.060952 0.047472 hargrave 2021-02-20 10:08:06
TT 100 295.0 -04.6 295.0 -04.6 4.99E-05 002.1 059.1  69.6 0.037660 0.169511 0.055442 hargrave 2021-06-11 18:31:19
TT 200 290.1 -08.7 290.1 -08.7 5.04E-05 003.3 040.5  70.7 0.053889 0.271813 0.073557 hargrave 2021-06-12 14:10:37
TT 300 286.7 -11.0 286.7 -11.0 5.37E-05 003.2 028.1  70.7 0.215404 0.186010 0.096032 hargrave 2021-06-14 14:07:54
TT 400 284.6 -12.7 284.6 -12.7 6.02E-05 002.7 020.4  70.1 0.185147 0.205468 0.085053 hargrave 2021-06-16 10:56:40
TT 450 283.2 -13.7 283.2 -13.7 6.38E-05 004.3 015.8  69.5 0.291710 0.353700 0.129250 hargrave 2021-06-22 12:41:11
TT 500 280.7 -15.3 280.7 -15.3 6.73E-05 004.9 008.1  68.5 0.312927 0.456583 0.145739 hargrave 2021-06-23 10:09:01
TT 525 280.6 -15.7 280.6 -15.7 6.73E-05 002.6 007.8  68.1 0.205155 0.207728 0.081126 hargrave 2021-06-23 14:48:45
TT 550 277.5 -14.1 277.5 -14.1 3.37E-05 010.7 359.7  69.9 1.236336 0.071109 3.380706 hargrave 2021-06-24 09:31:06
TT 550 279.7 -15.8 279.7 -15.8 6.77E-05 002.2 005.5  68.1 0.162247 0.201847 0.038966 hargrave 2021-06-24 10:45:23
TT 560 278.2 -15.8 278.2 -15.8 6.78E-05 003.6 001.5  68.2 0.273825 0.311637 0.103828 hargrave 2021-06-24 16:28:02
TT 570 278.3 -16.6 278.3 -16.6 6.82E-05 005.2 001.7  67.4 0.195867 0.581761 0.083059 hargrave 2021-06-25 11:51:05
TT 580 277.1 -15.3 277.1 -15.3 6.85E-05 004.0 358.8  68.6 0.208881 0.434100 0.062240 hargrave 2021-06-25 16:24:08
TT 590 279.4 -15.3 279.4 -15.3 6.79E-05 001.8 004.7  68.6 0.121131 0.168764 0.034345 hargrave 2021-06-26 10:03:18
TT 600 278.8 -16.1 278.8 -16.1 6.78E-05 001.4 003.2  67.9 0.091280 0.143886 0.021261 hargrave 2021-06-26 14:52:22
TT 610 279.9 -16.5 279.9 -16.5 6.77E-05 002.8 005.6  67.4 0.127574 0.305299 0.066896 hargrave 2021-06-27 12:42:13
TT 620 278.9 -15.6 278.9 -15.6 6.69E-05 002.1 003.4  68.4 0.145744 0.191475 0.055845 hargrave 2021-06-27 17:13:24
TT 630 276.0 -17.2 276.0 -17.2 6.70E-05 002.2 356.1  66.8 0.240576 0.036187 0.081263 hargrave 2021-06-28 14:01:58
TT 640 277.7 -14.3 277.7 -14.3 7.02E-05 001.3 000.4  69.7 0.085714 0.129753 0.043030 hargrave 2021-06-29 10:25:49
TT 650 272.3 -14.8 272.3 -14.8 6.97E-05 002.7 345.8  68.5 0.255979 0.192520 0.075293 hargrave 2021-06-29 15:54:06
TT 660 278.1 -14.6 278.1 -14.6 6.52E-05 003.3 001.4  69.4 0.221556 0.284673 0.084827 hargrave 2021-06-30 13:38:07
TT 664 274.5 -15.9 274.5 -15.9 5.58E-05 002.2 352.0  67.8 0.177767 0.096593 0.061525 hargrave 2021-07-01 08:56:48
TT 666 277.4 -15.3 277.4 -15.3 5.55E-05 002.1 359.5  68.7 0.179637 0.075108 0.059917 hargrave 2021-07-01 14:12:54
TT 668 273.3 -13.2 273.3 -13.2 2.75E-05 062.2 347.4  70.3 0.968025 0.218254 2.767410 hargrave 2021-07-02 09:15:31
TT 668 275.7 -15.6 275.7 -15.6 5.52E-05 002.7 355.0  68.3 0.217729 0.110506 0.099661 hargrave 2021-07-02 10:40:37
TT 670 275.5 -15.7 275.5 -15.7 4.58E-05 001.9 354.6  68.2 0.131671 0.063511 0.035254 hargrave 2021-07-02 14:31:22
TT 672 272.4 -18.3 272.4 -18.3 2.73E-05 002.3 348.3  65.2 0.102274 0.041381 0.022877 hargrave 2021-07-03 10:54:25
TT 674 272.6 -18.2 272.6 -18.2 2.50E-05 002.1 348.7  65.3 0.082354 0.031180 0.030901 hargrave 2021-07-03 18:22:37
TT 675 264.2 -10.4 264.2 -10.4 1.57E-05 001.4 320.7  68.8 0.034575 0.011773 0.011369 hargrave 2021-07-04 14:55:55
TT 677 283.7 -08.0 283.7 -08.0 1.47E-05 002.2 023.5  74.8 0.032240 0.044798 0.015114 hargrave 2021-07-05 12:40:39
TT 680 271.3 -10.2 271.3 -10.2 1.52E-05 001.9 338.7  72.7 0.042613 0.027596 0.008896 hargrave 2021-07-05 16:46:14
TT 683 293.1 -05.1 293.1 -05.1 8.31E-06 003.0 054.6  71.0 0.037823 0.017953 0.011942 hargrave 2021-07-06 12:05:24
TT 686 287.8  23.2 287.8  23.2 2.57E-06 001.8 151.2  70.2 0.007442 0.001483 0.002404 hargrave 2021-07-06 17:06:25
