AF1- 26a mag compass orientation (IGRF corrected)
      0 322.6  64.0   0.0   0.0   1.0
NRM    275.0 -08.3 275.0 -08.3 1.49E-04 003.3 055.9  36.4 0.732872 0.427940 0.100166 hargrave 2021-02-19 19:15:58 
TT 100 277.3 -08.8 277.3 -08.8 1.47E-04 002.5 057.4  34.3 0.515083 0.387551 0.100899 hargrave 2021-06-11 17:25:11 
TT 200 276.8 -12.0 276.8 -12.0 1.48E-04 001.3 054.1  32.6 0.259602 0.229494 0.067888 hargrave 2021-06-12 13:18:17 
TT 300 277.2 -12.0 277.2 -12.0 1.49E-04 004.3 054.4  32.4 0.974723 0.535805 0.134128 hargrave 2021-06-14 13:13:51 
TT 400 277.6 -11.0 277.6 -11.0 1.52E-04 002.0 055.5  32.7 0.454675 0.190233 0.220144 hargrave 2021-06-16 09:48:13 
TT 450 278.8 -10.4 278.8 -10.4 1.54E-04 002.3 057.0  32.2 0.440372 0.389848 0.184823 hargrave 2021-06-22 11:47:30 
TT 500 278.7 -11.4 278.7 -11.4 1.55E-04 002.6 056.0  31.6 0.617645 0.351091 0.104157 hargrave 2021-06-22 18:14:12 
TT 525 277.7 -11.9 277.7 -11.9 1.53E-04 001.6 054.8  32.0 0.268705 0.315415 0.150219 hargrave 2021-06-23 14:08:53 
TT 550 279.5 -10.3 279.5 -10.3 1.51E-04 001.0 057.6  31.7 0.147523 0.176102 0.152276 hargrave 2021-06-24 10:02:29 
TT 560 279.4 -10.9 279.4 -10.9 1.50E-04 001.1 057.0  31.4 0.265171 0.081021 0.103228 hargrave 2021-06-24 15:49:12 
TT 570 277.4 -12.9 277.4 -12.9 7.48E-05 062.4 053.7  31.5 4.030580 5.496280 4.183013 hargrave 2021-06-25 11:04:41 
TT 570 278.9 -11.8 278.9 -11.8 1.49E-04 002.1 055.9  31.2 0.405034 0.353049 0.119274 hargrave 2021-06-25 11:54:41 
TT 580 279.1 -11.5 279.1 -11.5 1.47E-04 001.3 056.2  31.2 0.319219 0.092393 0.131965 hargrave 2021-06-25 15:46:07 
TT 590 277.9 -12.9 277.9 -12.9 1.47E-04 001.1 054.1  31.2 0.273052 0.103765 0.104605 hargrave 2021-06-26 10:34:43 
TT 600 279.1 -12.1 279.1 -12.1 1.45E-04 001.0 055.7  30.9 0.219907 0.090060 0.136017 hargrave 2021-06-26 15:22:18 
TT 610 276.9 -14.4 276.9 -14.4 1.42E-04 000.7 052.0  31.0 0.137254 0.171284 0.099550 hargrave 2021-06-27 12:10:43 
