AF1- 9a mag compass orientation (IGRF corrected)
      0 334.6  76.0   0.0   0.0   1.0
NRM    269.6 -03.0 269.6 -03.0 7.91E-05 001.2 057.5  59.9 0.148987 0.051133 0.065982 hargrave 2021-02-19 18:46:22 
TT 100 270.5 -05.1 270.5 -05.1 7.54E-05 000.4 055.2  58.0 0.049479 0.023084 0.019508 hargrave 2021-06-11 16:56:56 
TT 200 271.6 -06.3 271.6 -06.3 7.71E-05 000.9 054.6  56.4 0.081158 0.097933 0.029396 hargrave 2021-06-12 12:49:50 
TT 300 271.1 -08.4 271.1 -08.4 8.01E-05 001.3 051.1  55.4 0.176918 0.067915 0.024852 hargrave 2021-06-14 12:48:12 
TT 400 272.9 -07.1 272.9 -07.1 8.42E-05 001.1 054.9  54.8 0.146242 0.083456 0.047328 hargrave 2021-06-16 09:20:07 
TT 450 272.4 -07.9 272.4 -07.9 8.57E-05 002.0 053.2  54.8 0.184128 0.229202 0.036435 hargrave 2021-06-22 11:19:23 
TT 500 272.4 -08.7 272.4 -08.7 8.71E-05 003.0 052.2  54.3 0.353710 0.285915 0.025678 hargrave 2021-06-22 17:51:20 
TT 525 272.5 -08.6 272.5 -08.6 8.62E-05 000.7 052.3  54.3 0.093936 0.068641 0.042082 hargrave 2021-06-23 13:44:34 
TT 550 272.4 -09.0 272.4 -09.0 8.55E-05 002.6 051.8  54.1 0.328069 0.228231 0.031360 hargrave 2021-06-24 09:37:28 
TT 560 272.4 -09.6 272.4 -09.6 8.50E-05 002.4 050.9  53.7 0.275682 0.234709 0.024797 hargrave 2021-06-24 15:25:36 
TT 570 273.7 -08.4 273.7 -08.4 8.54E-05 003.9 053.9  53.4 0.657838 0.096436 0.024849 hargrave 2021-06-25 10:40:54 
TT 580 271.9 -09.6 271.9 -09.6 8.34E-05 000.7 050.4  54.1 0.097727 0.063625 0.033936 hargrave 2021-06-25 15:22:31 
TT 590 271.1 -10.3 271.1 -10.3 8.25E-05 000.9 048.6  54.2 0.088767 0.101640 0.023842 hargrave 2021-06-26 10:08:57 
TT 600 270.9 -10.4 270.9 -10.4 8.10E-05 002.3 048.3  54.2 0.276932 0.189779 0.029566 hargrave 2021-06-26 14:58:00 
TT 610 271.3 -09.5 271.3 -09.5 7.92E-05 003.5 049.9  54.6 0.402187 0.273049 0.026544 hargrave 2021-06-27 11:46:21 
