AF1- 5a sun compass orientation
      0   3.6  80.0   0.0   0.0   1.0
NRM    268.4 -07.2 268.4 -07.2 7.74E-05 000.7 343.1  72.0 0.075449 0.047089 0.021806 hargrave 2021-02-19 18:39:57 
TT 100 269.9 -08.7 269.9 -08.7 7.50E-05 001.4 348.7  70.9 0.112215 0.131608 0.045376 hargrave 2021-06-11 16:50:27 
TT 200 270.2 -09.9 270.2 -09.9 7.62E-05 001.0 350.2  69.8 0.112042 0.061726 0.028683 hargrave 2021-06-12 12:43:18 
TT 300 269.6 -10.2 269.6 -10.2 7.83E-05 001.6 348.7  69.4 0.132481 0.166214 0.035037 hargrave 2021-06-14 12:42:14 
TT 400 268.8 -10.2 268.8 -10.2 8.04E-05 001.1 346.6  69.3 0.151405 0.056911 0.025381 hargrave 2021-06-16 09:12:56 
TT 450 269.4 -10.3 269.4 -10.3 8.18E-05 001.1 348.4  69.2 0.139918 0.066952 0.041529 hargrave 2021-06-22 11:11:18 
TT 500 268.6 -10.4 268.6 -10.4 8.31E-05 001.7 346.1  69.0 0.132510 0.203712 0.067177 hargrave 2021-06-22 17:46:10 
TT 525 268.2 -10.9 268.2 -10.9 8.25E-05 001.3 345.3  68.5 0.175350 0.090495 0.028353 hargrave 2021-06-23 13:39:25 
TT 550 269.7 -11.6 269.7 -11.6 8.24E-05 001.1 349.6  68.0 0.140627 0.081836 0.031778 hargrave 2021-06-24 09:32:15 
TT 560 270.6 -11.7 270.6 -11.7 8.17E-05 002.5 352.1  68.1 0.128566 0.335356 0.020445 hargrave 2021-06-24 15:19:45 
TT 570 268.4 -11.2 268.4 -11.2 8.16E-05 001.8 346.1  68.1 0.091335 0.244826 0.014848 hargrave 2021-06-25 10:35:41 
TT 580 266.4 -09.0 266.4 -09.0 4.05E-05 010.1 339.0  69.7 1.400527 0.538377 4.057320 hargrave 2021-06-25 15:17:16 
TT 580 267.1 -10.2 267.1 -10.2 8.14E-05 001.8 342.1  68.8 0.206470 0.151945 0.044749 hargrave 2021-06-25 16:25:17 
TT 590 266.4 -10.3 266.4 -10.3 8.09E-05 001.8 340.4  68.5 0.146132 0.213829 0.028957 hargrave 2021-06-26 10:04:27 
TT 600 268.5 -11.1 268.5 -11.1 7.98E-05 001.8 346.3  68.3 0.233270 0.085014 0.045028 hargrave 2021-06-26 14:53:34 
TT 610 267.9 -11.4 267.9 -11.4 7.95E-05 001.7 344.9  67.9 0.220527 0.073523 0.037758 hargrave 2021-06-27 11:41:54 
TT 620 268.8 -11.2 268.8 -11.2 7.78E-05 002.1 347.2  68.3 0.251251 0.130274 0.076308 hargrave 2021-06-27 15:59:50 
TT 630 265.7 -09.0 265.7 -09.0 3.80E-05 039.0 337.2  69.5 1.312888 0.551812 3.799613 hargrave 2021-06-28 14:04:13 
TT 630 266.5 -09.8 266.5 -09.8 7.62E-05 002.9 340.2  69.0 0.277032 0.256129 0.071150 hargrave 2021-06-28 15:20:37 
TT 640 267.3 -10.2 267.3 -10.2 3.86E-05 017.4 342.5  68.9 1.420067 0.447177 3.846302 hargrave 2021-06-29 09:04:44 
TT 640 266.7 -11.6 266.7 -11.6 7.72E-05 002.2 342.2  67.3 0.175072 0.237728 0.018669 hargrave 2021-06-29 10:27:16 
TT 650 264.7 -09.2 264.7 -09.2 3.84E-05 014.4 334.9  68.8 1.342724 0.629873 3.821465 hargrave 2021-06-29 14:28:50 
TT 650 268.1 -10.9 268.1 -10.9 7.69E-05 001.9 345.3  68.4 0.199614 0.152775 0.042201 hargrave 2021-06-29 15:55:32 
TT 660 267.0 -10.0 267.0 -10.0 6.99E-05 002.4 341.7  69.0 0.177240 0.234247 0.026674 hargrave 2021-06-30 12:23:55 
TT 664 265.5 -10.7 265.5 -10.7 5.94E-05 002.2 338.5  67.8 0.161436 0.162112 0.013038 hargrave 2021-07-01 08:58:15 
TT 666 266.9 -09.9 266.9 -09.9 5.95E-05 002.1 341.4  69.0 0.155015 0.161045 0.012274 hargrave 2021-07-01 14:14:20 
TT 668 264.8 -10.3 264.8 -10.3 5.98E-05 001.7 336.5  67.9 0.143743 0.114387 0.015137 hargrave 2021-07-02 09:16:57 
TT 670 268.2 -08.7 268.2 -08.7 2.61E-05 060.5 343.6  70.5 0.893696 0.264480 2.633777 hargrave 2021-07-02 14:32:32 
TT 670 268.5 -09.2 268.5 -09.2 5.26E-05 002.7 345.1  70.2 0.167911 0.177924 0.043389 hargrave 2021-07-02 15:35:18 
TT 672 266.0 -10.1 266.0 -10.1 4.33E-05 001.0 339.2  68.6 0.072029 0.030063 0.011231 hargrave 2021-07-03 10:55:35 
TT 674 264.3 -08.9 264.3 -08.9 4.36E-05 000.9 333.6  68.9 0.072039 0.015157 0.012461 hargrave 2021-07-03 15:38:35 
TT 675 265.4 -11.9 265.4 -11.9 3.44E-05 002.4 339.5  66.7 0.074306 0.122009 0.011573 hargrave 2021-07-04 14:57:22 
TT 677 268.2 -10.6 268.2 -10.6 3.41E-05 000.9 345.4  68.7 0.030413 0.043077 0.018114 hargrave 2021-07-05 10:54:48 
TT 680 264.6 -09.9 264.6 -09.9 3.37E-05 002.1 335.6  68.2 0.035599 0.117917 0.011999 hargrave 2021-07-05 16:47:42 
TT 683 263.9 -09.3 263.9 -09.3 2.00E-05 001.4 333.1  68.5 0.012135 0.047285 0.008490 hargrave 2021-07-06 12:06:51 
TT 686 271.8  07.6 271.8  07.6 2.74E-06 049.9 323.7  87.1 0.011950 0.008955 0.292676 hargrave 2021-07-06 17:08:39 
TT 686 271.4  07.7 271.4  07.7 5.53E-06 000.3 316.6  86.8 0.001026 0.002325 0.006337 hargrave 2021-07-06 20:44:12 
