AF2- 39a mag compass orientation (IGRF corrected)
  12.55 223.5  54.0 240.0   4.0   1.0
NRM    091.1 018.1 089.9 020.1 4.31E-05 001.6 284.1 048.6 0.111184 0.060404 0.035014 hargrave 2022-02-07 14:49:39 
TT 150 090.8 017.5 089.7 019.6 4.21E-05 005.7 284.6 048.1 0.398546 0.134597 0.031339 hargrave 2022-02-08 11:48:59 
TT 300 090.5 018.4 089.2 020.4 4.02E-05 001.0 283.2 048.3 0.043582 0.063233 0.030589 hargrave 2022-02-09 09:20:24 
TT 400 091.6 016.2 090.5 018.3 3.70E-05 003.0 286.8 047.9 0.175078 0.097133 0.030220 hargrave 2022-02-10 09:36:41 
TT 450 090.3 017.9 089.2 019.8 3.60E-05 001.3 283.8 047.9 0.030236 0.083082 0.023004 hargrave 2022-02-10 17:00:53 
TT 500 092.1 016.1 091.0 018.2 3.50E-05 001.0 287.4 048.2 0.042682 0.060560 0.034421 hargrave 2022-02-11 19:07:31 
TT 550 091.0 015.8 089.9 017.8 3.26E-05 001.3 286.8 047.2 0.062275 0.056060 0.032560 hargrave 2022-02-13 11:07:59 
TT 565 090.0 017.1 088.9 019.0 3.25E-05 003.9 284.5 047.2 0.206949 0.093067 0.032175 hargrave 2022-02-14 11:33:04 
TT 580 089.7 015.5 088.6 017.4 3.04E-05 001.4 286.1 046.0 0.062578 0.055406 0.031957 hargrave 2022-02-15 09:31:11 
TT 600 089.0 014.7 088.0 016.6 2.96E-05 002.7 286.4 045.0 0.125650 0.075921 0.030178 hargrave 2022-02-15 17:35:04 
TT 610 088.5 012.8 087.7 014.7 2.68E-05 002.9 288.2 043.5 0.120990 0.073791 0.027713 hargrave 2022-02-16 14:49:13 
TT 620 085.5 015.5 084.4 017.2 2.47E-05 003.9 282.8 042.7 0.159418 0.057548 0.026752 hargrave 2022-02-17 13:48:25 
TT 630 084.5 016.2 083.4 017.8 2.41E-05 001.1 281.3 042.4 0.036807 0.036384 0.031504 hargrave 2022-02-18 11:06:38 
TT 640 089.7 011.5 088.9 013.5 2.32E-05 005.4 290.5 043.6 0.200306 0.090029 0.024707 hargrave 2022-02-20 15:00:18 
TT 650 080.6 011.7 079.8 013.1 2.20E-05 001.3 283.2 036.7 0.040573 0.035907 0.031683 hargrave 2022-02-21 14:35:45 
TT 655 086.2 014.8 085.2 016.6 2.01E-05 002.0 284.1 042.9 0.062102 0.041189 0.026871 hargrave 2022-02-22 13:22:13 
TT 660 087.8 014.4 086.8 016.2 1.62E-05 006.1 285.8 043.9 0.163955 0.057698 0.026159 hargrave 2022-02-23 12:08:29 
TT 664 087.8 016.8 086.7 018.6 1.47E-05 004.0 283.1 045.3 0.097083 0.034508 0.028226 hargrave 2022-02-24 11:54:07 
TT 667 086.3 006.5 085.8 008.3 1.65E-05 008.2 292.7 037.8 0.215118 0.106032 0.023908 hargrave 2022-02-25 11:28:37 
TT 667 087.3 004.8 087.0 006.6 1.68E-05 001.6 295.2 037.4 0.037912 0.047367 0.010988 hargrave 2022-02-25 16:15:31 
TT 670 068.4 008.2 067.8 008.8 1.40E-05 008.9 278.2 024.9 0.213607 0.040784 0.026290 hargrave 2022-02-26 16:40:15 
TT 673 081.9 005.0 081.5 006.5 1.19E-05 004.8 290.6 033.5 0.091907 0.038242 0.007714 hargrave 2022-02-27 16:15:27 
TT 675 089.8 016.7 088.6 018.7 1.05E-05 001.2 284.7 046.8 0.019095 0.016407 0.006935 hargrave 2022-02-28 14:35:53 
TT 677 068.0 018.9 066.6 019.4 8.60E-06 007.4 267.9 030.5 0.112111 0.010551 0.008432 hargrave 2022-03-01 11:58:51 
TT 679 084.5 000.5 084.5 002.1 7.81E-06 001.4 296.7 032.4 0.014513 0.016157 0.007333 hargrave 2022-03-02 09:22:44 
TT 681 106.1 -11.2 106.6 -08.3 3.12E-06 002.7 326.0 036.2 0.006327 0.012715 0.005743 hargrave 2022-03-02 15:24:29 
TT 683 085.8 012.2 084.9 013.9 2.38E-06 004.3 286.6 041.0 0.017098 0.005540 0.002698 hargrave 2022-03-03 16:26:34 
TT 685 067.8 008.0 067.2 008.5 3.06E-06 008.1 278.0 024.3 0.042788 0.009660 0.003830 hargrave 2022-03-04 14:13:02 
TT 689 051.7 003.7 051.4 003.1 2.73E-06 004.9 271.8 008.8 0.023172 0.004575 0.003480 hargrave 2022-03-06 16:23:42 
