AF2- 34a mag compass orientation (IGRF corrected)
   9.32 224.5  81.0 240.0   4.0   1.0
NRM    084.7 017.6 083.5 019.2 8.14E-05 004.5 254.5 040.9 0.624692 0.112992 0.077580 hargrave 2022-02-07 14:41:29 
TT 150 084.7 018.9 083.4 020.5 7.94E-05 003.1 252.8 040.8 0.401917 0.147977 0.056228 hargrave 2022-02-08 11:39:12 
TT 300 084.2 021.0 082.8 022.6 7.54E-05 000.9 250.0 040.2 0.096900 0.067115 0.049599 hargrave 2022-02-09 09:10:35 
TT 400 083.9 018.7 082.6 020.3 7.06E-05 000.8 253.1 040.1 0.033456 0.056908 0.105239 hargrave 2022-02-10 09:26:49 
TT 450 083.9 018.2 082.6 019.7 6.79E-05 000.7 253.8 040.1 0.053519 0.050548 0.041645 hargrave 2022-02-10 16:51:04 
TT 500 083.5 019.0 082.2 020.6 6.47E-05 000.9 252.7 039.7 0.054793 0.062467 0.057858 hargrave 2022-02-11 18:57:45 
TT 550 083.6 020.9 082.1 022.5 6.06E-05 006.1 250.2 039.6 0.653762 0.171080 0.049227 hargrave 2022-02-13 10:58:09 
TT 565 084.2 023.2 082.6 024.8 5.74E-05 000.9 247.2 039.9 0.053608 0.054069 0.064349 hargrave 2022-02-14 11:23:15 
TT 580 082.7 022.7 081.1 024.2 5.56E-05 001.3 248.1 038.6 0.106460 0.066199 0.049275 hargrave 2022-02-15 09:21:21 
TT 600 080.6 018.6 079.3 020.0 5.23E-05 002.7 253.4 037.0 0.219340 0.094448 0.049847 hargrave 2022-02-15 17:25:17 
TT 610 079.1 022.7 077.5 024.0 4.87E-05 001.4 248.5 035.3 0.097520 0.056832 0.053183 hargrave 2022-02-16 14:38:37 
TT 620 078.9 022.5 077.2 023.8 4.57E-05 003.9 248.7 035.1 0.284303 0.122129 0.050803 hargrave 2022-02-17 13:37:49 
TT 630 078.4 020.2 076.9 021.4 4.40E-05 000.9 251.6 034.8 0.046304 0.040200 0.046424 hargrave 2022-02-18 10:55:59 
TT 640 076.0 024.3 074.2 025.3 4.02E-05 001.5 246.9 032.3 0.084572 0.054819 0.038466 hargrave 2022-02-20 14:49:37 
TT 650 069.4 021.0 067.9 021.6 3.24E-05 002.6 251.0 026.4 0.133179 0.053548 0.029656 hargrave 2022-02-21 14:25:53 
TT 655 070.6 017.8 069.3 018.4 2.89E-05 002.6 254.6 027.5 0.115712 0.067042 0.031213 hargrave 2022-02-22 13:11:37 
TT 660 071.3 014.9 070.3 015.6 2.19E-05 003.1 257.9 028.1 0.115052 0.034721 0.021194 hargrave 2022-02-23 11:58:41 
TT 664 073.2 007.3 072.7 008.2 1.99E-05 002.2 266.7 029.4 0.070415 0.029105 0.019413 hargrave 2022-02-24 11:44:20 
TT 667 067.6 024.1 065.8 024.6 1.45E-05 003.5 247.5 024.7 0.067682 0.044073 0.040607 hargrave 2022-02-25 11:19:41 
TT 670 063.5 018.4 062.2 018.6 1.40E-05 006.9 253.6 020.8 0.160641 0.061266 0.010412 hargrave 2022-02-26 16:31:16 
TT 673 068.3 013.4 067.3 014.0 1.08E-05 005.3 259.3 025.1 0.098318 0.026543 0.008632 hargrave 2022-02-27 16:06:25 
TT 675 077.0 -06.6 077.4 -05.4 5.34E-06 001.8 283.2 030.6 0.015391 0.007134 0.005345 hargrave 2022-02-28 14:26:52 
TT 677 053.5 010.7 052.8 010.2 5.38E-06 003.5 260.7 010.4 0.031005 0.015734 0.004096 hargrave 2022-03-01 11:49:52 
TT 679 069.4 002.3 069.2 002.9 3.85E-06 002.0 271.7 024.9 0.012384 0.007371 0.006424 hargrave 2022-03-02 09:15:02 
TT 681 070.4 023.4 068.7 024.1 4.83E-06 001.6 248.2 027.3 0.009377 0.012225 0.007561 hargrave 2022-03-02 15:16:49 
TT 683 323.7 -49.0 323.2 -52.9 1.03E-06 004.0 350.7 -49.3 0.008472 0.002876 0.001446 hargrave 2022-03-03 16:17:18 
TT 685 258.7 015.4 259.7 014.1 1.13E-06 003.0 113.5 -29.6 0.003201 0.005712 0.002905 hargrave 2022-03-04 14:04:00 
TT 689 029.6 -59.4 035.9 -61.2 1.87E-06 004.4 329.3 -15.3 0.007453 0.007752 0.010125 hargrave 2022-03-06 16:14:44 
