AF2- 19a sun compass orientation
   2.55 262.4  87.0 240.0   4.0   1.0
NRM    271.8 001.8 271.9 -00.3 6.20E-05 001.5 092.3 -09.3 0.138248 0.067830 0.076094 hargrave 2022-02-07 14:20:48 
TT 150 270.9 000.2 270.9 -01.8 6.13E-05 000.8 090.7 -08.5 0.066036 0.067284 0.052854 hargrave 2022-02-08 11:16:43 
TT 300 270.7 -02.1 270.5 -04.2 6.29E-05 005.2 088.3 -08.4 0.565771 0.065640 0.081528 hargrave 2022-02-09 08:48:12 
TT 400 270.5 -03.8 270.2 -05.8 6.43E-05 003.2 086.6 -08.3 0.358526 0.068902 0.059686 hargrave 2022-02-10 09:03:22 
TT 450 271.1 -05.3 270.7 -07.4 6.54E-05 000.8 085.1 -08.9 0.062600 0.011153 0.066064 hargrave 2022-02-10 16:27:31 
TT 500 270.8 -09.0 270.2 -11.0 6.62E-05 002.2 081.4 -08.8 0.246198 0.071847 0.063112 hargrave 2022-02-11 18:36:06 
TT 550 270.9 -06.9 270.4 -08.9 6.52E-05 000.9 083.5 -08.8 0.074425 0.070049 0.058822 hargrave 2022-02-13 10:34:54 
TT 565 271.1 -07.5 270.6 -09.5 6.41E-05 001.2 082.9 -09.0 0.122008 0.067125 0.058515 hargrave 2022-02-14 11:01:33 
TT 580 271.0 -06.2 270.6 -08.2 6.32E-05 003.2 084.2 -08.9 0.347587 0.078341 0.056800 hargrave 2022-02-15 08:58:49 
TT 600 271.0 -07.2 270.5 -09.2 6.24E-05 002.2 083.2 -08.9 0.225415 0.070987 0.055921 hargrave 2022-02-15 17:02:50 
TT 610 271.0 -08.8 270.4 -10.8 6.10E-05 001.6 081.6 -08.9 0.158416 0.066851 0.052843 hargrave 2022-02-16 14:16:10 
TT 620 271.3 -13.3 270.4 -15.4 5.96E-05 002.0 077.0 -09.3 0.198444 0.090409 0.055880 hargrave 2022-02-17 13:14:32 
TT 630 271.4 -08.0 270.8 -10.0 5.90E-05 000.8 082.4 -09.3 0.062289 0.064555 0.049319 hargrave 2022-02-18 10:31:06 
TT 640 272.0 -03.6 271.8 -05.7 6.00E-05 004.0 086.9 -09.8 0.411578 0.061860 0.051111 hargrave 2022-02-20 14:25:19 
TT 650 271.2 -06.7 270.8 -08.7 5.88E-05 001.8 083.7 -09.1 0.170620 0.065007 0.051313 hargrave 2022-02-21 14:04:09 
TT 655 271.6 -11.3 270.8 -13.4 5.87E-05 002.1 079.0 -09.6 0.201957 0.079957 0.046697 hargrave 2022-02-22 12:48:21 
TT 660 271.7 -08.4 271.1 -10.5 5.12E-05 000.8 082.0 -09.6 0.061748 0.066532 0.037949 hargrave 2022-02-23 11:37:03 
TT 664 269.9 -10.1 269.2 -12.1 4.89E-05 002.5 080.2 -07.9 0.209089 0.083209 0.037334 hargrave 2022-02-24 11:21:54 
TT 667 271.4 -09.2 270.8 -11.2 4.38E-05 000.8 081.2 -09.4 0.046815 0.077432 0.032363 hargrave 2022-02-25 10:56:31 
TT 670 272.8 -10.4 272.2 -12.5 4.09E-05 001.0 080.0 -10.8 0.064179 0.063768 0.029457 hargrave 2022-02-26 15:57:28 
TT 673 270.5 -07.3 270.0 -09.3 3.40E-05 004.9 083.1 -08.4 0.286116 0.045510 0.025040 hargrave 2022-02-27 15:43:48 
TT 675 273.4 -05.7 273.0 -07.9 2.54E-05 002.7 084.8 -11.2 0.117534 0.040291 0.020414 hargrave 2022-02-28 14:05:11 
TT 677 270.8 -10.9 270.1 -13.0 1.92E-05 007.5 079.4 -08.8 0.249282 0.052721 0.014927 hargrave 2022-03-01 11:27:26 
TT 679 272.7 -13.8 271.8 -15.9 1.73E-05 001.8 076.5 -10.7 0.048913 0.049119 0.013689 hargrave 2022-03-02 08:56:12 
TT 681 273.7 -12.0 273.0 -14.2 1.61E-05 001.4 078.4 -11.7 0.039816 0.017506 0.013316 hargrave 2022-03-02 14:57:55 
TT 683 231.1 -46.7 227.0 -45.9 2.91E-06 003.0 038.2 018.5 0.008332 0.011265 0.008090 hargrave 2022-03-03 15:53:56 
TT 685 007.6 -12.7 008.2 -15.8 5.84E-07 003.6 303.6 -72.1 0.003344 0.001645 0.000828 hargrave 2022-03-04 13:42:15 
TT 689 239.0 032.1 241.6 032.1 1.93E-06 002.5 123.4 021.3 0.004820 0.003664 0.006945 hargrave 2022-03-06 15:53:06 
