AF2- 32a mag compass orientation (IGRF corrected)
    9.2 231.5  87.0 240.0   4.0   1.0
NRM    067.3 020.9 065.7 021.4 1.15E-04 005.3 249.1 015.8 1.011045 0.325050 0.109462 hargrave 2022-02-07 14:38:59 
TT 150 066.2 019.4 064.8 019.8 1.13E-04 003.4 250.7 014.9 0.604884 0.229355 0.189663 hargrave 2022-02-08 11:36:12 
TT 300 066.0 020.7 064.5 021.0 1.09E-04 004.2 249.4 014.6 0.727938 0.315044 0.121687 hargrave 2022-02-09 09:07:35 
TT 400 066.2 017.3 064.9 017.7 1.03E-04 004.1 252.9 014.9 0.693433 0.261000 0.103168 hargrave 2022-02-10 09:23:48 
TT 450 066.7 023.3 064.9 023.7 9.98E-05 000.6 246.7 015.1 0.034364 0.085243 0.069845 hargrave 2022-02-10 16:48:04 
TT 500 065.8 014.7 064.8 015.1 9.70E-05 001.9 255.6 014.6 0.291477 0.119231 0.099856 hargrave 2022-02-11 18:54:45 
TT 550 065.6 017.4 064.3 017.7 9.13E-05 002.0 252.8 014.3 0.276931 0.138478 0.108658 hargrave 2022-02-13 10:55:08 
TT 565 065.3 016.0 064.2 016.4 8.80E-05 001.7 254.2 014.1 0.216571 0.067469 0.124570 hargrave 2022-02-14 11:20:14 
TT 580 065.0 021.4 063.5 021.7 8.54E-05 003.4 248.7 013.7 0.465034 0.182149 0.078695 hargrave 2022-02-15 09:18:19 
TT 600 066.0 017.9 064.7 018.2 7.92E-05 002.3 252.3 014.7 0.298724 0.111565 0.072726 hargrave 2022-02-15 17:21:28 
TT 610 064.9 017.0 063.7 017.3 7.50E-05 002.7 253.2 013.7 0.331602 0.092146 0.086860 hargrave 2022-02-16 14:35:36 
TT 620 063.9 019.0 062.5 019.2 7.12E-05 002.0 251.2 012.7 0.225825 0.099974 0.056164 hargrave 2022-02-17 13:34:49 
TT 630 063.9 019.8 062.5 020.0 7.08E-05 001.6 250.4 012.7 0.184808 0.094255 0.048350 hargrave 2022-02-18 10:52:59 
TT 640 062.1 015.5 061.0 015.6 6.49E-05 001.6 254.8 011.0 0.150198 0.074040 0.070787 hargrave 2022-02-20 14:46:35 
TT 650 061.4 015.7 060.2 015.7 5.59E-05 001.7 254.6 010.3 0.146466 0.074743 0.040524 hargrave 2022-02-21 14:22:52 
TT 655 062.1 020.6 060.6 020.7 4.51E-05 000.7 249.6 011.0 0.043552 0.065571 0.028203 hargrave 2022-02-22 13:08:36 
TT 660 056.5 008.3 055.9 008.1 3.88E-05 003.6 261.9 005.4 0.239343 0.045950 0.031067 hargrave 2022-02-23 11:55:41 
TT 664 057.6 012.4 056.7 012.2 3.26E-05 001.0 257.9 006.6 0.045177 0.040024 0.024186 hargrave 2022-02-24 11:41:20 
TT 667 059.2 020.3 057.8 020.2 2.36E-05 000.7 249.9 008.3 0.024593 0.054366 0.013679 hargrave 2022-02-25 11:15:06 
TT 670 066.2 025.8 064.2 026.2 1.98E-05 003.2 244.1 014.5 0.102751 0.071069 0.012872 hargrave 2022-02-26 16:28:16 
TT 673 068.4 026.2 066.5 026.8 1.35E-05 005.7 243.5 016.5 0.118505 0.066826 0.011807 hargrave 2022-02-27 16:03:24 
TT 675 070.6 -02.6 070.7 -01.9 7.86E-06 003.8 273.8 018.9 0.051809 0.012306 0.007727 hargrave 2022-02-28 14:23:53 
TT 677 059.6 009.1 059.0 009.1 8.03E-06 001.4 261.2 008.5 0.018097 0.012376 0.005704 hargrave 2022-03-01 11:46:51 
TT 679 149.8 018.4 149.8 022.4 2.62E-06 000.8 152.8 072.6 0.003551 0.002261 0.005323 hargrave 2022-03-02 09:12:28 
TT 681 027.8 -04.5 028.2 -06.6 4.02E-06 002.2 273.6 -23.8 0.014696 0.008789 0.002747 hargrave 2022-03-02 15:14:20 
TT 683 070.8 -45.8 074.8 -44.9 2.55E-06 005.9 317.9 011.1 0.018474 0.018808 0.004420 hargrave 2022-03-03 16:14:09 
TT 685 223.1 045.9 227.2 047.0 2.48E-06 002.3 136.0 008.0 0.005258 0.004038 0.008632 hargrave 2022-03-04 14:01:00 
TT 689 071.8 -43.2 075.3 -42.2 2.30E-06 005.9 315.5 012.5 0.016888 0.017200 0.002498 hargrave 2022-03-06 16:11:43 
