AF2- 7a sun compass orientation
    0.3 201.9  73.0 240.0   4.0   1.0
NRM    235.2 036.8 238.2 037.0 2.01E-05 002.3 136.3 -14.2 0.057518 0.058264 0.038851 hargrave 2021-12-24 14:35:24 
TT 150 232.5 026.2 234.4 026.6 1.97E-05 002.5 125.7 -17.9 0.078774 0.063489 0.023545 hargrave 2021-12-25 15:33:54 
TT 300 246.2 013.1 247.1 012.6 2.10E-05 002.1 120.8 -35.8 0.058037 0.051615 0.029473 hargrave 2021-12-27 14:56:51 
TT 400 248.3 009.0 248.9 008.4 2.18E-05 002.8 117.8 -39.7 0.080085 0.060731 0.033472 hargrave 2021-12-28 15:01:30 
TT 450 249.5 007.5 250.0 006.9 2.26E-05 001.5 116.9 -41.4 0.030871 0.040490 0.039008 hargrave 2021-12-29 14:38:31 
TT 500 249.7 003.6 249.9 002.9 2.24E-05 002.4 112.4 -43.5 0.079006 0.049583 0.026733 hargrave 2021-12-30 15:35:58 
TT 550 252.6 006.0 253.0 005.1 2.19E-05 002.7 117.3 -44.9 0.082879 0.060739 0.033861 hargrave 2021-12-31 15:28:08 
TT 565 252.4 005.7 252.7 004.9 2.22E-05 002.0 116.8 -44.8 0.062520 0.040521 0.034331 hargrave 2022-01-01 11:25:02 
TT 580 254.1 009.6 254.7 008.6 2.14E-05 002.9 122.7 -44.1 0.082440 0.067027 0.028530 hargrave 2022-01-02 14:04:28 
TT 600 253.4 001.6 253.4 000.7 2.14E-05 004.7 112.3 -47.7 0.156112 0.076641 0.022419 hargrave 2022-02-07 20:07:13 
TT 610 254.0 006.6 254.4 005.6 2.07E-05 001.4 119.0 -45.7 0.031293 0.039155 0.023190 hargrave 2022-02-08 17:24:00 
TT 620 253.0 005.4 253.3 004.5 2.10E-05 006.5 116.8 -45.5 0.194479 0.131827 0.052744 hargrave 2022-02-09 15:19:20 
TT 630 251.8 007.9 252.3 007.0 2.18E-05 001.8 118.9 -43.2 0.036970 0.045896 0.048837 hargrave 2022-02-10 14:52:52 
TT 640 249.5 004.6 249.8 003.9 2.25E-05 004.0 113.5 -42.9 0.130518 0.077068 0.049512 hargrave 2022-02-11 10:15:02 
TT 650 253.0 006.8 253.4 005.8 2.20E-05 004.3 118.5 -44.8 0.123559 0.099662 0.052543 hargrave 2022-02-12 14:55:25 
TT 655 249.0 005.7 249.4 005.1 2.14E-05 002.8 114.5 -41.9 0.073343 0.063341 0.048865 hargrave 2022-02-13 18:37:12 
TT 660 252.6 008.0 253.1 007.1 1.94E-05 002.3 119.6 -43.8 0.048581 0.051808 0.047009 hargrave 2022-02-14 16:49:14 
TT 664 241.5 -00.3 241.5 -00.4 1.88E-05 004.5 103.3 -37.7 0.140708 0.046047 0.021406 hargrave 2022-02-15 14:16:26 
TT 667 251.5 005.7 251.9 004.9 1.66E-05 001.4 116.2 -44.1 0.026423 0.024175 0.024987 hargrave 2022-02-16 10:40:18 
TT 670 248.7 004.7 249.0 004.1 1.75E-05 003.5 113.1 -42.1 0.090427 0.056052 0.022766 hargrave 2022-02-17 10:18:01 
TT 673 249.1 009.1 249.8 008.5 1.30E-05 008.6 118.5 -40.3 0.163955 0.109178 0.023748 hargrave 2022-02-17 20:03:16 
TT 673 245.2 003.8 245.4 003.4 1.31E-05 000.9 109.9 -39.4 0.012176 0.019810 0.005535 hargrave 2022-02-18 08:18:21 
TT 675 245.4 011.9 246.2 011.5 1.16E-05 003.3 119.0 -35.7 0.051681 0.039136 0.019835 hargrave 2022-02-19 19:02:10 
TT 677 261.3 017.6 262.4 016.1 7.86E-06 006.7 137.5 -44.1 0.055579 0.073097 0.016770 hargrave 2022-02-21 11:18:43 
TT 679 261.1 007.9 261.6 006.4 6.36E-06 002.4 126.9 -50.7 0.015429 0.020603 0.009143 hargrave 2022-02-21 19:39:43 
TT 683 315.9 058.9 317.3 055.0 3.49E-06 006.8 192.4 -11.6 0.012354 0.039302 0.009218 hargrave 2022-02-22 20:22:10 
TT 685 153.5 -57.8 153.1 -53.8 8.55E-07 007.1 020.9 007.7 0.003441 0.010428 0.001003 hargrave 2022-02-23 19:42:26 
TT 688 064.1 040.6 060.7 040.8 3.18E-06 006.7 229.9 042.7 0.025756 0.026756 0.003896 hargrave 2022-02-24 20:01:22 
