AF2- 12a sun compass orientation
    2.4 229.2  87.0 240.0   4.0   1.0
NRM    274.5 -16.0 273.5 -18.2 6.58E-05 001.2 070.5 -44.2 0.135242 0.057090 0.056962 hargrave 2021-12-24 14:43:45 
TT 150 274.3 -18.7 273.1 -20.9 6.73E-05 002.1 066.9 -43.4 0.244755 0.074349 0.051638 hargrave 2021-12-25 15:42:09 
TT 300 273.6 -21.6 272.2 -23.8 7.03E-05 001.5 063.3 -42.0 0.169285 0.082999 0.058096 hargrave 2021-12-27 15:04:16 
TT 400 272.1 -20.2 270.8 -22.3 7.23E-05 001.9 065.6 -41.0 0.220836 0.125960 0.046491 hargrave 2021-12-28 15:08:58 
TT 450 270.9 -18.2 269.6 -20.3 7.26E-05 001.7 068.5 -40.3 0.175392 0.112173 0.054456 hargrave 2021-12-29 14:47:24 
TT 500 272.2 -20.1 270.9 -22.1 7.25E-05 001.7 065.8 -41.1 0.180385 0.112175 0.047864 hargrave 2021-12-30 15:44:49 
TT 550 272.4 -21.6 271.0 -23.7 7.09E-05 001.4 063.7 -40.9 0.123082 0.116482 0.049150 hargrave 2021-12-31 15:37:02 
TT 565 272.9 -20.4 271.6 -22.5 6.94E-05 003.7 065.1 -41.7 0.391223 0.214715 0.071866 hargrave 2022-01-01 11:33:54 
TT 580 272.9 -20.2 271.6 -22.3 6.90E-05 001.2 065.4 -41.7 0.116014 0.081714 0.049409 hargrave 2022-01-02 14:13:18 
TT 600 271.9 -23.8 270.3 -25.9 6.81E-05 002.1 061.1 -39.8 0.208553 0.117030 0.103050 hargrave 2022-02-07 20:16:50 
TT 610 273.7 -25.5 272.1 -27.7 6.63E-05 005.8 058.3 -40.9 0.578618 0.349627 0.039587 hargrave 2022-02-08 17:32:54 
TT 620 272.7 -23.1 271.1 -25.3 6.59E-05 003.3 061.7 -40.7 0.336988 0.188975 0.041892 hargrave 2022-02-09 15:28:13 
TT 630 271.6 -20.7 270.2 -22.8 6.61E-05 004.4 065.1 -40.4 0.464109 0.199592 0.040231 hargrave 2022-02-10 15:01:48 
TT 640 272.1 -22.4 270.6 -24.4 6.60E-05 003.5 062.9 -40.4 0.362804 0.180005 0.040510 hargrave 2022-02-11 10:23:54 
TT 650 272.0 -20.2 270.7 -22.3 6.51E-05 004.2 065.7 -40.9 0.432014 0.219940 0.050815 hargrave 2022-02-12 15:04:15 
TT 655 272.9 -24.1 271.3 -26.2 6.22E-05 003.0 060.4 -40.6 0.283920 0.168623 0.042424 hargrave 2022-02-13 18:46:05 
TT 660 271.7 -19.5 270.4 -21.5 5.89E-05 004.4 066.7 -40.8 0.421914 0.175256 0.038764 hargrave 2022-02-14 16:58:09 
TT 664 273.4 -22.9 271.9 -25.1 5.51E-05 001.1 061.7 -41.4 0.098394 0.061133 0.042613 hargrave 2022-02-15 14:25:20 
TT 667 273.0 -23.6 271.5 -25.7 5.13E-05 004.6 061.0 -40.9 0.367198 0.195732 0.034078 hargrave 2022-02-16 10:49:14 
TT 670 271.9 -23.7 270.3 -25.7 4.92E-05 005.4 061.3 -39.9 0.395946 0.246196 0.049872 hargrave 2022-02-17 10:26:57 
TT 673 271.2 -21.0 269.8 -23.0 4.55E-05 004.4 064.9 -40.0 0.315842 0.151193 0.031015 hargrave 2022-02-17 20:12:09 
TT 675 271.8 -20.4 270.5 -22.5 3.72E-05 002.9 065.4 -40.7 0.166508 0.111009 0.031310 hargrave 2022-02-19 19:11:03 
TT 677 271.9 -23.8 270.3 -25.9 3.28E-05 001.3 061.1 -39.8 0.063809 0.070588 0.033296 hargrave 2022-02-21 11:27:35 
TT 679 269.5 -18.8 268.2 -20.7 2.50E-05 001.5 068.2 -38.9 0.061348 0.048469 0.025110 hargrave 2022-02-21 19:48:36 
TT 683 269.3 -23.3 267.7 -25.2 1.05E-05 001.9 062.6 -37.7 0.029543 0.021234 0.025923 hargrave 2022-02-22 20:31:03 
TT 685 264.2 -14.5 263.2 -16.1 7.68E-06 003.5 074.4 -34.6 0.038524 0.019020 0.023493 hargrave 2022-02-23 19:51:16 
TT 688 357.4 -13.1 357.9 -16.7 7.90E-07 003.3 287.2 -50.9 0.003651 0.005718 0.002165 hargrave 2022-02-24 20:10:14 
