AF2- 29a mag compass orientation (IGRF corrected)
    8.3 226.5  73.0 240.0   4.0   1.0
NRM    240.6 079.2 260.6 078.5 4.03E-05 051.7 169.2 014.1 4.101672 0.782945 1.052694 hargrave 2022-02-07 14:35:38 
NRM    228.3 083.7 263.5 083.2 8.06E-05 001.1 173.4 016.7 0.073013 0.144739 0.046592 hargrave 2022-02-07 16:08:55 
TT 150 235.9 084.3 272.4 083.3 7.66E-05 008.9 174.2 016.0 0.120149 1.188378 0.137424 hargrave 2022-02-08 11:32:03 
TT 150 226.1 082.5 256.8 082.4 7.77E-05 000.5 172.2 016.9 0.024127 0.062253 0.041494 hargrave 2022-02-08 13:46:25 
TT 300 234.9 077.1 252.2 076.8 3.74E-05 054.1 166.8 014.7 3.762458 0.883783 1.013071 hargrave 2022-02-09 09:03:28 
TT 300 237.0 070.2 248.1 070.1 7.59E-05 000.6 160.1 012.5 0.039040 0.051716 0.057488 hargrave 2022-02-09 11:07:27 
TT 400 141.8 042.6 141.2 046.6 1.28E-09 048.6 171.1 064.0 0.000105 0.000109 0.000058 hargrave 2022-02-10 09:19:38 
TT 400 224.0 076.8 241.4 077.3 7.07E-05 000.6 166.2 017.1 0.061570 0.038766 0.043523 hargrave 2022-02-10 11:01:36 
TT 450 225.2 071.4 237.2 072.0 6.87E-05 000.6 160.6 016.5 0.048692 0.033486 0.044523 hargrave 2022-02-10 16:43:55 
TT 500 228.5 073.3 241.9 073.6 6.53E-05 007.6 162.6 015.7 0.249651 0.824463 0.107738 hargrave 2022-02-11 18:50:37 
TT 550 232.8 080.3 256.0 080.0 6.22E-05 002.5 170.0 015.7 0.058518 0.249036 0.104523 hargrave 2022-02-13 10:50:12 
TT 565 232.3 076.1 248.6 076.1 6.04E-05 002.6 165.7 015.1 0.071069 0.262264 0.071584 hargrave 2022-02-14 11:16:05 
TT 580 228.5 081.4 254.9 081.2 2.97E-05 037.5 171.0 016.5 3.010090 0.481470 0.901107 hargrave 2022-02-15 09:14:11 
TT 580 226.9 077.4 245.1 077.7 5.96E-05 000.8 166.9 016.5 0.050780 0.066056 0.038865 hargrave 2022-02-15 10:40:56 
TT 600 246.5 086.0 288.2 084.0 5.66E-05 003.9 176.1 015.6 0.058199 0.377233 0.065460 hargrave 2022-02-15 17:17:21 
TT 610 238.6 080.9 262.3 080.2 5.50E-05 002.8 170.8 014.9 0.080908 0.256108 0.038097 hargrave 2022-02-16 14:31:27 
TT 620 226.2 078.5 246.2 078.8 5.33E-05 005.1 168.0 016.7 0.116084 0.460968 0.080015 hargrave 2022-02-17 13:30:40 
TT 630 223.3 071.2 235.1 071.9 2.68E-05 048.2 160.3 017.1 2.574916 0.924695 0.841409 hargrave 2022-02-18 10:48:02 
TT 630 221.2 087.7 296.2 086.1 5.31E-05 000.6 177.6 017.2 0.031907 0.045255 0.037984 hargrave 2022-02-18 18:04:47 
TT 640 263.1 085.5 294.4 082.9 2.47E-05 047.6 176.3 014.3 2.556044 0.170866 0.654392 hargrave 2022-02-20 14:42:24 
TT 640 217.7 072.9 230.7 074.0 5.03E-05 000.7 162.1 018.8 0.049760 0.037411 0.030324 hargrave 2022-02-20 16:31:53 
TT 650 197.9 076.6 213.1 078.9 2.30E-05 042.3 167.2 023.0 2.204974 0.499212 0.957491 hargrave 2022-02-21 14:18:43 
TT 650 210.2 077.0 227.4 078.5 4.61E-05 000.6 166.7 020.2 0.028817 0.040965 0.033524 hargrave 2022-02-21 15:58:14 
TT 655 225.4 068.7 235.7 069.4 2.13E-05 064.3 157.8 016.2 2.022475 0.826364 0.636585 hargrave 2022-02-22 13:04:28 
TT 655 231.9 069.5 242.7 069.6 4.22E-05 000.8 158.9 014.0 0.048246 0.021122 0.037434 hargrave 2022-02-22 15:38:39 
TT 660 236.1 081.0 260.5 080.4 3.80E-05 002.5 170.8 015.3 0.039033 0.171733 0.021873 hargrave 2022-02-23 11:51:33 
TT 664 221.7 078.3 241.5 078.9 3.36E-05 006.2 167.8 017.6 0.080587 0.338390 0.123116 hargrave 2022-02-24 11:36:25 
TT 667 217.2 080.5 241.8 081.2 2.98E-05 001.0 170.1 018.3 0.052881 0.044178 0.026612 hargrave 2022-02-25 11:10:59 
TT 670 145.9 086.6 353.7 089.4 2.40E-05 016.2 179.4 020.4 0.055477 0.677919 0.156311 hargrave 2022-02-26 16:24:07 
TT 670 197.9 077.3 214.2 079.5 2.49E-05 000.8 167.9 022.7 0.012193 0.037261 0.017068 hargrave 2022-02-27 10:44:39 
TT 673 193.3 084.6 241.0 086.3 2.02E-05 002.7 175.2 019.9 0.035169 0.066935 0.066917 hargrave 2022-02-27 15:59:14 
TT 675 205.9 083.7 245.4 084.8 1.50E-05 005.8 173.8 019.1 0.026867 0.151934 0.014388 hargrave 2022-02-28 14:19:43 
TT 677 240.3 081.1 264.3 080.3 9.80E-06 002.4 171.1 014.7 0.027432 0.035008 0.020312 hargrave 2022-03-01 11:42:44 
TT 679 148.5 078.8 147.6 082.8 7.05E-06 005.6 177.4 027.9 0.019540 0.034173 0.059718 hargrave 2022-03-02 09:08:58 
TT 681 054.8 079.6 034.6 078.6 5.12E-06 003.8 190.8 018.2 0.008273 0.016267 0.031150 hargrave 2022-03-02 15:10:45 
TT 683 226.0 026.3 227.9 027.2 2.10E-06 004.7 115.2 007.9 0.014643 0.007310 0.007531 hargrave 2022-03-03 16:09:51 
TT 685 282.0 037.9 284.1 035.2 1.85E-06 004.8 150.1 -26.2 0.006412 0.006151 0.013226 hargrave 2022-03-04 13:56:50 
TT 689 212.4 042.8 215.8 044.5 1.49E-06 007.5 130.0 021.7 0.012222 0.011889 0.011565 hargrave 2022-03-06 16:07:36 
