AF2- 11a sun compass orientation
    2.4 210.2  83.0 240.0   4.0   1.0
NRM    275.9 -17.0 274.8 -19.3 2.14E-04 002.1 064.9 -64.2 0.698063 0.331122 0.072053 hargrave 2021-12-24 14:42:18 
TT 150 276.1 -16.9 275.1 -19.2 2.16E-04 001.2 065.1 -64.5 0.181736 0.391494 0.131722 hargrave 2021-12-25 15:40:37 
TT 300 276.3 -18.4 275.2 -20.7 2.19E-04 001.0 061.6 -64.1 0.334643 0.142312 0.082546 hargrave 2021-12-27 15:02:48 
TT 400 276.4 -18.5 275.2 -20.9 2.19E-04 001.4 061.3 -64.1 0.405527 0.365899 0.070637 hargrave 2021-12-28 15:07:31 
TT 450 276.4 -18.3 275.2 -20.6 2.17E-04 001.0 061.8 -64.2 0.320093 0.169534 0.081407 hargrave 2021-12-29 14:45:39 
TT 500 277.2 -19.7 275.9 -22.1 2.13E-04 001.8 058.2 -64.3 0.555089 0.337658 0.070697 hargrave 2021-12-30 15:43:04 
TT 550 277.2 -19.4 275.9 -21.8 2.07E-04 000.3 058.7 -64.4 0.071231 0.084159 0.066886 hargrave 2021-12-31 15:35:17 
TT 565 276.6 -18.5 275.4 -20.8 2.04E-04 000.8 061.2 -64.3 0.241806 0.169889 0.067499 hargrave 2022-01-01 11:32:10 
TT 580 276.7 -18.3 275.6 -20.6 2.01E-04 000.8 061.6 -64.5 0.242560 0.156163 0.062700 hargrave 2022-01-02 14:11:34 
TT 600 276.7 -19.4 275.5 -21.8 1.97E-04 002.5 059.1 -64.0 0.795625 0.307888 0.109763 hargrave 2022-02-07 20:15:07 
TT 610 276.6 -19.5 275.4 -21.8 1.94E-04 001.3 059.2 -63.9 0.251923 0.332636 0.102248 hargrave 2022-02-08 17:31:09 
TT 620 275.3 -16.9 274.2 -19.2 1.92E-04 000.7 065.6 -63.7 0.133366 0.166932 0.075357 hargrave 2022-02-09 15:26:28 
TT 630 276.1 -17.9 275.0 -20.2 1.91E-04 001.4 062.9 -64.1 0.454166 0.110579 0.083687 hargrave 2022-02-10 15:00:03 
TT 640 275.9 -17.7 274.8 -20.0 1.90E-04 001.2 063.5 -64.0 0.261141 0.294863 0.081146 hargrave 2022-02-11 10:22:10 
TT 650 275.8 -17.6 274.6 -19.9 1.88E-04 000.8 063.7 -63.9 0.238098 0.088753 0.087643 hargrave 2022-02-12 15:02:31 
TT 655 276.2 -18.1 275.0 -20.4 1.85E-04 000.6 062.4 -64.1 0.156922 0.098721 0.086372 hargrave 2022-02-13 18:44:20 
TT 660 275.9 -17.5 274.8 -19.8 1.78E-04 001.4 063.8 -64.1 0.422105 0.128689 0.077665 hargrave 2022-02-14 16:56:24 
TT 664 276.5 -19.1 275.3 -21.4 1.66E-04 000.8 060.0 -64.0 0.209660 0.075126 0.085268 hargrave 2022-02-15 14:23:36 
TT 667 275.4 -16.1 274.4 -18.4 1.59E-04 001.6 067.2 -64.1 0.360934 0.238704 0.064500 hargrave 2022-02-16 10:47:29 
TT 670 276.6 -19.0 275.4 -21.3 1.54E-04 001.0 060.2 -64.1 0.163824 0.213319 0.073220 hargrave 2022-02-17 10:25:12 
TT 673 275.9 -17.0 274.9 -19.3 1.46E-04 000.6 065.0 -64.3 0.061582 0.128135 0.067450 hargrave 2022-02-17 20:10:24 
TT 675 275.8 -16.6 274.7 -18.9 1.32E-04 001.0 066.0 -64.3 0.146236 0.158285 0.055077 hargrave 2022-02-19 19:09:17 
TT 677 276.7 -17.9 275.6 -20.3 1.13E-04 000.7 062.3 -64.6 0.134863 0.048800 0.042933 hargrave 2022-02-21 11:25:51 
TT 679 276.2 -15.9 275.2 -18.3 9.02E-05 000.6 067.1 -64.9 0.067111 0.053982 0.037384 hargrave 2022-02-21 19:46:52 
TT 683 276.7 -16.9 275.6 -19.2 4.51E-05 001.2 064.6 -65.0 0.075179 0.059739 0.019162 hargrave 2022-02-22 20:29:18 
TT 685 277.8 -16.1 276.8 -18.5 2.78E-05 001.0 065.5 -66.3 0.042108 0.019618 0.011712 hargrave 2022-02-23 19:49:32 
TT 688 289.9 -09.6 289.4 -12.6 6.25E-06 000.7 075.2 -79.5 0.005993 0.003985 0.002591 hargrave 2022-02-24 20:08:30 
