AF2- 43a mag compass orientation (IGRF corrected)
   12.6 213.5   7.0 240.0   4.0   1.0
NRM    354.1 028.3 353.3 024.6 6.23E-05 003.3 228.0 023.7 0.305547 0.137353 0.191237 hargrave 2022-02-07 14:55:12 
TT 150 355.7 027.9 354.9 024.3 6.13E-05 005.4 229.6 023.5 0.452722 0.280353 0.223023 hargrave 2022-02-08 11:54:55 
TT 300 352.2 026.3 351.5 022.6 5.76E-05 005.7 226.4 021.6 0.355063 0.441298 0.116860 hargrave 2022-02-09 09:26:20 
TT 400 356.6 024.6 355.8 021.0 5.44E-05 004.0 230.8 020.3 0.301667 0.207795 0.102105 hargrave 2022-02-10 09:42:37 
TT 450 357.5 025.3 356.7 021.8 5.25E-05 000.9 231.6 021.1 0.017604 0.093134 0.037842 hargrave 2022-02-10 17:07:39 
TT 500 356.4 024.1 355.7 020.5 5.03E-05 001.8 230.7 019.8 0.106216 0.089004 0.089212 hargrave 2022-02-11 19:13:24 
TT 550 354.4 024.2 353.7 020.6 4.59E-05 001.6 228.7 019.7 0.061758 0.079783 0.094078 hargrave 2022-02-13 11:13:58 
TT 565 354.6 022.5 354.0 018.8 4.29E-05 002.5 229.1 018.0 0.112034 0.130027 0.091742 hargrave 2022-02-14 11:39:01 
TT 580 349.3 023.1 348.8 019.3 4.14E-05 004.9 223.9 018.1 0.204942 0.279296 0.093542 hargrave 2022-02-15 09:37:06 
TT 600 357.1 024.0 356.4 020.4 3.76E-05 002.7 231.4 019.7 0.136189 0.047240 0.110546 hargrave 2022-02-15 17:41:00 
TT 610 354.4 024.3 353.7 020.7 3.47E-05 002.4 228.7 019.8 0.083555 0.107448 0.067472 hargrave 2022-02-16 14:55:10 
TT 620 354.2 028.9 353.3 025.2 3.18E-05 002.3 228.0 024.3 0.054948 0.069376 0.099691 hargrave 2022-02-17 13:54:18 
TT 630 347.9 027.5 347.4 023.7 2.91E-05 003.3 222.2 022.4 0.116660 0.108449 0.068887 hargrave 2022-02-18 11:12:34 
TT 640 350.8 026.1 350.2 022.4 2.71E-05 001.8 225.1 021.3 0.035146 0.057541 0.061540 hargrave 2022-02-20 15:06:17 
TT 650 344.8 021.1 344.5 017.3 2.28E-05 004.2 219.8 015.8 0.075736 0.141931 0.065752 hargrave 2022-02-21 14:41:43 
TT 655 341.2 021.7 341.0 017.8 1.83E-05 002.1 216.3 016.1 0.044497 0.043477 0.035965 hargrave 2022-02-22 13:28:07 
TT 660 335.8 021.3 335.7 017.3 1.70E-05 004.1 211.1 015.3 0.039484 0.111350 0.042683 hargrave 2022-02-23 12:14:24 
TT 664 341.6 022.8 341.3 018.8 1.28E-05 003.0 216.6 017.2 0.052377 0.049930 0.019953 hargrave 2022-02-24 12:00:01 
TT 667 335.1 021.4 335.0 017.4 1.28E-05 005.7 210.4 015.4 0.046979 0.120813 0.028006 hargrave 2022-02-25 11:34:32 
TT 670 313.7 029.6 314.3 025.8 9.67E-06 002.7 189.6 022.7 0.035942 0.024076 0.027060 hargrave 2022-02-26 16:46:09 
TT 673 325.2 031.8 325.4 027.9 9.07E-06 004.3 200.3 025.3 0.016710 0.066014 0.021068 hargrave 2022-02-27 16:21:25 
TT 675 328.5 015.5 328.6 011.5 1.08E-05 002.7 204.4 009.1 0.022315 0.044690 0.028762 hargrave 2022-02-28 14:41:49 
TT 677 330.1 002.0 330.1 -02.0 9.64E-06 002.8 206.7 -04.3 0.032761 0.033211 0.021092 hargrave 2022-03-01 12:04:47 
TT 679 296.6 011.4 297.0 008.0 4.75E-06 003.6 173.2 004.4 0.017343 0.027635 0.014926 hargrave 2022-03-02 09:27:46 
TT 681 301.7 014.4 302.1 010.9 4.92E-06 002.8 178.2 007.4 0.012965 0.009819 0.022965 hargrave 2022-03-02 15:29:23 
TT 683 252.4 032.0 254.8 031.1 3.95E-06 002.1 132.0 027.5 0.011804 0.004420 0.009944 hargrave 2022-03-03 16:32:32 
TT 685 069.1 027.3 067.0 027.8 1.74E-06 002.5 302.3 031.2 0.006075 0.003471 0.004486 hargrave 2022-03-04 14:18:58 
TT 689 251.0 -20.6 249.5 -21.3 4.65E-06 002.3 125.1 -24.7 0.014364 0.010467 0.011389 hargrave 2022-03-06 16:29:37 
