AF2- 3a sun compass orientation
    0.2 234.0  14.0 240.0   4.0   1.0
NRM    203.3 054.0 208.1 056.2 1.17E-05 001.2 079.3 059.0 0.022950 0.012641 0.017291 hargrave 2021-12-24 14:27:50 
TT 150 210.5 037.2 213.3 039.1 1.13E-05 002.1 077.5 041.6 0.034213 0.025289 0.008632 hargrave 2021-12-25 15:26:32 
TT 300 235.3 019.5 236.8 019.8 1.33E-05 004.4 096.2 018.6 0.102329 0.015743 0.009633 hargrave 2021-12-27 14:50:08 
TT 400 235.6 010.7 236.4 011.0 1.49E-05 001.3 094.2 010.0 0.033208 0.021093 0.012157 hargrave 2021-12-28 14:54:55 
TT 450 237.6 009.2 238.2 009.4 1.56E-05 001.2 095.7 008.1 0.027935 0.024904 0.013423 hargrave 2021-12-29 14:30:38 
TT 500 238.5 007.4 239.1 007.5 1.61E-05 001.1 096.2 006.1 0.028704 0.024449 0.013030 hargrave 2021-12-30 15:28:05 
TT 550 237.9 007.7 238.4 007.8 1.61E-05 002.5 095.6 006.5 0.068623 0.028904 0.012812 hargrave 2021-12-31 15:20:14 
TT 565 234.7 005.0 235.1 005.4 1.59E-05 003.7 091.9 004.7 0.102716 0.025000 0.013101 hargrave 2022-01-01 11:17:08 
TT 580 239.2 005.7 239.6 005.8 1.49E-05 001.2 096.4 004.3 0.029309 0.022422 0.012305 hargrave 2022-01-02 13:56:33 
TT 600 244.2 006.7 244.6 006.4 1.43E-05 001.6 101.5 004.1 0.043978 0.025050 0.011922 hargrave 2022-02-07 19:59:25 
TT 610 242.4 004.0 242.7 003.9 1.50E-05 007.9 099.1 001.9 0.206730 0.039018 0.010697 hargrave 2022-02-08 17:16:06 
TT 620 246.1 009.6 246.7 009.1 1.54E-05 005.7 104.0 006.4 0.150081 0.042123 0.011204 hargrave 2022-02-09 15:11:26 
TT 630 243.8 007.8 244.4 007.5 1.50E-05 002.0 101.4 005.2 0.049534 0.025811 0.010568 hargrave 2022-02-10 14:44:55 
TT 640 242.7 008.1 243.3 007.9 1.46E-05 003.1 100.4 005.8 0.077305 0.027899 0.010089 hargrave 2022-02-11 10:07:07 
TT 650 243.4 008.4 243.9 008.1 1.37E-05 008.1 101.1 005.9 0.192251 0.044779 0.010022 hargrave 2022-02-12 14:46:45 
TT 650 240.4 007.5 240.9 007.4 1.39E-05 001.1 098.0 005.7 0.021141 0.026100 0.010668 hargrave 2022-02-12 17:34:42 
TT 655 248.5 010.2 249.2 009.5 1.34E-05 002.7 106.5 006.4 0.061021 0.023535 0.010697 hargrave 2022-02-13 18:29:17 
TT 660 235.8 007.6 236.4 007.8 1.27E-05 006.2 093.6 006.9 0.136436 0.024572 0.012438 hargrave 2022-02-14 16:41:16 
TT 664 228.6 006.5 229.0 007.3 1.10E-05 004.6 086.3 007.6 0.087891 0.016188 0.013278 hargrave 2022-02-15 14:08:29 
TT 667 236.5 009.3 237.2 009.5 9.06E-06 001.5 094.7 008.4 0.022469 0.014413 0.007283 hargrave 2022-02-16 10:32:21 
TT 670 241.1 009.5 241.8 009.4 9.28E-06 002.2 099.2 007.5 0.034352 0.013515 0.006763 hargrave 2022-02-17 10:08:26 
TT 673 238.9 011.6 239.7 011.7 6.83E-06 002.4 097.6 010.1 0.027809 0.011596 0.006070 hargrave 2022-02-17 19:55:23 
TT 675 217.8 002.0 218.0 003.5 3.81E-06 010.9 074.7 005.8 0.072084 0.014316 0.005567 hargrave 2022-02-19 18:54:15 
TT 675 214.0 000.9 214.1 002.6 3.90E-06 001.3 070.7 005.6 0.008638 0.003080 0.004211 hargrave 2022-02-20 10:20:11 
TT 677 273.8 -22.3 272.4 -24.5 1.74E-06 003.6 124.2 -30.8 0.010179 0.004195 0.002347 hargrave 2022-02-21 11:10:46 
TT 679 098.6 044.4 095.4 046.8 1.44E-06 001.4 302.0 053.2 0.003042 0.004689 0.003601 hargrave 2022-02-21 19:31:48 
TT 683 314.7 064.8 316.6 060.9 6.92E-07 002.8 173.7 050.9 0.001326 0.001383 0.004869 hargrave 2022-02-22 20:14:14 
TT 685 028.6 -13.6 029.5 -15.6 2.95E-06 002.1 248.4 -19.2 0.009261 0.004040 0.006198 hargrave 2022-02-23 19:34:33 
TT 688 096.8 -03.2 096.9 -00.8 1.54E-06 001.4 312.5 006.3 0.002570 0.002722 0.002227 hargrave 2022-02-24 19:51:51 
