AF2- 25a mag compass orientation (IGRF corrected)
   8.25 256.5  89.0 240.0   4.0   1.0
NRM    068.9 015.2 067.8 015.8 1.98E-04 002.4 254.5 -07.1 0.737871 0.288224 0.229008 hargrave 2022-02-07 14:28:25 
TT 150 068.1 015.3 067.0 015.8 1.95E-04 004.5 254.4 -07.8 1.485683 0.381284 0.140640 hargrave 2022-02-08 11:25:00 
TT 300 067.4 017.2 066.1 017.6 1.91E-04 001.6 252.5 -08.4 0.455984 0.244972 0.123440 hargrave 2022-02-09 08:56:26 
TT 400 067.3 011.3 066.5 011.8 1.82E-04 002.3 258.4 -08.8 0.707544 0.219114 0.114939 hargrave 2022-02-10 09:11:42 
TT 450 066.9 020.0 065.4 020.4 1.76E-04 000.4 249.6 -08.7 0.042159 0.068321 0.119072 hargrave 2022-02-10 16:36:05 
TT 500 067.2 008.6 066.6 009.1 1.69E-04 000.7 261.1 -09.0 0.184595 0.044431 0.122959 hargrave 2022-02-11 18:43:35 
TT 550 067.0 013.7 066.0 014.1 1.59E-04 004.4 256.0 -09.0 1.183264 0.352906 0.109087 hargrave 2022-02-13 10:43:11 
TT 565 066.6 017.9 065.3 018.3 1.55E-04 004.9 251.7 -09.1 1.254488 0.449645 0.119620 hargrave 2022-02-14 11:09:03 
TT 580 066.9 012.8 066.0 013.2 1.51E-04 001.2 256.9 -09.1 0.289344 0.120627 0.103237 hargrave 2022-02-15 09:06:19 
TT 600 066.8 015.0 065.7 015.5 1.44E-04 009.1 254.6 -09.1 2.192894 0.751147 0.099056 hargrave 2022-02-15 17:10:19 
TT 600 066.0 019.7 064.6 020.1 1.45E-04 000.5 249.8 -09.5 0.071254 0.038602 0.108244 hargrave 2022-02-15 19:00:13 
TT 610 066.8 012.1 065.9 012.5 1.42E-04 000.5 257.6 -09.3 0.088236 0.067988 0.094816 hargrave 2022-02-16 14:23:37 
TT 620 066.3 015.8 065.2 016.2 1.38E-04 000.6 253.8 -09.5 0.130792 0.068598 0.095269 hargrave 2022-02-17 13:22:02 
TT 630 066.4 014.2 065.4 014.6 1.37E-04 000.9 255.4 -09.5 0.189111 0.109157 0.094251 hargrave 2022-02-18 10:38:36 
TT 640 067.3 014.9 066.3 015.3 1.34E-04 003.6 254.8 -08.6 0.813041 0.235219 0.107462 hargrave 2022-02-20 14:33:41 
TT 650 066.9 016.0 065.8 016.5 1.31E-04 001.1 253.6 -08.9 0.180610 0.080484 0.178328 hargrave 2022-02-21 14:11:39 
TT 655 066.1 017.4 064.9 017.7 1.27E-04 003.9 252.2 -09.6 0.820122 0.270525 0.112949 hargrave 2022-02-22 12:56:38 
TT 660 066.3 013.6 065.3 014.0 1.21E-04 002.6 256.0 -09.7 0.511875 0.171500 0.098035 hargrave 2022-02-23 11:44:31 
TT 664 065.8 017.1 064.6 017.5 1.16E-04 001.2 252.4 -09.9 0.207518 0.101786 0.077461 hargrave 2022-02-24 11:29:23 
TT 667 066.1 015.2 065.0 015.6 1.05E-04 004.1 254.4 -09.8 0.723740 0.187854 0.069176 hargrave 2022-02-25 11:03:58 
TT 670 356.5 -27.9 357.5 -31.4 1.75E-05 078.6 341.3 -61.5 3.138287 9.939561 0.248959 hargrave 2022-02-26 16:04:56 
TT 670 065.5 016.7 064.3 017.1 9.92E-05 000.5 252.8 -10.2 0.061604 0.028290 0.073210 hargrave 2022-02-27 10:41:32 
TT 673 065.3 018.0 064.0 018.3 9.38E-05 004.9 251.5 -10.3 0.754863 0.280392 0.113698 hargrave 2022-02-27 15:52:08 
TT 675 065.4 009.1 064.7 009.5 8.33E-05 003.2 260.5 -10.8 0.450113 0.111954 0.053882 hargrave 2022-02-28 14:12:41 
TT 677 065.4 015.4 064.3 015.8 7.50E-05 006.9 254.1 -10.4 0.868687 0.268797 0.073354 hargrave 2022-03-01 11:35:43 
TT 679 065.5 013.8 064.5 014.1 5.70E-05 001.0 255.8 -10.4 0.066694 0.092798 0.060090 hargrave 2022-03-02 09:03:06 
TT 681 065.9 015.6 064.8 015.9 4.81E-05 001.4 254.0 -09.9 0.082372 0.083015 0.067126 hargrave 2022-03-02 15:04:53 
TT 683 066.7 007.9 066.1 008.4 2.30E-05 002.4 261.8 -09.6 0.090450 0.052592 0.019676 hargrave 2022-03-03 16:02:38 
TT 685 066.7 019.8 065.2 020.2 2.09E-05 006.1 249.8 -08.9 0.211052 0.089659 0.015669 hargrave 2022-03-04 13:49:47 
TT 689 050.6 010.7 049.9 010.0 3.65E-06 007.0 257.7 -25.2 0.042958 0.012708 0.004702 hargrave 2022-03-06 16:00:34 
