AF2- 18a sun compass orientation
   2.55 262.7  92.0 240.0   4.0   1.0
NRM    279.3 -05.0 278.9 -07.5 3.75E-05 002.1 084.2 -16.3 0.126795 0.056574 0.027273 hargrave 2022-02-07 14:19:42 
TT 150 279.5 -01.8 279.3 -04.4 3.80E-05 001.2 087.5 -16.7 0.070403 0.056085 0.041399 hargrave 2022-02-08 11:15:19 
TT 300 280.2 -12.9 279.5 -15.5 4.08E-05 002.0 075.9 -16.6 0.141103 0.072824 0.038661 hargrave 2022-02-09 08:46:49 
TT 400 280.2 -09.9 279.6 -12.5 4.37E-05 001.3 079.0 -16.9 0.090911 0.074599 0.040167 hargrave 2022-02-10 09:01:59 
TT 450 279.6 -11.4 278.9 -14.0 4.55E-05 000.8 077.5 -16.1 0.052046 0.058198 0.049923 hargrave 2022-02-10 16:26:07 
TT 500 279.2 -09.8 278.6 -12.3 4.68E-05 002.1 079.2 -15.9 0.165821 0.090671 0.039897 hargrave 2022-02-11 18:34:43 
TT 550 279.8 -12.5 279.0 -15.0 4.74E-05 005.0 076.4 -16.2 0.398118 0.128699 0.041269 hargrave 2022-02-13 10:33:30 
TT 565 279.1 -07.3 278.6 -09.8 4.73E-05 000.7 081.8 -16.0 0.041125 0.089240 0.040931 hargrave 2022-02-14 11:00:09 
TT 580 278.0 -07.8 277.5 -10.2 4.74E-05 001.8 081.4 -14.9 0.144003 0.085428 0.036399 hargrave 2022-02-15 08:57:26 
TT 600 278.8 -07.9 278.2 -10.4 4.70E-05 001.0 081.2 -15.6 0.070293 0.088034 0.041387 hargrave 2022-02-15 17:01:27 
TT 610 278.7 -11.5 277.9 -14.0 4.56E-05 004.7 077.5 -15.2 0.361381 0.117365 0.030573 hargrave 2022-02-16 14:14:46 
TT 620 277.4 -08.9 276.8 -11.3 4.48E-05 001.4 080.3 -14.2 0.099111 0.079938 0.033523 hargrave 2022-02-17 13:13:08 
TT 630 277.8 -12.4 277.0 -14.8 4.48E-05 002.4 076.7 -14.3 0.181925 0.094195 0.038202 hargrave 2022-02-18 10:29:43 
TT 640 281.1 -10.4 280.5 -13.0 4.66E-05 005.6 078.4 -17.7 0.067274 0.085624 0.525492 hargrave 2022-02-20 14:23:54 
TT 650 279.0 -12.2 278.3 -14.7 4.47E-05 000.9 076.8 -15.5 0.064173 0.085445 0.030450 hargrave 2022-02-21 14:02:45 
TT 655 278.7 -10.9 278.0 -13.4 4.43E-05 003.2 078.1 -15.3 0.244158 0.088595 0.038146 hargrave 2022-02-22 12:46:57 
TT 660 276.6 -08.8 276.0 -11.1 3.06E-05 005.1 080.5 -13.4 0.268335 0.082235 0.030905 hargrave 2022-02-23 11:35:39 
TT 664 279.3 -14.6 278.4 -17.1 2.90E-05 003.8 074.3 -15.5 0.186871 0.081115 0.028173 hargrave 2022-02-24 11:20:30 
TT 667 279.9 -12.3 279.1 -14.8 2.32E-05 001.6 076.6 -16.3 0.061810 0.057490 0.027277 hargrave 2022-02-25 10:55:08 
TT 670 280.7 -08.5 280.2 -11.1 2.01E-05 004.5 080.4 -17.5 0.150763 0.075686 0.026503 hargrave 2022-02-26 15:56:04 
TT 673 276.8 -09.9 276.1 -12.3 1.36E-05 004.3 079.3 -13.5 0.098393 0.023629 0.026807 hargrave 2022-02-27 15:42:24 
TT 675 279.4 -14.8 278.5 -17.3 7.51E-06 006.7 074.0 -15.6 0.086799 0.022116 0.005475 hargrave 2022-02-28 14:03:47 
TT 677 281.3 -24.3 279.8 -26.9 5.79E-06 004.2 064.0 -16.0 0.038240 0.022367 0.005058 hargrave 2022-03-01 11:26:02 
TT 679 292.2 004.4 292.4 001.2 6.23E-06 003.0 093.9 -29.6 0.031580 0.010567 0.006354 hargrave 2022-03-02 08:55:02 
TT 681 304.6 -07.5 304.3 -11.1 4.50E-06 001.4 078.3 -41.1 0.010536 0.006638 0.002577 hargrave 2022-03-02 14:56:44 
TT 683 243.8 -35.5 240.9 -35.7 2.68E-06 002.4 053.4 016.5 0.010079 0.007785 0.003882 hargrave 2022-03-03 15:52:31 
TT 685 035.7 020.8 034.3 019.1 1.04E-06 002.5 242.5 -44.1 0.002826 0.002939 0.004478 hargrave 2022-03-04 13:40:51 
TT 689 236.5 -15.3 235.4 -15.1 3.35E-06 003.0 073.9 025.8 0.017333 0.006028 0.001475 hargrave 2022-03-06 15:51:42 
