AF2- 13a sun compass orientation
    2.4 223.5  87.0 240.0   4.0   1.0
NRM    282.2 -05.4 281.9 -08.1 6.06E-05 003.2 084.5 -58.7 0.326201 0.100747 0.035709 hargrave 2021-12-24 14:45:12 
TT 150 281.7 -12.0 280.9 -14.7 6.17E-05 001.5 072.3 -57.2 0.131759 0.110988 0.033751 hargrave 2021-12-25 15:43:33 
TT 300 281.5 -14.3 280.7 -16.9 6.54E-05 001.4 068.4 -56.5 0.117886 0.117780 0.042961 hargrave 2021-12-27 15:05:40 
TT 400 281.3 -14.9 280.4 -17.5 6.75E-05 001.4 067.5 -56.1 0.134944 0.107385 0.037270 hargrave 2021-12-28 15:10:21 
TT 450 281.2 -15.4 280.3 -18.0 6.86E-05 001.0 066.7 -55.9 0.087223 0.079204 0.042286 hargrave 2021-12-29 14:49:05 
TT 500 281.6 -16.7 280.6 -19.3 6.89E-05 001.0 064.3 -55.8 0.089242 0.080788 0.044269 hargrave 2021-12-30 15:46:30 
TT 550 281.7 -16.1 280.8 -18.8 6.85E-05 003.3 065.1 -56.1 0.362474 0.165579 0.038733 hargrave 2021-12-31 15:38:44 
TT 565 281.9 -15.7 281.0 -18.4 6.83E-05 001.2 065.7 -56.4 0.123151 0.084542 0.041383 hargrave 2022-01-01 11:35:35 
TT 580 281.5 -14.4 280.6 -17.0 6.77E-05 000.8 068.2 -56.4 0.056971 0.079850 0.038225 hargrave 2022-01-02 14:14:59 
TT 600 281.0 -14.4 280.2 -17.0 6.69E-05 002.5 068.5 -56.0 0.261070 0.123858 0.042033 hargrave 2022-02-07 20:18:30 
TT 610 281.1 -14.4 280.3 -17.0 6.53E-05 000.9 068.4 -56.1 0.078115 0.071800 0.032482 hargrave 2022-02-08 17:34:35 
TT 620 281.3 -15.0 280.4 -17.6 6.49E-05 003.0 067.2 -56.1 0.301260 0.155787 0.033274 hargrave 2022-02-09 15:29:54 
TT 630 280.7 -13.3 279.9 -15.9 6.49E-05 001.0 070.5 -56.0 0.091658 0.065497 0.035166 hargrave 2022-02-10 15:03:29 
TT 640 280.6 -14.5 279.8 -17.1 6.50E-05 000.7 068.5 -55.6 0.049228 0.067047 0.038579 hargrave 2022-02-11 10:25:36 
TT 650 281.1 -16.8 280.1 -19.4 6.50E-05 000.9 064.3 -55.3 0.079360 0.071052 0.041168 hargrave 2022-02-12 15:05:56 
TT 655 280.3 -16.2 279.3 -18.7 6.27E-05 001.0 065.8 -54.8 0.084384 0.078480 0.040781 hargrave 2022-02-13 18:47:47 
TT 660 280.9 -14.4 280.1 -17.0 5.93E-05 000.8 068.4 -55.9 0.052576 0.067149 0.031559 hargrave 2022-02-14 16:59:51 
TT 664 280.5 -16.7 279.5 -19.2 5.33E-05 000.7 064.9 -54.8 0.042157 0.054561 0.036522 hargrave 2022-02-15 14:27:02 
TT 667 280.4 -14.9 279.5 -17.5 5.12E-05 002.0 067.8 -55.3 0.141155 0.106995 0.039823 hargrave 2022-02-16 10:50:56 
TT 670 279.6 -14.8 278.8 -17.3 4.86E-05 001.0 068.4 -54.6 0.065217 0.060217 0.039529 hargrave 2022-02-17 10:28:39 
TT 673 279.0 -13.5 278.1 -16.0 4.37E-05 001.2 070.9 -54.3 0.076022 0.060105 0.033494 hargrave 2022-02-17 20:13:50 
TT 675 277.8 -16.6 276.8 -19.0 3.05E-05 002.3 066.4 -52.4 0.114676 0.051271 0.029563 hargrave 2022-02-19 19:12:45 
TT 677 279.7 -15.3 278.8 -17.8 2.72E-05 001.2 067.6 -54.5 0.048880 0.029261 0.030106 hargrave 2022-02-21 11:29:16 
TT 679 280.5 -14.5 279.7 -17.1 2.15E-05 002.6 068.5 -55.5 0.088901 0.043899 0.020731 hargrave 2022-02-21 19:50:18 
TT 683 282.5 -13.9 281.7 -16.6 6.96E-06 000.9 068.5 -57.5 0.007695 0.007900 0.002148 hargrave 2022-02-22 20:32:45 
TT 685 303.1 -06.7 302.8 -10.3 4.56E-06 002.4 069.7 -79.0 0.008097 0.017095 0.003434 hargrave 2022-02-23 19:52:57 
TT 688 246.2 -18.9 244.8 -19.3 8.69E-07 003.3 070.8 -22.4 0.003738 0.004224 0.002543 hargrave 2022-02-24 20:11:55 
