AF2- 27a mag compass orientation (IGRF corrected)
    8.3 227.5  72.0 240.0   4.0   1.0
NRM    068.7 030.0 066.4 030.5 1.36E-04 002.3 244.9 026.9 0.490525 0.203414 0.148651 hargrave 2022-02-07 14:32:37 
TT 150 069.0 032.2 066.5 032.8 1.34E-04 001.3 242.4 027.4 0.239274 0.115758 0.167709 hargrave 2022-02-08 11:29:15 
TT 300 068.9 029.9 066.6 030.4 1.29E-04 001.0 245.0 027.1 0.180416 0.110043 0.078499 hargrave 2022-02-09 09:00:39 
TT 400 068.8 030.1 066.5 030.6 1.22E-04 002.6 244.8 027.0 0.487142 0.262936 0.078168 hargrave 2022-02-10 09:16:01 
TT 450 068.7 030.2 066.3 030.8 1.18E-04 000.5 244.6 026.9 0.044184 0.048249 0.102419 hargrave 2022-02-10 16:41:07 
TT 500 068.3 029.6 066.0 030.1 1.12E-04 004.0 245.3 026.5 0.677798 0.361264 0.133902 hargrave 2022-02-11 18:47:49 
TT 550 067.8 028.5 065.6 029.0 5.29E-05 061.3 246.4 025.9 2.032571 4.660785 2.467326 hargrave 2022-02-13 10:47:25 
TT 550 068.7 036.8 065.7 037.3 1.06E-04 000.6 237.2 027.4 0.022532 0.102324 0.071891 hargrave 2022-02-13 13:23:42 
TT 565 067.7 035.5 064.8 035.9 1.02E-04 002.3 238.7 026.5 0.354661 0.176573 0.135669 hargrave 2022-02-14 11:13:17 
TT 580 069.0 029.6 066.7 030.1 9.91E-05 002.3 245.4 027.1 0.355323 0.151535 0.111556 hargrave 2022-02-15 09:10:35 
TT 600 068.8 029.0 066.6 029.5 9.59E-05 002.6 246.0 026.9 0.379012 0.174605 0.131088 hargrave 2022-02-15 17:14:33 
TT 610 067.5 037.8 064.4 038.2 9.26E-05 001.7 236.1 026.5 0.169354 0.159857 0.138984 hargrave 2022-02-16 14:28:40 
TT 620 068.9 025.7 066.9 026.2 9.10E-05 004.2 249.7 026.5 0.627675 0.243965 0.068509 hargrave 2022-02-17 13:27:52 
TT 630 068.2 030.5 065.8 031.0 8.95E-05 001.7 244.3 026.5 0.220377 0.107754 0.104775 hargrave 2022-02-18 10:44:27 
TT 640 068.0 029.8 065.7 030.3 8.69E-05 001.6 245.0 026.3 0.211749 0.106257 0.078591 hargrave 2022-02-20 14:39:35 
TT 650 067.9 031.1 065.5 031.5 8.41E-05 000.9 243.6 026.3 0.076745 0.046511 0.095796 hargrave 2022-02-21 14:15:54 
TT 655 067.8 030.6 065.4 031.1 8.03E-05 001.4 244.1 026.2 0.161635 0.083244 0.080969 hargrave 2022-02-22 13:00:52 
TT 660 064.8 024.4 063.0 024.7 9.20E-05 003.3 250.4 022.7 0.456352 0.224382 0.173045 hargrave 2022-02-23 11:48:45 
TT 664 063.9 029.9 061.6 030.1 8.81E-05 001.3 244.4 022.8 0.064030 0.088293 0.171234 hargrave 2022-02-24 11:33:37 
TT 667 067.2 032.8 064.6 033.2 3.26E-05 060.2 241.6 025.9 1.491100 2.755775 1.522632 hargrave 2022-02-25 11:08:12 
TT 667 069.6 032.2 067.1 032.8 6.58E-05 000.6 242.5 027.9 0.048211 0.033882 0.041733 hargrave 2022-02-25 16:11:18 
TT 670 069.3 024.8 067.5 025.4 6.15E-05 003.2 250.7 026.8 0.320207 0.115146 0.062213 hargrave 2022-02-26 16:09:10 
TT 673 068.7 032.5 066.1 033.0 5.33E-05 002.2 242.1 027.1 0.169529 0.080425 0.101070 hargrave 2022-02-27 15:56:24 
TT 675 069.2 026.3 067.2 026.9 3.96E-05 000.9 249.0 026.9 0.032852 0.042896 0.044233 hargrave 2022-02-28 14:16:56 
TT 677 067.0 028.3 064.8 028.8 3.28E-05 001.6 246.5 025.2 0.074066 0.042339 0.048898 hargrave 2022-03-01 11:39:57 
TT 679 068.3 030.7 065.9 031.2 2.16E-05 002.5 244.0 026.6 0.064388 0.062689 0.059178 hargrave 2022-03-02 09:06:42 
TT 681 067.2 028.8 065.0 029.3 1.59E-05 002.5 246.0 025.5 0.053581 0.043447 0.036624 hargrave 2022-03-02 15:08:28 
TT 683 064.4 024.7 062.6 025.0 7.02E-06 001.4 250.0 022.4 0.008164 0.014325 0.011549 hargrave 2022-03-03 16:06:55 
TT 685 072.5 033.0 070.0 033.8 6.95E-06 001.4 241.7 030.4 0.013860 0.010343 0.010003 hargrave 2022-03-04 13:54:02 
TT 689 140.9 000.6 140.9 004.6 2.65E-06 002.2 011.3 072.3 0.006943 0.006842 0.003831 hargrave 2022-03-06 16:04:48 
