AF2- 6a sun compass orientation
   0.25 203.6  70.0 240.0   4.0   1.0
NRM    250.8 053.0 255.9 052.0 1.87E-05 002.9 155.6 -08.2 0.036381 0.093244 0.051303 hargrave 2021-12-24 14:33:57 
TT 150 247.1 038.6 250.2 038.0 1.61E-05 004.4 143.6 -17.0 0.076787 0.095571 0.027742 hargrave 2021-12-25 15:32:27 
TT 300 255.7 027.7 257.7 026.6 1.83E-05 002.3 141.2 -29.8 0.060302 0.015719 0.049990 hargrave 2021-12-27 14:55:24 
TT 400 253.5 019.7 254.9 018.7 1.93E-05 001.6 132.9 -34.2 0.034227 0.016638 0.043112 hargrave 2021-12-28 15:00:07 
TT 450 257.7 022.3 259.2 021.0 1.96E-05 002.8 138.5 -35.1 0.070686 0.050152 0.049170 hargrave 2021-12-29 14:36:50 
TT 500 252.9 018.9 254.2 017.9 1.98E-05 003.6 131.7 -34.3 0.087110 0.083047 0.045103 hargrave 2021-12-30 15:34:18 
TT 550 260.3 022.5 261.7 021.0 1.94E-05 004.6 140.8 -36.5 0.085691 0.126608 0.045543 hargrave 2021-12-31 15:26:27 
TT 565 259.9 021.9 261.4 020.5 1.98E-05 001.5 140.1 -36.7 0.033038 0.028307 0.036487 hargrave 2022-01-01 11:23:21 
TT 580 258.2 020.9 259.6 019.6 1.99E-05 001.8 137.8 -36.4 0.035275 0.045643 0.036645 hargrave 2022-01-02 14:02:47 
TT 600 251.5 014.9 252.5 014.0 2.08E-05 001.7 126.9 -35.9 0.049959 0.031237 0.042160 hargrave 2022-02-07 20:05:32 
TT 610 251.3 016.8 252.5 016.0 2.07E-05 002.2 128.6 -34.5 0.047666 0.052944 0.046028 hargrave 2022-02-08 17:22:19 
TT 620 257.4 015.3 258.4 014.1 2.19E-05 003.6 132.1 -39.9 0.082821 0.101717 0.049241 hargrave 2022-02-09 15:17:39 
TT 630 257.3 014.2 258.2 012.9 2.14E-05 001.5 130.9 -40.6 0.032939 0.033374 0.041256 hargrave 2022-02-10 14:51:10 
TT 640 256.5 014.6 257.4 013.4 2.10E-05 002.8 130.6 -39.7 0.053724 0.073197 0.056955 hargrave 2022-02-11 10:13:20 
TT 650 262.6 011.6 263.4 010.0 2.00E-05 004.0 133.4 -46.1 0.073227 0.110207 0.047832 hargrave 2022-02-12 14:53:45 
TT 655 258.7 013.3 259.6 012.0 1.90E-05 002.1 131.3 -42.2 0.037475 0.051298 0.035856 hargrave 2022-02-13 18:35:31 
TT 660 262.0 010.0 262.6 008.5 1.84E-05 002.6 131.1 -46.8 0.044716 0.066158 0.032896 hargrave 2022-02-14 16:47:32 
TT 664 266.9 010.0 267.5 008.2 1.65E-05 003.7 136.4 -50.1 0.043473 0.092454 0.034324 hargrave 2022-02-15 14:14:44 
TT 667 258.5 006.3 258.9 005.0 1.30E-05 002.7 123.7 -46.6 0.052795 0.028785 0.018580 hargrave 2022-02-16 10:38:36 
TT 670 258.0 007.4 258.4 006.2 1.34E-05 001.5 124.5 -45.5 0.017905 0.023341 0.020793 hargrave 2022-02-17 10:16:19 
TT 673 256.2 006.3 256.6 005.1 1.08E-05 001.9 121.7 -44.8 0.015111 0.025396 0.023484 hargrave 2022-02-17 20:01:34 
TT 675 273.9 -00.1 273.9 -02.3 8.59E-06 001.5 133.6 -62.3 0.016398 0.010004 0.014181 hargrave 2022-02-19 19:00:28 
TT 677 279.0 -23.1 277.6 -25.6 4.82E-06 003.0 074.6 -76.1 0.025096 0.003274 0.002861 hargrave 2022-02-21 11:16:59 
TT 679 264.4 016.7 265.4 015.0 3.48E-06 003.0 139.9 -43.4 0.015313 0.005272 0.009543 hargrave 2022-02-21 19:38:02 
TT 683 279.1 -29.2 277.2 -31.7 3.09E-06 001.7 052.2 -73.9 0.008879 0.002143 0.000988 hargrave 2022-02-22 20:20:28 
TT 685 229.7 -47.2 225.5 -46.3 2.46E-06 002.4 046.1 -32.1 0.005605 0.006174 0.008810 hargrave 2022-02-23 19:40:44 
TT 688 323.2 -47.4 322.6 -51.4 1.76E-06 004.0 325.7 -53.6 0.010228 0.007225 0.001980 hargrave 2022-02-24 19:59:40 
