AF2- 4a sun compass orientation
    0.2 244.9  15.0 240.0   4.0   1.0
NRM    159.7 060.2 161.1 064.1 1.67E-05 001.5 009.3 075.1 0.038290 0.020410 0.013972 hargrave 2021-12-24 14:29:09 
TT 150 165.4 054.2 167.1 058.0 1.49E-05 001.6 017.2 068.8 0.028916 0.023072 0.022420 hargrave 2021-12-25 15:27:51 
TT 300 196.0 048.7 199.5 051.4 1.31E-05 002.2 056.6 058.7 0.043415 0.027168 0.011433 hargrave 2021-12-27 14:51:27 
TT 400 213.5 042.3 216.9 044.0 1.29E-05 001.6 072.6 048.6 0.033278 0.012982 0.008603 hargrave 2021-12-28 14:56:10 
TT 450 219.0 035.1 221.7 036.5 1.35E-05 004.6 075.1 040.4 0.105532 0.027512 0.009227 hargrave 2021-12-29 14:32:11 
TT 500 229.5 033.3 232.2 033.9 1.41E-05 004.3 084.9 036.0 0.102368 0.023753 0.013699 hargrave 2021-12-30 15:29:38 
TT 550 226.0 028.9 228.2 029.8 1.30E-05 005.6 079.8 032.7 0.123385 0.030715 0.010053 hargrave 2021-12-31 15:21:48 
TT 565 230.5 024.9 232.3 025.5 1.42E-05 005.1 082.9 027.7 0.123891 0.030602 0.012865 hargrave 2022-01-01 11:18:41 
TT 580 229.9 023.9 231.7 024.5 1.42E-05 001.8 082.0 026.9 0.042186 0.020704 0.010209 hargrave 2022-01-02 13:58:08 
TT 600 236.6 021.3 238.2 021.5 1.41E-05 001.6 087.8 022.7 0.034845 0.023870 0.010717 hargrave 2022-02-07 20:02:13 
TT 610 228.1 021.8 229.7 022.6 1.42E-05 002.6 079.6 025.4 0.062176 0.021582 0.009531 hargrave 2022-02-08 17:17:39 
TT 620 232.6 015.3 233.7 015.7 1.45E-05 003.7 082.1 017.9 0.090747 0.026082 0.011777 hargrave 2022-02-09 15:12:59 
TT 630 233.1 013.7 234.1 014.2 1.49E-05 005.7 082.2 016.3 0.147729 0.027689 0.013812 hargrave 2022-02-10 14:46:29 
TT 640 233.9 014.8 235.0 015.2 1.39E-05 001.9 083.3 017.1 0.043747 0.019260 0.013335 hargrave 2022-02-11 10:08:41 
TT 650 236.6 018.2 238.0 018.4 1.31E-05 003.2 086.9 019.7 0.072906 0.018044 0.012902 hargrave 2022-02-12 14:48:19 
TT 655 237.2 017.4 238.4 017.6 1.33E-05 001.4 087.2 018.8 0.028257 0.017954 0.015763 hargrave 2022-02-13 18:30:50 
TT 660 244.1 017.1 245.3 016.8 1.24E-05 002.8 093.8 016.7 0.057677 0.015011 0.019028 hargrave 2022-02-14 16:42:50 
TT 664 241.8 010.9 242.6 010.7 1.20E-05 002.2 089.9 011.3 0.043654 0.014963 0.017672 hargrave 2022-02-15 14:10:03 
TT 667 244.5 014.9 245.6 014.6 1.09E-05 002.6 093.6 014.5 0.046822 0.013144 0.014909 hargrave 2022-02-16 10:33:55 
TT 670 242.3 012.2 243.2 012.1 9.50E-06 002.1 090.7 012.5 0.031732 0.011635 0.014080 hargrave 2022-02-17 10:10:01 
TT 673 235.4 006.4 235.9 006.7 6.22E-06 005.2 082.5 008.6 0.056105 0.008631 0.007554 hargrave 2022-02-17 19:56:56 
TT 675 235.4 -01.7 235.3 -01.4 5.66E-06 001.8 080.4 000.8 0.018211 0.006949 0.003782 hargrave 2022-02-19 18:55:48 
TT 677 191.0 -36.4 189.2 -33.4 1.91E-06 002.6 031.2 -23.9 0.005915 0.006402 0.003382 hargrave 2022-02-21 11:12:19 
TT 679 253.0 007.7 253.5 006.8 1.44E-06 002.5 099.8 005.4 0.006042 0.004105 0.003112 hargrave 2022-02-21 19:33:21 
TT 683 325.4 -21.2 325.2 -25.2 7.12E-07 041.9 169.0 -36.0 0.010274 0.063132 0.003707 hargrave 2022-02-22 20:15:48 
TT 683 002.5 -14.0 003.1 -17.3 8.99E-07 001.7 210.3 -27.1 0.002301 0.002252 0.000635 hargrave 2022-02-23 09:22:53 
TT 685 006.7 -38.9 008.8 -42.1 1.37E-06 003.3 220.7 -51.1 0.005832 0.003935 0.003980 hargrave 2022-02-23 19:36:05 
TT 688 017.9 039.4 015.6 036.6 2.49E-06 002.5 216.6 027.8 0.006542 0.008992 0.003643 hargrave 2022-02-24 19:53:25 
