AF2- 2a sun compass orientation
    0.2 214.4  15.0 240.0   4.0   1.0
NRM    174.8 062.6 178.6 066.2 1.69E-05 000.7 081.5 069.0 0.013238 0.013904 0.024739 hargrave 2021-12-24 14:26:30 
TT 150 175.3 044.3 177.1 047.9 1.26E-05 001.2 065.3 052.3 0.024483 0.012734 0.021464 hargrave 2021-12-25 15:25:13 
TT 300 204.1 021.9 205.5 024.2 1.27E-05 005.2 086.0 023.8 0.114849 0.019415 0.024731 hargrave 2021-12-27 14:48:48 
TT 400 213.9 014.0 214.9 015.7 1.49E-05 001.3 093.2 013.6 0.031823 0.027076 0.012662 hargrave 2021-12-28 14:53:35 
TT 450 213.0 006.7 213.5 008.5 1.56E-05 002.3 090.4 006.8 0.061964 0.030670 0.013154 hargrave 2021-12-29 14:29:01 
TT 500 221.3 006.6 221.8 007.9 1.68E-05 006.9 098.4 004.6 0.200360 0.043216 0.016430 hargrave 2021-12-30 15:26:29 
TT 550 223.7 004.4 224.0 005.6 1.66E-05 004.4 100.1 001.9 0.121879 0.041524 0.013630 hargrave 2021-12-31 15:18:38 
TT 565 225.2 -01.0 225.2 000.1 1.63E-05 004.4 100.2 -03.7 0.119698 0.046125 0.012907 hargrave 2022-01-01 11:15:32 
TT 580 230.6 -00.4 230.6 000.3 1.60E-05 001.9 105.6 -04.5 0.046579 0.034675 0.014772 hargrave 2022-01-02 13:54:57 
TT 600 242.0 003.3 242.3 003.1 1.58E-05 002.2 117.6 -03.7 0.057872 0.021882 0.022210 hargrave 2022-02-07 19:57:49 
TT 610 230.7 -02.6 230.5 -02.0 1.69E-05 006.3 105.1 -06.7 0.176887 0.068460 0.010093 hargrave 2022-02-08 17:14:29 
TT 620 235.7 -03.6 235.4 -03.3 1.68E-05 005.2 109.7 -08.9 0.141111 0.065499 0.009358 hargrave 2022-02-09 15:09:49 
TT 630 232.8 -04.1 232.5 -03.6 1.61E-05 008.5 106.8 -08.7 0.227542 0.084225 0.014476 hargrave 2022-02-10 14:43:19 
TT 630 224.8 -05.6 224.4 -04.6 1.63E-05 001.0 098.6 -08.1 0.021616 0.025500 0.010828 hargrave 2022-02-10 16:13:02 
TT 640 233.7 -00.7 233.7 -00.3 8.71E-06 047.5 108.5 -05.6 0.294673 0.878853 0.091299 hargrave 2022-02-11 10:05:30 
TT 640 233.7 -00.7 233.7 -00.3 1.75E-05 006.1 108.5 -05.6 0.174617 0.064421 0.067047 hargrave 2022-02-11 16:17:10 
TT 650 241.7 -01.7 241.6 -01.8 8.21E-06 060.2 116.1 -08.5 0.383736 0.779460 0.129711 hargrave 2022-02-12 14:45:09 
TT 650 230.4 -02.3 230.3 -01.6 1.66E-05 001.3 104.9 -06.3 0.020817 0.030360 0.026823 hargrave 2022-02-12 17:33:05 
TT 655 243.0 -01.4 242.9 -01.6 1.66E-05 001.5 117.4 -08.5 0.026504 0.037252 0.019183 hargrave 2022-02-13 18:27:40 
TT 660 241.7 000.8 241.8 000.7 1.58E-05 001.3 116.7 -06.0 0.029527 0.026794 0.018149 hargrave 2022-02-14 16:39:38 
TT 664 249.0 001.0 249.1 000.3 1.57E-05 003.5 123.9 -07.5 0.072790 0.066802 0.017875 hargrave 2022-02-15 14:06:53 
TT 667 245.0 007.6 245.5 007.2 1.26E-05 003.6 121.4 -00.2 0.063662 0.048175 0.014900 hargrave 2022-02-16 10:30:44 
TT 670 251.9 005.8 252.2 004.9 1.36E-05 001.5 127.7 -03.4 0.027312 0.030341 0.014094 hargrave 2022-02-17 10:06:50 
TT 673 252.1 008.7 252.6 007.8 5.64E-06 002.1 128.5 -00.6 0.013599 0.013147 0.012430 hargrave 2022-02-17 19:53:46 
TT 675 273.8 014.8 274.6 012.6 6.74E-06 002.3 150.5 001.8 0.016009 0.020591 0.014624 hargrave 2022-02-19 18:52:37 
TT 677 252.8 012.9 253.7 012.0 2.26E-06 004.0 130.1 003.4 0.010611 0.009736 0.008239 hargrave 2022-02-21 11:09:09 
TT 679 340.4 037.4 339.9 033.5 2.25E-06 005.2 211.0 024.9 0.006798 0.018574 0.006207 hargrave 2022-02-21 19:30:11 
TT 683 006.7 040.8 004.8 037.6 3.95E-06 002.1 232.8 032.7 0.008945 0.014446 0.005053 hargrave 2022-02-22 20:12:37 
TT 685 337.2 032.1 336.9 028.1 1.65E-06 002.9 209.1 019.2 0.006733 0.006584 0.005026 hargrave 2022-02-23 19:32:56 
TT 688 023.9 -10.9 024.6 -13.2 1.78E-06 007.3 262.7 -13.2 0.022204 0.005827 0.002455 hargrave 2022-02-24 19:50:15 
