AF2- 38a mag compass orientation (IGRF corrected)
   9.35 221.5  86.0 240.0   4.0   1.0
NRM    084.4 016.2 083.3 017.8 8.83E-05 003.9 251.7 042.2 0.492146 0.320086 0.145721 hargrave 2022-02-07 14:48:25 
TT 150 084.7 016.4 083.5 018.0 8.68E-05 001.7 251.4 042.4 0.202481 0.056361 0.147468 hargrave 2022-02-08 11:47:33 
TT 300 085.1 019.6 083.8 021.3 8.29E-05 001.4 247.0 042.2 0.096265 0.106688 0.144301 hargrave 2022-02-09 09:18:57 
TT 400 084.5 016.4 083.3 018.0 7.81E-05 001.2 251.4 042.2 0.067507 0.112123 0.110959 hargrave 2022-02-10 09:35:13 
TT 450 086.4 019.3 085.0 021.1 7.57E-05 000.5 247.0 043.4 0.044963 0.034276 0.045028 hargrave 2022-02-10 16:59:26 
TT 500 084.9 019.2 083.6 020.8 7.37E-05 002.0 247.6 042.1 0.136148 0.164250 0.139999 hargrave 2022-02-11 19:06:05 
TT 550 085.0 017.8 083.8 019.5 7.07E-05 002.0 249.4 042.5 0.114586 0.080886 0.305273 hargrave 2022-02-13 11:06:31 
TT 565 084.8 020.4 083.3 022.0 6.79E-05 001.3 246.1 041.7 0.047704 0.078250 0.131786 hargrave 2022-02-14 11:31:37 
TT 580 084.5 017.8 083.3 019.5 6.50E-05 003.6 249.5 042.0 0.388024 0.103675 0.102740 hargrave 2022-02-15 09:29:44 
TT 600 085.5 017.3 084.3 019.0 6.21E-05 001.5 250.0 043.0 0.034077 0.107362 0.115121 hargrave 2022-02-15 17:33:38 
TT 610 086.8 019.6 085.4 021.4 5.76E-05 002.7 246.5 043.7 0.246661 0.072967 0.105588 hargrave 2022-02-16 14:47:47 
TT 620 086.9 018.9 085.6 020.7 5.53E-05 002.3 247.4 044.0 0.132979 0.141413 0.102609 hargrave 2022-02-17 13:46:58 
TT 630 085.2 018.0 083.9 019.7 5.52E-05 003.1 249.1 042.6 0.282223 0.068191 0.094326 hargrave 2022-02-18 11:05:11 
TT 640 084.6 018.0 083.4 019.6 5.18E-05 003.1 249.3 042.1 0.258387 0.062017 0.084586 hargrave 2022-02-20 14:58:50 
TT 650 084.3 021.1 082.8 022.7 4.70E-05 001.6 245.3 041.1 0.095520 0.044215 0.077646 hargrave 2022-02-21 14:34:18 
TT 655 083.8 019.8 082.4 021.4 4.32E-05 003.7 247.1 040.9 0.260950 0.065825 0.081116 hargrave 2022-02-22 13:20:47 
TT 660 083.7 018.1 082.4 019.6 3.75E-05 002.1 249.4 041.2 0.114945 0.049152 0.069813 hargrave 2022-02-23 12:07:02 
TT 664 084.4 019.5 083.1 021.1 3.30E-05 004.4 247.4 041.6 0.228658 0.093234 0.061427 hargrave 2022-02-24 11:52:40 
TT 667 084.8 020.1 083.4 021.7 2.70E-05 005.8 246.5 041.8 0.225332 0.147455 0.056537 hargrave 2022-02-25 11:27:13 
TT 670 085.9 016.5 084.7 018.3 2.39E-05 002.9 250.9 043.5 0.102071 0.062567 0.022435 hargrave 2022-02-26 16:38:48 
TT 673 079.7 016.3 078.5 017.6 2.02E-05 002.2 252.4 037.7 0.073835 0.027005 0.022681 hargrave 2022-02-27 16:14:00 
TT 675 078.1 018.3 076.8 019.5 1.30E-05 002.7 250.2 035.9 0.051120 0.034725 0.016889 hargrave 2022-02-28 14:34:26 
TT 677 084.4 016.2 083.3 017.8 1.25E-05 002.0 251.7 042.2 0.030890 0.030235 0.015667 hargrave 2022-03-01 11:57:24 
TT 679 094.6 021.1 093.2 023.3 1.01E-05 002.6 241.3 050.3 0.042897 0.014568 0.015005 hargrave 2022-03-02 09:21:31 
TT 681 079.1 018.7 077.8 019.9 9.66E-06 005.1 249.6 036.8 0.083335 0.026369 0.014926 hargrave 2022-03-02 15:23:16 
TT 683 032.1 -08.2 032.6 -10.0 2.47E-06 003.6 277.6 -09.9 0.014660 0.006059 0.002625 hargrave 2022-03-03 16:25:07 
TT 685 038.8 044.6 035.3 043.1 2.92E-06 004.6 225.3 000.9 0.013144 0.019557 0.006308 hargrave 2022-03-04 14:11:35 
TT 689 079.6 -47.1 083.5 -45.6 1.28E-06 004.0 324.8 021.6 0.007356 0.005909 0.002749 hargrave 2022-03-06 16:22:16 
