AF2- 5a sun compass orientation
   0.25 173.8   6.0 240.0   4.0   1.0
NRM    246.2 -09.2 245.5 -09.6 2.50E-05 005.6 162.0 -14.9 0.082080 0.229391 0.084873 hargrave 2021-12-24 14:30:37 
TT 150 238.8 -18.7 237.5 -18.6 2.24E-05 005.8 154.0 -24.1 0.159141 0.192668 0.051004 hargrave 2021-12-25 15:29:19 
TT 300 239.9 -35.0 237.2 -34.9 2.26E-05 001.4 154.2 -40.4 0.025321 0.043300 0.027501 hargrave 2021-12-27 14:52:55 
TT 400 241.3 -41.5 237.7 -41.5 2.40E-05 002.2 155.1 -47.0 0.037688 0.083179 0.025879 hargrave 2021-12-28 14:57:39 
TT 450 243.0 -44.3 239.1 -44.4 2.36E-05 002.1 156.8 -49.9 0.029402 0.077219 0.037067 hargrave 2021-12-29 14:33:54 
TT 500 245.3 -43.7 241.5 -44.0 2.34E-05 004.6 159.4 -49.4 0.067647 0.175508 0.027969 hargrave 2021-12-30 15:31:22 
TT 550 248.0 -46.2 243.8 -46.6 2.35E-05 001.6 162.2 -51.9 0.036113 0.058284 0.024520 hargrave 2021-12-31 15:23:32 
TT 565 249.2 -47.5 244.9 -48.0 2.40E-05 001.8 163.5 -53.3 0.033872 0.067721 0.035381 hargrave 2022-01-01 11:20:26 
TT 580 250.0 -46.4 245.8 -46.9 2.36E-05 002.1 164.4 -52.2 0.033407 0.078040 0.026913 hargrave 2022-01-02 13:59:52 
TT 600 251.1 -48.2 246.6 -48.8 2.32E-05 004.9 165.5 -54.0 0.031412 0.193945 0.039505 hargrave 2022-02-07 20:03:56 
TT 610 251.2 -48.8 246.6 -49.4 2.43E-05 003.0 165.6 -54.6 0.026981 0.120758 0.035909 hargrave 2022-02-08 17:19:23 
TT 620 252.5 -48.1 248.1 -48.8 2.35E-05 002.6 167.2 -54.0 0.027098 0.104106 0.028667 hargrave 2022-02-09 15:14:43 
TT 630 248.6 -46.4 244.4 -46.9 2.39E-05 002.9 162.9 -52.2 0.029797 0.113554 0.033175 hargrave 2022-02-10 14:48:14 
TT 640 248.9 -45.8 244.7 -46.3 2.36E-05 001.4 163.2 -51.6 0.036583 0.040786 0.030222 hargrave 2022-02-11 10:10:25 
TT 650 249.6 -47.2 245.3 -47.7 2.24E-05 001.1 163.9 -53.0 0.028773 0.031541 0.022082 hargrave 2022-02-12 14:50:02 
TT 655 249.9 -45.9 245.7 -46.4 2.15E-05 003.3 164.3 -51.7 0.027024 0.118441 0.024118 hargrave 2022-02-13 18:32:35 
TT 660 253.8 -49.4 249.1 -50.2 1.85E-05 003.8 168.5 -55.3 0.021002 0.119388 0.020365 hargrave 2022-02-14 16:44:35 
TT 664 248.1 -51.5 243.1 -51.8 1.39E-05 003.1 161.9 -57.2 0.022403 0.072328 0.014310 hargrave 2022-02-15 14:11:48 
TT 667 246.1 -55.8 240.2 -56.1 1.30E-05 001.0 159.0 -61.5 0.014786 0.013594 0.014205 hargrave 2022-02-16 10:35:39 
TT 670 233.6 -57.3 227.6 -56.6 1.00E-05 001.3 144.2 -62.3 0.012206 0.019700 0.005211 hargrave 2022-02-17 10:11:45 
TT 673 240.8 -46.0 236.7 -45.9 9.38E-06 003.0 154.2 -51.5 0.016025 0.045792 0.012075 hargrave 2022-02-17 19:58:39 
TT 675 269.7 -48.5 265.5 -50.4 5.95E-06 005.1 186.7 -54.5 0.017092 0.050214 0.008903 hargrave 2022-02-19 18:57:32 
TT 677 266.0 -35.0 263.4 -36.7 5.70E-06 004.1 182.4 -41.0 0.012513 0.038214 0.009749 hargrave 2022-02-21 11:14:03 
TT 679 217.8 -17.0 216.7 -15.4 3.38E-06 002.3 132.5 -21.1 0.009879 0.011738 0.003032 hargrave 2022-02-21 19:35:05 
TT 683 035.4 -53.8 040.6 -55.3 2.46E-06 004.1 317.0 -49.6 0.014994 0.010116 0.002952 hargrave 2022-02-22 20:17:32 
TT 685 055.7 -86.0 102.9 -84.6 1.82E-06 003.3 348.8 -80.3 0.002067 0.010158 0.001872 hargrave 2022-02-23 19:37:49 
TT 688 306.8 -79.2 294.4 -82.7 1.94E-06 002.4 255.2 -82.4 0.007631 0.002909 0.004139 hargrave 2022-02-24 19:55:10 
