AF2- 33a mag compass orientation (IGRF corrected)
    9.3 225.5  85.0 240.0   4.0   1.0
NRM    092.8 022.1 091.3 024.3 1.01E-04 001.8 243.3 045.3 0.296296 0.138143 0.069223 hargrave 2022-02-07 14:40:11 
TT 150 093.4 020.6 092.1 022.8 9.87E-05 001.9 245.2 046.3 0.281300 0.143626 0.053920 hargrave 2022-02-08 11:37:41 
TT 300 093.6 019.7 092.4 021.9 9.32E-05 001.8 246.4 046.7 0.266828 0.133682 0.045422 hargrave 2022-02-09 09:09:04 
TT 400 092.1 017.2 090.9 019.3 8.74E-05 000.7 250.4 045.8 0.061589 0.082308 0.047880 hargrave 2022-02-10 09:25:17 
TT 450 092.5 019.5 091.2 021.6 8.45E-05 000.5 247.0 045.7 0.050606 0.048622 0.043644 hargrave 2022-02-10 16:49:32 
TT 500 091.9 016.4 090.9 018.5 8.02E-05 003.5 251.5 045.8 0.464681 0.165083 0.050979 hargrave 2022-02-11 18:56:13 
TT 550 090.7 016.5 089.6 018.5 7.50E-05 001.1 251.7 044.6 0.119058 0.063885 0.042250 hargrave 2022-02-13 10:56:37 
TT 565 091.3 019.3 090.1 021.3 7.21E-05 000.7 247.7 044.7 0.057924 0.047628 0.056387 hargrave 2022-02-14 11:21:43 
TT 580 090.9 018.5 089.7 020.5 6.88E-05 000.7 248.9 044.5 0.037139 0.067183 0.038706 hargrave 2022-02-15 09:19:49 
TT 600 092.6 022.9 091.1 025.0 6.41E-05 000.8 242.4 044.9 0.062486 0.047759 0.042578 hargrave 2022-02-15 17:23:46 
TT 610 089.1 018.5 087.9 020.4 5.93E-05 005.3 249.3 042.8 0.502476 0.218953 0.036273 hargrave 2022-02-16 14:37:05 
TT 620 091.4 020.5 090.1 022.5 5.63E-05 001.0 246.0 044.5 0.070477 0.056680 0.043480 hargrave 2022-02-17 13:36:17 
TT 630 088.9 016.7 087.8 018.6 5.55E-05 000.9 251.8 042.9 0.065218 0.050202 0.042800 hargrave 2022-02-18 10:54:28 
TT 640 087.9 017.2 086.8 019.1 5.02E-05 001.5 251.3 041.9 0.111886 0.071098 0.033160 hargrave 2022-02-20 14:48:05 
TT 650 085.1 013.6 084.1 015.2 4.31E-05 001.9 256.5 039.6 0.129737 0.060145 0.024464 hargrave 2022-02-21 14:24:21 
TT 655 089.7 016.1 088.6 018.1 3.61E-05 001.0 252.4 043.7 0.042733 0.054754 0.022323 hargrave 2022-02-22 13:10:05 
TT 660 080.2 014.8 079.2 016.2 2.19E-05 002.7 255.4 034.8 0.101559 0.037509 0.013540 hargrave 2022-02-23 11:57:09 
TT 664 080.1 013.1 079.2 014.5 1.59E-05 001.6 257.5 034.8 0.035821 0.032332 0.008200 hargrave 2022-02-24 11:42:49 
TT 667 088.8 014.5 087.8 016.4 1.84E-05 003.7 254.8 043.1 0.100465 0.044818 0.079387 hargrave 2022-02-25 11:18:09 
TT 670 078.5 019.8 077.1 021.0 1.62E-05 001.9 249.7 032.7 0.046663 0.034772 0.008800 hargrave 2022-02-26 16:29:45 
TT 673 080.8 015.5 079.7 016.9 1.31E-05 005.7 254.5 035.3 0.122681 0.045467 0.006127 hargrave 2022-02-27 16:04:53 
TT 675 098.2 000.8 098.1 003.3 8.39E-06 001.0 275.2 052.5 0.012263 0.010644 0.005967 hargrave 2022-02-28 14:25:21 
TT 677 082.2 011.9 081.4 013.4 7.39E-06 001.3 258.9 036.9 0.014460 0.014005 0.004082 hargrave 2022-03-01 11:48:20 
TT 679 094.8 -02.3 094.9 -00.1 2.74E-06 002.5 279.3 048.7 0.009703 0.011594 0.002633 hargrave 2022-03-02 09:13:43 
TT 681 089.9 019.0 088.6 020.9 3.73E-06 001.2 248.5 043.4 0.005130 0.007983 0.004089 hargrave 2022-03-02 15:15:32 
TT 683 200.0 -32.4 198.2 -29.8 2.40E-06 004.7 053.4 018.4 0.015589 0.011967 0.004253 hargrave 2022-03-03 16:15:42 
TT 685 243.0 -02.8 242.8 -03.0 1.83E-06 004.0 088.7 -17.7 0.012656 0.003045 0.001821 hargrave 2022-03-04 14:02:29 
TT 689 148.9 -41.5 149.0 -37.5 2.16E-06 006.4 013.5 041.9 0.007763 0.023068 0.001666 hargrave 2022-03-06 16:13:12 
