AF2- 23a mag compass orientation (IGRF corrected)
   7.95 221.5  70.0 240.0   4.0   1.0
NRM    041.9 020.1 040.5 018.9 1.76E-04 002.7 251.1 007.1 0.645483 0.324886 0.394610 hargrave 2022-02-07 14:24:58 
TT 150 040.4 023.5 038.9 022.1 1.74E-04 002.3 247.5 006.9 0.588215 0.283719 0.261413 hargrave 2022-02-08 11:21:45 
TT 300 040.7 019.7 039.4 018.3 1.69E-04 001.5 251.2 005.9 0.230180 0.157175 0.357782 hargrave 2022-02-09 08:53:13 
TT 400 039.6 021.9 038.2 020.5 1.61E-04 001.7 248.7 005.7 0.381307 0.209431 0.231630 hargrave 2022-02-10 09:08:26 
TT 450 041.9 017.4 040.7 016.1 1.57E-04 000.5 253.7 006.2 0.085521 0.025333 0.107969 hargrave 2022-02-10 16:32:50 
TT 500 040.0 022.7 038.5 021.3 1.52E-04 003.2 248.1 006.3 0.728614 0.266334 0.317616 hargrave 2022-02-11 18:40:21 
TT 550 044.0 012.0 043.2 010.9 1.44E-04 002.4 259.5 006.4 0.561193 0.065536 0.224909 hargrave 2022-02-13 10:39:56 
TT 565 041.7 016.7 040.6 015.4 1.40E-04 002.2 254.3 005.8 0.490762 0.128088 0.205588 hargrave 2022-02-14 11:05:48 
TT 580 040.5 020.1 039.2 018.7 1.36E-04 001.5 250.7 005.9 0.190860 0.099154 0.277763 hargrave 2022-02-15 09:03:04 
TT 600 041.4 017.5 040.3 016.1 1.32E-04 003.4 253.5 005.8 0.710789 0.207124 0.224914 hargrave 2022-02-15 17:07:04 
TT 610 041.9 013.3 041.1 012.0 1.28E-04 001.1 257.6 004.9 0.101150 0.025539 0.217360 hargrave 2022-02-16 14:20:23 
TT 620 040.7 013.4 039.8 012.1 1.22E-04 001.8 257.1 003.8 0.213253 0.079514 0.319608 hargrave 2022-02-17 13:18:47 
TT 630 040.2 013.8 039.3 012.4 1.20E-04 001.8 256.6 003.5 0.213924 0.039293 0.300793 hargrave 2022-02-18 10:35:21 
TT 640 040.0 017.3 038.9 015.9 1.15E-04 001.7 253.2 004.5 0.278717 0.069265 0.184800 hargrave 2022-02-20 14:30:25 
TT 650 041.0 010.2 040.3 008.9 1.11E-04 003.0 260.2 003.0 0.506975 0.121027 0.273706 hargrave 2022-02-21 14:08:25 
TT 655 039.8 014.4 038.9 013.0 1.05E-04 008.1 255.9 003.3 1.443544 0.379184 0.197770 hargrave 2022-02-22 12:53:24 
TT 655 038.5 021.8 037.1 020.3 1.06E-04 000.6 248.5 004.7 0.067938 0.044108 0.065562 hargrave 2022-02-22 15:37:09 
TT 660 037.6 019.7 036.4 018.1 9.81E-05 001.4 250.2 003.2 0.170145 0.076282 0.156504 hargrave 2022-02-23 11:41:17 
TT 664 040.7 013.5 039.9 012.2 9.12E-05 001.1 257.0 003.9 0.072084 0.036333 0.161018 hargrave 2022-02-24 11:26:10 
TT 667 039.3 015.0 038.4 013.5 8.33E-05 001.9 255.2 003.1 0.221771 0.093383 0.156537 hargrave 2022-02-25 11:00:44 
TT 670 039.8 010.1 039.2 008.7 7.60E-05 001.2 259.9 001.9 0.057484 0.028362 0.142050 hargrave 2022-02-26 16:01:41 
TT 673 038.7 014.9 037.8 013.4 7.23E-05 004.0 255.1 002.5 0.463097 0.127748 0.140505 hargrave 2022-02-27 15:48:53 
TT 675 037.7 010.8 037.1 009.2 6.37E-05 001.5 258.6 000.2 0.102521 0.048413 0.134436 hargrave 2022-02-28 14:09:25 
TT 677 038.4 014.0 037.5 012.5 5.84E-05 001.0 255.8 001.9 0.051796 0.028290 0.091376 hargrave 2022-03-01 11:32:29 
TT 679 039.8 011.2 039.1 009.8 4.70E-05 002.3 258.9 002.2 0.103390 0.057363 0.152800 hargrave 2022-03-02 09:00:21 
TT 681 041.0 011.2 040.3 009.8 4.49E-05 005.9 259.3 003.3 0.457874 0.092828 0.027817 hargrave 2022-03-02 15:02:06 
TT 683 037.2 013.6 036.4 012.0 2.16E-05 003.7 255.8 000.7 0.138708 0.007966 0.051271 hargrave 2022-03-03 15:59:16 
TT 685 040.6 014.0 039.7 012.7 2.20E-05 002.4 256.5 003.9 0.082572 0.036252 0.038661 hargrave 2022-03-04 13:46:31 
TT 689 039.0 031.0 036.8 029.5 4.23E-06 002.2 239.9 008.1 0.011484 0.008859 0.011798 hargrave 2022-03-06 15:57:20 
