AF2- 17a mag compass orientation (IGRF corrected)
    2.4 238.5  87.0 240.0   4.0   1.0
NRM    274.4 -16.6 273.4 -18.9 1.36E-04 002.0 071.7 -35.2 0.391561 0.229894 0.152275 hargrave 2022-02-07 14:18:28 
TT 150 274.0 -15.0 273.0 -17.2 1.37E-04 002.2 073.8 -35.0 0.462100 0.242393 0.124508 hargrave 2022-02-08 11:13:51 
TT 300 274.4 -17.7 273.3 -20.0 1.39E-04 003.2 070.4 -35.0 0.737823 0.210266 0.133802 hargrave 2022-02-09 08:45:23 
TT 400 274.3 -16.7 273.3 -18.9 1.40E-04 002.3 071.7 -35.1 0.472031 0.276502 0.142202 hargrave 2022-02-10 09:00:32 
TT 450 275.3 -19.8 274.1 -22.1 1.41E-04 000.4 067.7 -35.5 0.066438 0.044613 0.082104 hargrave 2022-02-10 16:24:40 
TT 500 274.7 -18.8 273.5 -21.1 1.39E-04 002.4 069.0 -35.1 0.474250 0.291366 0.155646 hargrave 2022-02-11 18:33:15 
TT 550 273.8 -11.9 273.0 -14.1 1.35E-04 004.8 077.6 -35.1 1.079594 0.333284 0.131938 hargrave 2022-02-13 10:32:03 
TT 565 274.6 -18.7 273.4 -20.9 1.33E-04 000.8 069.2 -35.0 0.148413 0.062159 0.126026 hargrave 2022-02-14 10:58:43 
TT 580 274.8 -18.6 273.6 -20.8 1.31E-04 004.1 069.3 -35.2 0.889196 0.249862 0.121043 hargrave 2022-02-15 08:55:59 
TT 600 274.5 -17.2 273.4 -19.4 1.28E-04 004.6 071.0 -35.2 0.939723 0.397505 0.106406 hargrave 2022-02-15 17:00:00 
TT 610 274.7 -19.0 273.5 -21.2 1.25E-04 003.5 068.8 -35.1 0.718619 0.241718 0.103459 hargrave 2022-02-16 14:13:18 
TT 620 275.1 -20.9 273.8 -23.2 1.23E-04 000.9 066.4 -35.1 0.094309 0.131856 0.123860 hargrave 2022-02-17 13:11:42 
TT 630 274.5 -18.7 273.3 -20.9 1.23E-04 000.8 069.2 -34.9 0.065403 0.110556 0.121165 hargrave 2022-02-18 10:28:15 
TT 640 274.2 -16.1 273.2 -18.3 1.21E-04 003.1 072.4 -35.1 0.587756 0.282519 0.103841 hargrave 2022-02-20 14:22:26 
TT 650 273.9 -16.2 272.9 -18.4 1.15E-04 003.7 072.3 -34.8 0.675327 0.302425 0.108718 hargrave 2022-02-21 14:01:18 
TT 655 273.3 -16.0 272.2 -18.1 1.09E-04 003.5 072.7 -34.2 0.600973 0.259734 0.102191 hargrave 2022-02-22 12:45:31 
TT 660 274.0 -14.7 273.0 -16.9 8.04E-05 003.4 074.1 -35.0 0.426217 0.208029 0.072582 hargrave 2022-02-23 11:34:12 
TT 664 274.3 -20.0 273.0 -22.2 8.17E-05 001.1 067.7 -34.5 0.104759 0.102928 0.078207 hargrave 2022-02-24 11:19:04 
TT 667 275.6 -17.8 274.4 -20.1 6.01E-05 002.2 070.1 -36.1 0.212236 0.079693 0.047915 hargrave 2022-02-25 10:53:41 
TT 670 273.1 -16.0 272.0 -18.1 4.05E-05 004.5 072.7 -34.0 0.305284 0.101636 0.037028 hargrave 2022-02-26 15:54:37 
TT 673 275.6 -23.4 274.1 -25.7 3.11E-05 001.3 063.3 -35.0 0.060290 0.047706 0.031005 hargrave 2022-02-27 15:40:09 
TT 675 275.5 -13.9 274.6 -16.2 1.81E-05 004.7 074.9 -36.6 0.143071 0.043846 0.018988 hargrave 2022-02-28 14:02:20 
TT 677 283.9 -18.3 282.9 -21.0 1.01E-05 004.0 067.4 -43.8 0.067865 0.023826 0.010096 hargrave 2022-03-01 11:24:35 
TT 679 270.4 -09.5 269.7 -11.5 9.77E-06 003.4 080.7 -31.9 0.054881 0.020627 0.008539 hargrave 2022-03-02 08:53:52 
TT 681 278.5 -06.3 278.1 -08.8 8.65E-06 001.9 084.3 -40.1 0.026180 0.016788 0.005791 hargrave 2022-03-02 14:55:31 
TT 683 250.8 -28.7 248.6 -29.3 1.98E-06 001.9 061.3 -12.2 0.005261 0.007454 0.003577 hargrave 2022-03-03 15:51:03 
TT 685 298.5 043.4 300.3 040.0 2.20E-06 007.1 153.2 -36.3 0.010192 0.025621 0.001979 hargrave 2022-03-04 13:39:24 
TT 689 270.8 005.5 271.0 003.5 2.06E-06 004.0 098.4 -31.7 0.013881 0.003598 0.003282 hargrave 2022-03-06 15:50:16 
