AF2- 26a mag compass orientation (IGRF corrected)
   8.05 224.5  80.0 240.0   4.0   1.0
NRM    073.7 012.2 072.8 013.2 1.35E-04 050.9 261.6 030.4 1.828843 12.31426 7.311440 hargrave 2022-02-07 14:31:22 
NRM    074.1 020.0 072.7 020.9 2.74E-04 000.4 252.6 031.1 0.133083 0.150171 0.119370 hargrave 2022-02-07 16:07:42 
TT 150 075.4 022.2 073.8 023.2 2.65E-04 004.3 250.0 032.3 1.807857 0.787450 0.354350 hargrave 2022-02-08 11:27:47 
TT 300 074.4 017.3 073.2 018.2 1.29E-04 059.8 255.8 031.4 2.901823 11.42322 7.194631 hargrave 2022-02-09 08:59:12 
TT 300 074.8 019.0 073.5 019.9 2.59E-04 000.4 253.8 031.8 0.144217 0.076543 0.080015 hargrave 2022-02-09 11:05:32 
TT 400 074.3 020.7 072.8 021.6 1.23E-04 061.4 251.8 031.3 3.507488 10.69735 6.859178 hargrave 2022-02-10 09:14:32 
TT 400 073.8 019.6 072.4 020.6 2.48E-04 000.3 253.0 030.8 0.038133 0.095609 0.108830 hargrave 2022-02-10 11:00:08 
TT 450 073.9 024.5 072.1 025.4 2.40E-04 000.4 247.4 030.8 0.102743 0.103839 0.111059 hargrave 2022-02-10 16:39:39 
TT 450 073.1 017.9 071.8 018.8 1.15E-04 058.3 255.0 030.1 2.756751 10.27300 6.170758 hargrave 2022-02-11 18:46:21 
TT 500 073.0 015.1 071.9 015.9 2.30E-04 000.5 258.3 029.9 0.165100 0.070567 0.107180 hargrave 2022-02-12 11:21:14 
TT 550 072.6 020.2 071.1 021.1 1.09E-04 029.8 252.3 029.7 3.088087 9.671889 5.796018 hargrave 2022-02-13 10:45:56 
TT 550 072.6 015.5 071.5 016.3 2.20E-04 000.4 257.8 029.6 0.127384 0.066321 0.089901 hargrave 2022-02-13 13:22:13 
TT 565 033.6 031.4 031.6 029.5 2.07E-09 078.5 237.2 -03.9 0.000725 0.000572 0.000793 hargrave 2022-02-14 11:11:49 
TT 565 072.8 022.2 071.2 023.0 2.12E-04 000.4 250.1 029.9 0.084354 0.110086 0.103303 hargrave 2022-02-14 12:58:23 
TT 580 072.5 013.8 071.5 014.6 1.03E-04 063.3 259.7 029.4 1.724795 9.472303 5.424425 hargrave 2022-02-15 09:09:05 
TT 580 071.5 019.4 070.0 020.1 2.08E-04 000.5 253.3 028.6 0.140829 0.106753 0.110206 hargrave 2022-02-15 10:39:28 
TT 600 072.9 012.6 072.0 013.5 1.99E-04 002.1 261.1 029.7 0.724477 0.091351 0.070001 hargrave 2022-02-15 17:13:05 
TT 610 073.8 010.1 073.1 011.0 9.73E-05 073.2 264.1 030.3 0.923761 8.942850 5.244595 hargrave 2022-02-16 14:27:11 
TT 610 072.9 015.9 071.8 016.8 1.95E-04 000.4 257.3 029.9 0.112880 0.061822 0.089695 hargrave 2022-02-16 16:53:27 
TT 620 073.7 016.4 072.6 017.3 9.52E-05 051.1 256.8 030.7 2.004840 8.519923 5.195305 hargrave 2022-02-17 13:26:23 
TT 620 073.8 014.1 072.7 015.0 1.91E-04 000.4 259.5 030.6 0.097643 0.063164 0.084248 hargrave 2022-02-17 14:59:27 
TT 630 073.3 014.5 072.3 015.4 1.89E-04 000.7 258.9 030.2 0.220843 0.106808 0.081167 hargrave 2022-02-18 10:42:58 
TT 640 071.7 019.8 070.2 020.6 9.15E-05 064.4 252.8 028.8 2.533954 8.193442 4.710401 hargrave 2022-02-20 14:38:05 
TT 640 073.5 013.7 072.5 014.6 1.85E-04 000.5 259.9 030.3 0.118793 0.073365 0.071488 hargrave 2022-02-20 16:29:29 
TT 650 072.5 017.7 071.3 018.6 1.77E-04 000.9 255.2 029.6 0.188759 0.149528 0.163444 hargrave 2022-02-21 14:14:26 
TT 655 072.3 014.9 071.2 015.7 1.64E-04 001.1 258.4 029.2 0.284325 0.155250 0.065862 hargrave 2022-02-22 12:59:24 
TT 660 072.2 015.9 071.1 016.7 1.48E-04 001.5 257.3 029.2 0.384958 0.086246 0.065269 hargrave 2022-02-23 11:50:10 
TT 664 073.0 015.9 071.9 016.8 1.29E-04 001.6 257.3 030.0 0.303349 0.195464 0.072471 hargrave 2022-02-24 11:35:03
TT 667 073.9 012.1 073.0 013.0 6.31E-05 050.7 261.8 030.6 0.833645 5.745711 3.428257 hargrave 2022-02-25 11:06:44 
TT 667 071.6 015.0 070.6 015.7 1.27E-04 000.5 258.3 028.6 0.093059 0.056773 0.052098 hargrave 2022-02-25 16:09:50 
TT 670 072.5 011.8 071.6 012.6 1.17E-04 004.2 262.0 029.2 0.856410 0.050613 0.134507 hargrave 2022-02-26 16:07:42 
TT 673 071.0 017.0 069.8 017.7 1.10E-04 000.7 256.0 028.1 0.117756 0.082486 0.064329 hargrave 2022-02-27 15:54:55 
TT 675 073.1 012.0 072.2 012.9 9.07E-05 002.3 261.8 029.8 0.365532 0.051226 0.036681 hargrave 2022-02-28 14:15:28 
TT 677 070.6 015.3 069.5 016.0 7.69E-05 003.8 257.9 027.6 0.504414 0.072772 0.027342 hargrave 2022-03-01 11:38:29 
TT 679 071.2 014.8 070.2 015.5 5.73E-05 002.8 258.5 028.2 0.277328 0.068144 0.036834 hargrave 2022-03-02 09:05:27 
TT 681 071.6 016.7 070.4 017.5 4.44E-05 002.9 256.3 028.7 0.193074 0.064131 0.103275 hargrave 2022-03-02 15:07:13 
TT 683 072.7 018.8 071.4 019.6 2.42E-05 004.8 254.0 029.8 0.197065 0.052362 0.011132 hargrave 2022-03-03 16:05:26 
TT 685 069.2 009.7 068.5 010.3 1.81E-05 001.7 264.0 025.8 0.052594 0.028864 0.007329 hargrave 2022-03-04 13:52:34 
TT 689 098.0 -01.2 098.0 001.3 1.60E-06 043.9 285.1 052.0 0.027672 0.102500 0.134317 hargrave 2022-03-06 16:03:20 
TT 689 093.6 001.5 093.5 003.7 3.23E-06 001.3 279.1 048.5 0.004268 0.008771 0.002023 hargrave 2022-03-07 09:01:08 
