AF2- 10a sun compass orientation
    2.3 213.0  82.0 240.0   4.0   1.0
NRM    267.3 -07.6 266.7 -09.4 4.45E-05 001.9 088.2 -54.6 0.137627 0.052827 0.057326 hargrave 2021-12-24 14:39:59 
TT 150 265.1 -13.4 264.2 -15.1 4.75E-05 002.1 078.4 -52.4 0.131586 0.154031 0.039142 hargrave 2021-12-25 15:38:23 
TT 300 264.6 -11.0 263.8 -12.6 5.22E-05 003.5 082.4 -52.0 0.297609 0.117386 0.042571 hargrave 2021-12-27 15:01:19 
TT 400 264.7 -15.8 263.6 -17.4 5.60E-05 004.5 074.6 -51.8 0.416272 0.163916 0.036028 hargrave 2021-12-28 15:05:58 
TT 450 264.4 -12.1 263.6 -13.7 5.72E-05 001.8 080.6 -51.8 0.165414 0.063596 0.050327 hargrave 2021-12-29 14:43:52 
TT 500 264.6 -12.8 263.8 -14.5 5.76E-05 001.4 079.4 -52.0 0.120639 0.075088 0.039196 hargrave 2021-12-30 15:41:18 
TT 550 264.2 -15.3 263.2 -16.9 5.73E-05 000.8 075.4 -51.4 0.043031 0.067516 0.036492 hargrave 2021-12-31 15:33:30 
TT 565 264.6 -15.7 263.5 -17.3 5.72E-05 005.1 074.8 -51.7 0.471945 0.180044 0.069452 hargrave 2022-01-01 11:30:23 
TT 580 264.3 -11.8 263.5 -13.5 5.69E-05 005.0 081.0 -51.7 0.469766 0.142423 0.066833 hargrave 2022-01-02 14:09:47 
TT 600 263.5 -16.4 262.4 -18.0 5.64E-05 004.8 073.8 -50.6 0.455429 0.137171 0.032988 hargrave 2022-02-07 20:12:32 
TT 610 263.7 -14.4 262.7 -16.0 5.64E-05 002.9 077.0 -51.0 0.263951 0.106908 0.044738 hargrave 2022-02-08 17:29:21 
TT 620 263.3 -13.4 262.4 -15.0 5.57E-05 003.9 078.6 -50.7 0.367463 0.099130 0.040302 hargrave 2022-02-09 15:24:41 
TT 630 263.7 -13.1 262.8 -14.6 5.62E-05 004.5 079.1 -51.1 0.426208 0.107182 0.042640 hargrave 2022-02-10 14:58:15 
TT 640 263.9 -14.7 262.8 -16.3 5.64E-05 004.3 076.5 -51.1 0.405210 0.124738 0.046111 hargrave 2022-02-11 10:20:23 
TT 650 263.9 -14.2 262.9 -15.8 5.80E-05 001.6 077.2 -51.2 0.151562 0.063309 0.042214 hargrave 2022-02-12 15:00:45 
TT 655 263.8 -14.2 262.8 -15.8 5.70E-05 001.1 077.2 -51.1 0.089037 0.060374 0.040530 hargrave 2022-02-13 18:42:33 
TT 660 263.4 -09.5 262.8 -11.0 5.50E-05 004.5 084.8 -50.9 0.431967 0.062545 0.032335 hargrave 2022-02-14 16:54:37 
TT 664 263.4 -14.5 262.4 -16.1 5.22E-05 003.6 076.8 -50.7 0.310658 0.096698 0.035030 hargrave 2022-02-15 14:21:48 
TT 667 263.9 -13.0 263.0 -14.6 4.96E-05 003.5 079.2 -51.3 0.293912 0.088853 0.041554 hargrave 2022-02-16 10:45:41 
TT 670 263.6 -18.2 262.3 -19.7 4.87E-05 001.2 071.1 -50.4 0.072702 0.073136 0.036278 hargrave 2022-02-17 10:23:23 
TT 673 264.1 -10.8 263.3 -12.4 4.57E-05 003.6 082.7 -51.5 0.274694 0.079742 0.037113 hargrave 2022-02-17 20:08:37 
TT 675 262.2 -12.2 261.4 -13.7 4.19E-05 003.2 080.6 -49.7 0.223846 0.069688 0.037128 hargrave 2022-02-19 19:07:30 
TT 677 261.9 -16.6 260.7 -18.0 3.40E-05 001.6 073.9 -49.0 0.079886 0.056101 0.033751 hargrave 2022-02-21 11:24:03 
TT 679 263.4 -17.4 262.2 -18.9 2.64E-05 001.4 072.4 -50.3 0.060690 0.025945 0.028673 hargrave 2022-02-21 19:45:05 
TT 683 262.8 -19.3 261.5 -20.8 1.45E-05 003.8 069.6 -49.5 0.091799 0.028246 0.006857 hargrave 2022-02-22 20:27:31 
TT 685 266.1 -10.0 265.4 -11.7 7.65E-06 005.9 084.0 -53.5 0.077505 0.016458 0.004629 hargrave 2022-02-23 19:47:45 
TT 688 275.4 -21.7 274.0 -24.0 1.62E-06 004.1 059.6 -60.1 0.007438 0.008374 0.002988 hargrave 2022-02-24 20:06:43 
