AF2- 8a sun compass orientation
    0.3 220.0  69.0 240.0   4.0   1.0
NRM    217.5 039.7 220.6 041.1 1.33E-05 004.2 127.2 015.1 0.079365 0.065037 0.015867 hargrave 2021-12-24 14:36:51 
TT 150 220.4 023.4 222.1 024.7 1.37E-05 004.0 112.1 007.8 0.088377 0.048680 0.012624 hargrave 2021-12-25 15:35:21 
TT 300 235.9 008.9 236.6 009.2 1.50E-05 001.8 104.3 -11.4 0.042249 0.022797 0.012138 hargrave 2021-12-27 14:58:17 
TT 400 241.8 001.3 241.9 001.1 1.65E-05 003.1 099.4 -19.8 0.077747 0.037277 0.032137 hargrave 2021-12-28 15:02:57 
TT 450 243.0 -00.3 243.0 -00.5 1.77E-05 003.4 098.4 -21.5 0.097259 0.040298 0.028760 hargrave 2021-12-29 14:40:15 
TT 500 243.5 -07.9 242.9 -08.2 1.83E-05 004.5 090.8 -24.7 0.139725 0.033668 0.030644 hargrave 2021-12-30 15:37:42 
TT 550 247.0 -11.8 246.1 -12.3 1.74E-05 001.5 087.9 -29.2 0.031488 0.038294 0.026160 hargrave 2021-12-31 15:29:54 
TT 565 250.3 -06.3 249.9 -07.0 1.75E-05 001.4 095.2 -30.5 0.030162 0.029117 0.030203 hargrave 2022-01-01 11:26:47 
TT 580 251.9 -12.4 251.1 -13.1 1.72E-05 003.0 089.0 -34.0 0.086359 0.027627 0.027627 hargrave 2022-01-02 14:06:12 
TT 600 253.4 -09.1 252.7 -10.0 1.71E-05 002.4 093.3 -34.3 0.067083 0.023662 0.032178 hargrave 2022-02-07 20:08:57 
TT 610 257.1 -08.4 256.4 -09.5 1.57E-05 002.4 095.6 -37.5 0.058725 0.023856 0.029243 hargrave 2022-02-08 17:25:45 
TT 620 255.3 -11.7 254.4 -12.7 1.54E-05 002.4 091.0 -36.9 0.057187 0.025838 0.030281 hargrave 2022-02-09 15:21:05 
TT 630 260.5 -08.7 259.9 -10.0 1.60E-05 002.7 096.8 -40.8 0.065717 0.032063 0.028278 hargrave 2022-02-10 14:54:37 
TT 640 259.4 -11.0 258.6 -12.3 1.62E-05 002.1 093.4 -40.5 0.055736 0.024898 0.024920 hargrave 2022-02-11 10:16:46 
TT 650 260.3 -08.3 259.7 -09.7 1.49E-05 003.9 097.1 -40.5 0.093838 0.033626 0.030014 hargrave 2022-02-12 14:57:09 
TT 655 261.6 -01.3 261.5 -02.8 1.49E-05 002.8 106.1 -38.9 0.059018 0.036950 0.029890 hargrave 2022-02-13 18:38:56 
TT 660 260.3 -04.4 259.9 -05.8 1.52E-05 003.8 101.8 -39.0 0.093140 0.037001 0.031264 hargrave 2022-02-14 16:50:59 
TT 664 263.6 -04.3 263.3 -05.9 1.34E-05 003.0 103.8 -42.0 0.061769 0.034209 0.009971 hargrave 2022-02-15 14:18:11 
TT 667 316.1 069.7 318.2 065.8 1.87E-06 079.9 182.1 000.8 0.019455 0.946237 0.932785 hargrave 2022-02-16 10:42:03 
TT 667 265.1 -05.7 264.7 -07.4 1.26E-05 001.0 102.8 -43.9 0.010584 0.023494 0.007771 hargrave 2022-02-16 11:07:04 
TT 670 258.6 -02.5 258.4 -03.7 1.16E-05 002.0 103.2 -36.7 0.031313 0.026734 0.010817 hargrave 2022-02-17 10:19:46 
TT 673 266.9 001.8 267.0 -00.0 1.11E-05 005.6 113.1 -42.1 0.093310 0.054008 0.015374 hargrave 2022-02-17 20:05:01 
TT 675 260.2 007.1 260.6 005.7 9.30E-06 001.7 114.5 -33.6 0.024542 0.018367 0.008516 hargrave 2022-02-19 19:03:54 
TT 677 271.9 008.3 272.3 006.1 6.46E-06 001.7 124.1 -42.5 0.009714 0.014619 0.011104 hargrave 2022-02-21 11:20:28 
TT 679 261.2 008.4 261.7 006.9 3.86E-06 002.4 116.4 -33.8 0.013200 0.011196 0.006335 hargrave 2022-02-21 19:41:27 
TT 683 283.6 029.0 285.1 026.2 3.85E-06 006.4 152.1 -33.9 0.011349 0.041208 0.008176 hargrave 2022-02-22 20:23:54 
TT 685 080.9 029.1 078.7 030.4 5.61E-07 006.0 249.4 045.1 0.004237 0.002372 0.004430 hargrave 2022-02-23 19:44:10 
TT 688 324.9 -56.2 324.3 -60.2 9.19E-07 002.5 346.2 -53.1 0.002966 0.003831 0.001566 hargrave 2022-02-24 20:03:07 
