AF2- 15a sun compass orientation
    2.4 267.7  89.0 240.0   4.0   1.0
NRM    265.0 -14.0 264.0 -15.7 2.52E-05 003.7 075.9 002.4 0.168400 0.062352 0.020956 hargrave 2022-02-07 14:15:11 
TT 150 264.6 -17.9 263.4 -19.6 2.56E-05 001.3 072.0 002.6 0.051753 0.063372 0.021133 hargrave 2022-02-08 11:10:48 
TT 300 265.3 -23.6 263.6 -25.3 2.74E-05 001.5 066.3 001.8 0.062589 0.064447 0.021421 hargrave 2022-02-09 08:41:32 
TT 400 266.4 -28.1 264.4 -29.8 2.97E-05 004.1 061.9 000.7 0.183217 0.123835 0.022911 hargrave 2022-02-10 08:57:28 
TT 450 267.3 -26.4 265.5 -28.2 3.06E-05 001.0 063.6 -00.1 0.044250 0.042113 0.023552 hargrave 2022-02-10 16:21:37 
TT 500 268.1 -24.6 266.4 -26.4 3.13E-05 001.5 065.4 -00.8 0.060978 0.071762 0.025104 hargrave 2022-02-11 18:30:12 
TT 550 268.9 -29.1 266.8 -31.0 3.17E-05 002.5 060.9 -01.5 0.110829 0.097806 0.024451 hargrave 2022-02-13 10:29:00 
TT 565 269.2 -27.8 267.3 -29.7 3.18E-05 001.8 062.2 -01.8 0.075355 0.089157 0.024886 hargrave 2022-02-14 10:55:40 
TT 580 269.2 -27.4 267.3 -29.3 3.08E-05 001.3 062.6 -01.8 0.053372 0.046783 0.023025 hargrave 2022-02-15 08:52:57 
TT 600 268.7 -29.5 266.7 -31.4 3.10E-05 004.2 060.5 -01.4 0.193132 0.134445 0.022768 hargrave 2022-02-15 16:56:57 
TT 610 269.7 -32.0 267.4 -33.9 3.08E-05 001.5 058.0 -02.2 0.057336 0.077563 0.023304 hargrave 2022-02-16 14:10:14 
TT 620 268.2 -24.2 266.6 -26.1 3.24E-05 003.4 065.8 -00.9 0.178532 0.093855 0.023733 hargrave 2022-02-17 13:08:38 
TT 630 270.5 -25.5 268.8 -27.5 3.21E-05 002.7 064.5 -03.0 0.135973 0.081810 0.024329 hargrave 2022-02-18 10:25:13 
TT 640 270.6 -27.3 268.7 -29.3 3.27E-05 001.9 062.7 -03.0 0.095060 0.076475 0.027362 hargrave 2022-02-20 14:19:21 
TT 650 270.4 -20.9 269.0 -22.9 3.26E-05 004.6 069.1 -02.9 0.240938 0.106865 0.032615 hargrave 2022-02-21 13:58:14 
TT 655 270.2 -23.1 268.6 -25.1 3.37E-05 001.6 066.9 -02.7 0.084307 0.064387 0.025473 hargrave 2022-02-22 12:42:28 
TT 660 270.3 -22.2 268.8 -24.2 3.31E-05 000.9 067.8 -02.8 0.042855 0.059238 0.029367 hargrave 2022-02-23 11:31:08 
TT 664 269.4 -23.0 267.9 -24.9 3.02E-05 004.2 067.0 -02.0 0.201114 0.101960 0.022935 hargrave 2022-02-24 11:16:00 
TT 667 270.7 -10.7 269.9 -12.8 3.60E-05 001.1 079.3 -03.1 0.060487 0.043570 0.033606 hargrave 2022-02-25 10:50:37 
TT 670 268.7 -10.8 268.0 -12.7 3.70E-05 004.6 079.2 -01.2 0.295019 0.072042 0.029474 hargrave 2022-02-26 15:51:35 
TT 673 270.4 -14.8 269.5 -16.8 3.60E-05 001.5 075.2 -02.9 0.083962 0.054040 0.032045 hargrave 2022-02-27 15:36:17 
TT 675 270.5 -20.2 269.2 -22.2 2.76E-05 001.4 069.8 -03.0 0.059260 0.056819 0.020261 hargrave 2022-02-28 13:58:27 
TT 677 270.3 -18.5 269.1 -20.5 2.57E-05 002.7 071.5 -02.8 0.116009 0.051936 0.018538 hargrave 2022-03-01 11:20:45 
TT 679 270.2 -19.9 268.9 -21.9 2.58E-05 002.0 070.1 -02.7 0.089051 0.054398 0.017469 hargrave 2022-03-01 18:57:13 
TT 681 274.0 -08.6 273.5 -10.8 2.31E-05 002.9 081.5 -06.4 0.122639 0.064879 0.018594 hargrave 2022-03-02 14:52:19 
TT 683 269.1 -21.0 267.7 -22.9 2.35E-05 005.3 069.0 -01.7 0.205765 0.080213 0.019251 hargrave 2022-03-03 15:47:11 
TT 685 273.0 -18.3 271.8 -20.5 1.23E-05 003.5 071.7 -05.3 0.071129 0.035347 0.008468 hargrave 2022-03-04 13:36:20 
TT 689 273.8 -11.0 273.1 -13.2 1.21E-05 002.8 079.0 -06.2 0.057660 0.021112 0.009003 hargrave 2022-03-06 15:47:14 
