AF2- 41a mag compass orientation (IGRF corrected)
  12.57 236.5  60.0 240.0   4.0   1.0
NRM    084.6 016.0 083.5 017.6 4.68E-05 002.1 269.2 032.0 0.166239 0.055451 0.055512 hargrave 2022-02-07 14:52:04 
TT 150 085.0 012.8 084.1 014.5 4.69E-05 001.2 272.7 030.9 0.068768 0.041475 0.064923 hargrave 2022-02-08 11:52:01 
TT 300 085.5 011.4 084.7 013.1 4.54E-05 003.6 274.4 030.7 0.278756 0.067397 0.056443 hargrave 2022-02-09 09:23:25 
TT 400 084.9 011.1 084.1 012.8 4.34E-05 002.2 274.4 030.0 0.157289 0.051708 0.052836 hargrave 2022-02-10 09:39:42 
TT 450 092.9 -01.2 092.9 000.9 4.25E-05 001.2 291.4 030.2 0.054848 0.097927 0.028007 hargrave 2022-02-10 17:03:55 
TT 500 085.6 008.9 085.0 010.6 3.98E-05 002.0 277.0 029.6 0.126969 0.063858 0.041871 hargrave 2022-02-11 19:10:30 
TT 550 086.0 008.9 085.4 010.6 3.76E-05 002.0 277.3 029.9 0.120213 0.064566 0.040810 hargrave 2022-02-13 11:11:02 
TT 565 084.2 011.8 083.4 013.5 3.64E-05 003.4 273.3 029.8 0.214906 0.049503 0.042903 hargrave 2022-02-14 11:36:05 
TT 580 083.9 011.5 083.1 013.0 3.53E-05 002.9 273.5 029.3 0.177474 0.053469 0.038985 hargrave 2022-02-15 09:34:11 
TT 600 082.0 011.9 081.2 013.4 3.06E-05 001.7 272.1 027.9 0.078863 0.056418 0.042826 hargrave 2022-02-15 17:38:06 
TT 610 083.4 013.0 082.5 014.5 2.89E-05 001.4 271.7 029.6 0.055136 0.061228 0.038190 hargrave 2022-02-16 14:52:16 
TT 620 087.1 008.6 086.5 010.4 2.75E-05 002.2 278.2 030.7 0.100348 0.036634 0.034288 hargrave 2022-02-17 13:51:25 
TT 630 084.0 012.1 083.1 013.7 2.61E-05 002.6 272.9 029.7 0.112810 0.031589 0.035712 hargrave 2022-02-18 11:09:39 
TT 640 082.8 010.4 082.1 011.9 2.43E-05 003.9 274.0 027.9 0.160689 0.031257 0.034790 hargrave 2022-02-20 15:03:20 
TT 650 080.7 012.9 079.8 014.3 2.24E-05 004.3 270.4 027.2 0.163934 0.033037 0.040081 hargrave 2022-02-21 14:38:47 
TT 655 086.3 005.9 085.9 007.7 2.26E-05 007.0 280.4 028.7 0.275408 0.031358 0.024151 hargrave 2022-02-22 13:25:14 
TT 660 080.6 008.3 080.0 009.7 1.75E-05 001.6 274.9 025.0 0.045419 0.024648 0.013625 hargrave 2022-02-23 12:11:30 
TT 664 083.1 003.5 082.8 005.1 1.69E-05 001.4 280.8 024.7 0.038011 0.025800 0.012287 hargrave 2022-02-24 11:57:07 
TT 667 077.9 002.0 077.7 003.2 1.55E-05 002.0 279.3 019.4 0.050794 0.025208 0.011202 hargrave 2022-02-25 11:31:37 
TT 670 098.2 -04.4 098.3 -01.9 1.05E-05 001.5 298.1 032.4 0.019923 0.021763 0.009140 hargrave 2022-02-26 16:43:15 
TT 673 094.8 -11.2 095.3 -08.9 1.09E-05 003.4 301.5 025.4 0.049204 0.043198 0.012774 hargrave 2022-02-27 16:18:30 
TT 675 103.5 -00.7 103.4 002.0 8.73E-06 001.7 298.9 038.8 0.023349 0.013786 0.007098 hargrave 2022-02-28 14:38:55 
TT 677 096.0 -04.3 096.2 -01.9 8.21E-06 003.8 296.4 030.8 0.046081 0.029322 0.008020 hargrave 2022-03-01 12:01:52 
TT 679 084.1 -06.5 084.5 -04.9 5.71E-06 001.0 290.5 020.0 0.008809 0.009141 0.003991 hargrave 2022-03-02 09:25:18 
TT 681 081.3 -12.9 082.1 -11.4 6.59E-06 001.3 294.2 014.0 0.010765 0.014490 0.006551 hargrave 2022-03-02 15:27:00 
TT 683 125.0 -22.4 125.6 -18.7 5.38E-06 002.6 335.9 033.7 0.016246 0.010435 0.018837 hargrave 2022-03-03 16:29:36 
TT 685 062.1 019.1 060.8 019.2 2.82E-06 001.6 255.9 014.1 0.005635 0.010370 0.005219 hargrave 2022-03-04 14:16:02 
TT 689 053.1 -68.2 063.2 -68.4 1.51E-06 003.9 335.0 -28.9 0.006981 0.008240 0.005152 hargrave 2022-03-06 16:26:43 
