AF2- 40a mag compass orientation (IGRF corrected)
  12.57 221.5  59.0 240.0   4.0   1.0
NRM    086.7 021.8 085.2 023.6 4.46E-05 001.7 271.8 049.1 0.120767 0.061323 0.033994 hargrave 2022-02-07 14:50:52 
TT 150 086.9 020.6 085.5 022.4 4.43E-05 001.4 273.6 048.8 0.092521 0.056778 0.033144 hargrave 2022-02-08 11:50:29 
TT 300 085.8 019.9 084.4 021.6 4.23E-05 002.8 273.9 047.6 0.203086 0.053122 0.028254 hargrave 2022-02-09 09:21:55 
TT 400 087.3 019.8 085.9 021.6 3.94E-05 001.0 275.0 048.8 0.048865 0.060661 0.026520 hargrave 2022-02-10 09:38:12 
TT 450 084.2 022.1 082.7 023.7 3.81E-05 001.3 270.1 047.1 0.036247 0.083732 0.022358 hargrave 2022-02-10 17:02:24 
TT 500 086.8 018.0 085.6 019.8 3.63E-05 001.7 277.1 047.6 0.096868 0.059111 0.026397 hargrave 2022-02-11 19:09:01 
TT 550 086.6 018.6 085.3 020.4 3.32E-05 001.1 276.1 047.7 0.042231 0.058493 0.028449 hargrave 2022-02-13 11:09:30 
TT 565 087.7 019.0 086.4 020.8 3.20E-05 005.6 276.3 048.8 0.305297 0.086344 0.026146 hargrave 2022-02-14 11:34:35 
TT 580 083.1 025.1 081.3 026.6 3.08E-05 001.4 265.5 047.2 0.054457 0.064276 0.030812 hargrave 2022-02-15 09:32:41 
TT 600 085.4 022.4 083.8 024.1 2.83E-05 002.8 270.3 048.2 0.130515 0.064587 0.025776 hargrave 2022-02-15 17:36:35 
TT 610 083.3 019.7 082.0 021.3 2.64E-05 002.7 272.8 045.4 0.119933 0.054150 0.024304 hargrave 2022-02-16 14:50:45 
TT 620 081.8 021.5 080.3 023.0 2.54E-05 001.7 269.6 044.8 0.070532 0.040497 0.021587 hargrave 2022-02-17 13:49:55 
TT 630 081.7 020.1 080.3 021.6 2.42E-05 002.4 271.4 044.2 0.099735 0.025504 0.025753 hargrave 2022-02-18 11:08:09 
TT 640 081.2 019.3 079.9 020.7 2.27E-05 002.4 272.2 043.4 0.093566 0.025094 0.022825 hargrave 2022-02-20 15:01:49 
TT 650 076.6 024.0 074.8 025.1 2.12E-05 001.2 264.0 041.3 0.037777 0.021509 0.023538 hargrave 2022-02-21 14:37:17 
TT 655 076.1 026.2 074.1 027.2 2.13E-05 004.1 261.1 041.6 0.150941 0.031872 0.025534 hargrave 2022-02-22 13:23:44 
TT 660 073.3 026.1 071.3 026.9 1.84E-05 001.2 260.1 039.2 0.037235 0.018293 0.012043 hargrave 2022-02-23 12:10:00 
TT 664 078.1 035.6 075.3 036.8 1.38E-05 001.4 249.1 045.7 0.029106 0.018135 0.009509 hargrave 2022-02-24 11:55:37 
TT 667 069.7 031.1 067.3 031.7 1.47E-05 001.2 252.7 037.8 0.027541 0.015870 0.010151 hargrave 2022-02-25 11:30:08 
TT 670 074.2 049.0 069.6 049.8 1.40E-05 001.4 230.0 043.8 0.029107 0.017880 0.015704 hargrave 2022-02-26 16:41:45 
TT 673 075.3 028.7 073.1 029.7 1.02E-05 003.6 257.6 041.7 0.063345 0.014729 0.005518 hargrave 2022-02-27 16:16:59 
TT 675 082.1 042.1 078.6 043.5 9.73E-06 001.5 240.0 049.4 0.022746 0.013209 0.008054 hargrave 2022-02-28 14:37:23 
TT 677 073.0 034.4 070.2 035.2 7.36E-06 002.0 249.6 041.3 0.023259 0.011557 0.007026 hargrave 2022-03-01 12:00:22 
TT 679 095.1 036.6 092.5 038.9 5.75E-06 001.3 249.4 059.4 0.010260 0.007352 0.005795 hargrave 2022-03-02 09:24:01 
TT 681 081.1 008.3 080.5 009.7 5.70E-06 001.6 284.8 037.9 0.016213 0.011945 0.003816 hargrave 2022-03-02 15:25:44 
TT 683 100.2 024.1 098.7 026.6 3.81E-06 002.3 276.3 061.5 0.014810 0.003129 0.003044 hargrave 2022-03-03 16:28:05 
TT 685 058.6 007.4 058.1 007.3 3.05E-06 002.1 272.4 018.4 0.010963 0.005190 0.003277 hargrave 2022-03-04 14:14:32 
TT 689 117.0 001.5 116.9 004.9 2.45E-06 003.4 332.3 057.5 0.005938 0.013063 0.002545 hargrave 2022-03-06 16:25:13 
