AF2- 35a mag compass orientation (IGRF corrected)
   9.33 226.5  78.0 240.0   4.0   1.0
NRM    086.8 015.9 085.7 017.7 6.96E-05 004.0 259.3 041.7 0.466578 0.130572 0.056550 hargrave 2022-02-07 14:42:59 
TT 150 087.0 021.8 085.5 023.6 6.85E-05 002.6 251.4 041.8 0.279354 0.113319 0.060303 hargrave 2022-02-08 11:40:59 
TT 300 087.7 020.3 086.4 022.2 6.25E-05 004.4 253.3 042.6 0.441191 0.187335 0.047561 hargrave 2022-02-09 09:12:23 
TT 400 087.0 017.8 085.7 019.6 5.71E-05 000.8 256.7 041.9 0.044269 0.065559 0.041030 hargrave 2022-02-10 09:28:36 
TT 450 086.8 021.6 085.4 023.4 5.50E-05 000.7 251.6 041.7 0.026069 0.061057 0.029997 hargrave 2022-02-10 16:52:51 
TT 500 086.3 016.9 085.2 018.7 5.25E-05 002.6 257.9 041.3 0.222361 0.071751 0.044604 hargrave 2022-02-11 18:59:32 
TT 550 086.3 021.6 084.8 023.3 4.94E-05 003.4 251.7 041.2 0.271337 0.112215 0.046825 hargrave 2022-02-13 10:59:56 
TT 565 086.0 022.4 084.5 024.1 4.80E-05 002.9 250.6 040.9 0.218787 0.090494 0.048081 hargrave 2022-02-14 11:25:02 
TT 580 085.6 017.8 084.4 019.5 4.66E-05 001.7 256.7 040.6 0.129095 0.049106 0.041439 hargrave 2022-02-15 09:23:08 
TT 600 085.8 019.3 084.5 021.0 4.27E-05 000.8 254.7 040.8 0.033500 0.039735 0.043090 hargrave 2022-02-15 17:27:04 
TT 610 086.6 022.4 085.0 024.1 4.13E-05 001.0 250.6 041.4 0.042393 0.038958 0.044238 hargrave 2022-02-16 14:40:24 
TT 620 087.5 021.5 086.0 023.3 3.78E-05 001.6 251.7 042.3 0.088271 0.049441 0.039786 hargrave 2022-02-17 13:39:37 
TT 630 085.7 016.5 084.6 018.2 3.72E-05 002.4 258.5 040.7 0.145879 0.050013 0.039273 hargrave 2022-02-18 10:57:47 
TT 640 085.6 021.9 084.0 023.6 3.43E-05 001.7 251.3 040.5 0.084747 0.060501 0.037240 hargrave 2022-02-20 14:51:25 
TT 650 082.2 022.5 080.6 024.0 3.04E-05 002.6 250.7 037.4 0.125301 0.065129 0.037720 hargrave 2022-02-21 14:27:41 
TT 655 080.2 022.8 078.5 024.1 2.66E-05 001.2 250.4 035.5 0.022165 0.050418 0.039961 hargrave 2022-02-22 13:14:13 
TT 660 082.0 024.4 080.3 025.8 3.05E-05 001.6 248.4 037.1 0.066054 0.062438 0.020762 hargrave 2022-02-23 12:00:29 
TT 664 085.5 020.8 084.1 022.5 2.81E-05 002.9 252.8 040.5 0.131431 0.056313 0.017581 hargrave 2022-02-24 11:46:07 
TT 667 073.6 013.1 072.7 014.0 1.37E-05 002.0 261.5 028.8 0.046850 0.018159 0.009006 hargrave 2022-02-25 11:21:28 
TT 670 076.1 026.1 074.2 027.1 1.02E-05 002.1 246.6 031.7 0.033321 0.020603 0.009161 hargrave 2022-02-26 16:33:03 
TT 673 077.3 011.7 076.5 012.9 9.55E-06 001.3 263.6 032.2 0.020548 0.013809 0.004167 hargrave 2022-02-27 16:08:13 
TT 675 076.8 003.1 076.6 004.2 4.43E-06 006.5 273.5 030.3 0.050097 0.008635 0.002744 hargrave 2022-02-28 14:28:39 
TT 677 084.4 015.5 083.3 017.1 4.12E-06 003.1 259.7 039.4 0.022069 0.006819 0.002344 hargrave 2022-03-01 11:51:38 
TT 679 030.6 026.3 029.0 024.3 2.65E-06 002.1 240.7 -08.5 0.013232 0.007372 0.003209 hargrave 2022-03-02 09:16:36 
TT 681 044.1 -06.5 044.6 -07.6 4.58E-06 004.4 275.9 -03.7 0.035042 0.011101 0.004593 hargrave 2022-03-02 15:18:23 
TT 683 094.6 002.2 094.4 004.5 1.83E-06 003.0 279.9 047.4 0.010130 0.003343 0.002713 hargrave 2022-03-03 16:19:06 
TT 685 033.0 006.5 032.7 004.6 1.41E-06 001.7 260.7 -11.7 0.003227 0.003881 0.002886 hargrave 2022-03-04 14:05:48 
TT 689 210.8 -36.5 208.4 -34.5 7.55E-07 003.1 051.0 005.1 0.003300 0.004422 0.003240 hargrave 2022-03-06 16:16:31 
