AF2- 1a sun compass orientation
    0.2 214.7  21.0 240.0   4.0   1.0
NRM    188.7 068.0 195.9 071.0 2.26E-05 000.9 118.1 067.6 0.029007 0.023350 0.026867 hargrave 2021-12-24 14:25:06 
TT 150 193.7 057.0 198.4 059.8 2.05E-05 001.2 103.1 058.5 0.027282 0.035097 0.017510 hargrave 2021-12-25 15:23:49 
TT 300 218.9 047.5 223.1 048.8 2.02E-05 003.0 114.7 042.1 0.106799 0.031458 0.020948 hargrave 2021-12-27 14:47:26 
TT 400 231.3 040.5 234.8 041.0 2.11E-05 004.1 120.9 031.9 0.132193 0.071550 0.024036 hargrave 2021-12-28 14:52:13 
TT 450 238.2 039.6 241.5 039.6 2.10E-05 001.8 126.1 029.0 0.054142 0.048792 0.035904 hargrave 2021-12-29 14:27:22 
TT 500 243.8 036.6 246.8 036.2 2.20E-05 002.4 129.5 024.6 0.054646 0.076177 0.031858 hargrave 2021-12-30 15:24:50 
TT 550 246.4 032.9 248.9 032.3 2.19E-05 002.0 130.3 020.4 0.042969 0.067676 0.034668 hargrave 2021-12-31 15:16:59 
TT 565 251.6 030.8 253.9 029.9 2.24E-05 001.9 134.1 017.0 0.038825 0.067349 0.028803 hargrave 2022-01-01 11:13:51 
TT 580 246.4 028.4 248.5 027.9 2.10E-05 005.2 128.8 016.2 0.144255 0.127824 0.031602 hargrave 2022-01-02 13:53:18 
TT 600 251.9 029.1 254.0 028.2 2.08E-05 004.4 133.8 015.3 0.116142 0.120828 0.048242 hargrave 2022-02-07 19:55:21 
TT 610 248.6 024.9 250.4 024.2 1.97E-05 003.8 129.6 012.2 0.100483 0.082077 0.048459 hargrave 2022-02-08 17:12:50 
TT 620 250.4 027.6 252.4 026.8 1.92E-05 002.9 132.0 014.3 0.062759 0.066305 0.054333 hargrave 2022-02-09 15:08:10 
TT 630 251.8 027.1 253.7 026.2 1.98E-05 003.5 133.1 013.5 0.087898 0.083884 0.055406 hargrave 2022-02-10 14:41:39 
TT 640 253.2 025.2 255.0 024.2 2.12E-05 002.7 133.8 011.3 0.048423 0.071864 0.063470 hargrave 2022-02-11 10:03:02 
TT 650 252.9 020.9 254.4 019.9 1.80E-05 002.5 132.3 007.2 0.060708 0.050661 0.027185 hargrave 2022-02-12 14:43:30 
TT 655 259.4 027.6 261.3 026.2 1.92E-05 002.9 139.9 012.1 0.042566 0.077788 0.055312 hargrave 2022-02-13 18:26:00 
TT 660 255.4 021.1 256.9 020.0 1.73E-05 003.4 134.6 006.8 0.075053 0.068878 0.028604 hargrave 2022-02-14 16:37:57 
TT 664 251.2 022.2 252.8 021.3 1.73E-05 003.1 131.1 008.9 0.060559 0.060726 0.045135 hargrave 2022-02-15 14:05:13 
TT 667 259.7 021.6 261.1 020.2 1.44E-05 003.2 138.6 006.2 0.046496 0.053189 0.047562 hargrave 2022-02-16 10:29:05 
TT 670 262.0 024.6 263.6 023.1 1.50E-05 003.5 141.4 008.6 0.051788 0.064842 0.044861 hargrave 2022-02-17 10:05:10 
TT 673 264.9 010.6 265.5 008.9 8.49E-06 003.6 140.8 -05.7 0.027662 0.032283 0.036545 hargrave 2022-02-17 19:52:06 
TT 675 262.0 014.8 262.9 013.3 6.97E-06 007.6 139.0 -00.9 0.064533 0.066160 0.012958 hargrave 2022-02-19 18:50:57 
TT 677 275.2 008.6 275.6 006.3 2.63E-06 001.9 150.4 -09.7 0.005888 0.004681 0.006849 hargrave 2022-02-21 11:07:30 
TT 679 260.9 000.7 260.9 -00.7 4.21E-06 001.8 134.4 -14.3 0.009709 0.008653 0.007886 hargrave 2022-02-21 19:28:31 
TT 683 180.4 006.9 180.7 010.3 9.88E-07 007.6 059.7 018.2 0.006179 0.013356 0.003278 hargrave 2022-02-22 20:10:57 
TT 685 178.8 015.2 179.4 018.7 1.75E-06 005.0 061.0 026.6 0.011028 0.010520 0.003434 hargrave 2022-02-23 19:31:17 
TT 688 006.9 049.5 004.4 046.3 5.05E-07 002.8 226.0 037.0 0.001283 0.000834 0.002599 hargrave 2022-02-24 19:48:35 
