AF2- 37a mag compass orientation (IGRF corrected)
   9.34 225.5  82.0 240.0   4.0   1.0
NRM    082.3 022.3 080.7 023.7 8.77E-05 002.2 248.1 037.0 0.248022 0.211567 0.110222 hargrave 2022-02-07 14:47:15 
TT 150 084.0 021.3 082.5 022.9 8.65E-05 002.8 249.0 038.7 0.300493 0.065030 0.372515 hargrave 2022-02-08 11:46:06 
TT 300 082.6 018.8 081.3 020.3 8.22E-05 001.6 252.4 037.6 0.146244 0.144954 0.111900 hargrave 2022-02-09 09:17:30 
TT 400 083.1 019.1 081.8 020.6 7.64E-05 003.4 252.0 038.1 0.403186 0.201622 0.089945 hargrave 2022-02-10 09:33:45 
TT 450 084.0 018.9 082.7 020.5 7.34E-05 000.5 252.1 038.9 0.028276 0.044226 0.041503 hargrave 2022-02-10 16:57:59 
TT 500 083.2 019.4 081.8 020.9 7.12E-05 002.9 251.6 038.1 0.299235 0.171210 0.109121 hargrave 2022-02-11 19:04:38 
TT 550 083.7 022.7 082.1 024.2 6.77E-05 001.7 247.4 038.2 0.137201 0.108903 0.088338 hargrave 2022-02-13 11:05:03 
TT 565 083.3 019.6 081.9 021.1 6.48E-05 003.7 251.3 038.2 0.396714 0.095892 0.079349 hargrave 2022-02-14 11:30:11 
TT 580 084.2 025.5 082.4 027.1 6.29E-05 001.8 243.7 038.2 0.166945 0.061339 0.089715 hargrave 2022-02-15 09:28:17 
TT 600 084.0 023.6 082.4 025.2 5.99E-05 001.3 246.1 038.4 0.094154 0.056045 0.093053 hargrave 2022-02-15 17:32:11 
TT 610 083.7 021.5 082.2 023.1 5.59E-05 001.3 248.8 038.4 0.051378 0.086738 0.078323 hargrave 2022-02-16 14:46:20 
TT 620 084.8 024.8 083.1 026.4 5.34E-05 002.4 244.5 038.9 0.167261 0.133531 0.078571 hargrave 2022-02-17 13:45:31 
TT 630 084.3 022.7 082.7 024.3 5.28E-05 002.9 247.2 038.8 0.202481 0.156798 0.081329 hargrave 2022-02-18 11:03:43 
TT 640 084.1 021.0 082.6 022.6 5.03E-05 001.9 249.4 038.8 0.147365 0.045183 0.064970 hargrave 2022-02-20 14:57:22 
TT 650 085.3 025.0 083.5 026.7 4.60E-05 001.9 244.1 039.3 0.125967 0.040335 0.073386 hargrave 2022-02-21 14:32:50 
TT 655 085.4 024.8 083.6 026.5 4.18E-05 002.1 244.3 039.4 0.085138 0.100350 0.077610 hargrave 2022-02-22 13:19:20 
TT 660 084.6 026.1 082.8 027.7 3.46E-05 001.8 242.9 038.5 0.058586 0.075220 0.057157 hargrave 2022-02-23 12:04:05 
TT 664 086.7 023.5 085.0 025.2 2.88E-05 002.4 245.8 040.8 0.074617 0.086551 0.042677 hargrave 2022-02-24 11:49:43 TT 667 084.3  21.5 082.4  23.5 2.47E-05 001.6 248.8  38.9 0.039471 0.066133 0.021500 hargrave 2022-02-25 11:25:46 
TT 670 081.3 024.7 079.6 026.1 2.16E-05 002.8 245.2 035.8 0.080080 0.064443 0.030940 hargrave 2022-02-26 16:37:22 
TT 673 080.0 021.7 078.4 023.0 1.66E-05 002.6 249.1 034.9 0.059195 0.046265 0.020862 hargrave 2022-02-27 16:12:33 
TT 675 084.9 025.7 083.1 027.3 1.25E-05 001.7 243.3 038.8 0.021282 0.029067 0.017053 hargrave 2022-02-28 14:32:59 
TT 677 083.3 020.4 081.8 021.9 8.55E-06 002.1 250.3 038.1 0.021452 0.021431 0.010469 hargrave 2022-03-01 11:55:57 
TT 679 081.9 026.4 079.9 027.8 6.75E-06 002.0 243.1 036.0 0.014105 0.018822 0.010163 hargrave 2022-03-02 09:20:17 
TT 681 075.6 021.5 074.1 022.5 6.29E-06 002.5 249.7 030.9 0.019124 0.016511 0.011550 hargrave 2022-03-02 15:22:03 
TT 683 060.7 -24.3 062.5 -24.2 6.98E-07 004.5 296.6 010.3 0.003088 0.006945 0.003114 hargrave 2022-03-03 16:23:36 
TT 685 035.3 016.0 034.3 014.3 1.98E-06 004.1 252.6 -07.5 0.013863 0.005231 0.002971 hargrave 2022-03-04 14:10:08 
TT 689 113.5 042.7 111.1 045.8 7.68E-07 005.4 205.6 050.3 0.002089 0.005143 0.005185 hargrave 2022-03-06 16:20:49 
