AF2- 9a sun compass orientation
   2.25 236.7  70.0 240.0   4.0   1.0
NRM    275.5 -14.5 274.6 -16.8 5.16E-05 001.7 087.9 -41.0 0.148398 0.051848 0.034247 hargrave 2021-12-24 14:38:24 
TT 150 273.5 -18.8 272.3 -21.0 5.52E-05 003.3 081.8 -40.0 0.304223 0.103669 0.048109 hargrave 2021-12-25 15:36:51 
TT 300 276.0 -15.0 275.1 -17.3 6.05E-05 001.2 087.4 -41.6 0.107607 0.066210 0.042291 hargrave 2021-12-27 14:59:47 
TT 400 275.4 -22.8 273.9 -25.1 6.39E-05 002.3 076.9 -42.4 0.242278 0.073768 0.052013 hargrave 2021-12-28 15:04:27 
TT 450 275.5 -18.2 274.4 -20.5 6.45E-05 000.8 083.1 -41.8 0.077033 0.051256 0.048144 hargrave 2021-12-29 14:42:03 
TT 500 276.7 -14.6 275.8 -17.0 6.52E-05 000.7 088.1 -42.1 0.064644 0.036686 0.040287 hargrave 2021-12-30 15:39:29 
TT 550 275.9 -17.0 274.8 -19.3 6.47E-05 001.7 084.8 -41.9 0.188661 0.041444 0.039728 hargrave 2021-12-31 15:31:41 
TT 565 275.0 -21.0 273.7 -23.2 6.49E-05 003.4 079.3 -41.8 0.370915 0.090591 0.046003 hargrave 2022-01-01 11:28:34 
TT 580 276.5 -14.1 275.6 -16.5 6.43E-05 001.5 088.7 -41.8 0.161314 0.034348 0.038145 hargrave 2022-01-02 14:07:59 
TT 600 275.2 -17.4 274.1 -19.6 6.35E-05 002.3 084.1 -41.3 0.239131 0.065650 0.055512 hargrave 2022-02-07 20:10:44 
TT 610 275.0 -17.3 273.9 -19.6 6.40E-05 000.8 084.1 -41.1 0.059967 0.048157 0.050914 hargrave 2022-02-08 17:27:32 
TT 620 275.5 -15.3 274.6 -17.6 6.43E-05 001.2 086.9 -41.2 0.125014 0.050773 0.045892 hargrave 2022-02-09 15:22:52 
TT 630 275.1 -18.6 274.0 -20.8 6.39E-05 003.9 082.5 -41.5 0.433806 0.059032 0.058228 hargrave 2022-02-10 14:56:25 
TT 640 275.5 -13.7 274.7 -16.0 6.60E-05 002.1 088.9 -40.8 0.234637 0.030302 0.051442 hargrave 2022-02-11 10:18:34 
TT 650 276.9 -08.8 276.4 -11.2 6.68E-05 003.7 095.6 -40.7 0.431164 0.024740 0.047995 hargrave 2022-02-12 14:58:56 
TT 655 276.2 -11.3 275.5 -13.7 6.47E-05 001.0 092.2 -40.8 0.089205 0.055178 0.052410 hargrave 2022-02-13 18:40:44 
TT 660 275.7 -15.4 274.8 -17.7 6.34E-05 001.9 086.8 -41.4 0.194015 0.061836 0.061040 hargrave 2022-02-14 16:52:47 
TT 664 276.8 -12.5 276.0 -14.9 5.87E-05 000.6 090.9 -41.7 0.040658 0.027113 0.040592 hargrave 2022-02-15 14:19:59 
TT 667 275.3 -16.2 274.3 -18.4 5.60E-05 001.9 085.7 -41.2 0.176983 0.052338 0.044307 hargrave 2022-02-16 10:43:52 
TT 670 276.3 -12.9 275.5 -15.2 5.45E-05 000.8 090.2 -41.3 0.057154 0.037331 0.044726 hargrave 2022-02-17 10:21:34 
TT 673 276.1 -10.3 275.4 -12.7 5.20E-05 001.0 093.4 -40.4 0.052540 0.052861 0.050378 hargrave 2022-02-17 20:06:48 
TT 675 274.1 -14.9 273.1 -17.1 4.75E-05 001.0 087.0 -39.7 0.071112 0.028150 0.031693 hargrave 2022-02-19 19:05:42 
TT 677 277.6 -11.7 276.9 -14.1 3.47E-05 001.4 092.2 -42.2 0.060189 0.052089 0.034484 hargrave 2022-02-21 11:22:15 
TT 679 279.7 -18.2 278.6 -20.7 2.61E-05 001.8 084.1 -45.7 0.079471 0.024315 0.016768 hargrave 2022-02-21 19:43:16 
TT 683 278.5 -14.2 277.6 -16.7 1.48E-05 002.4 089.2 -43.7 0.059676 0.017185 0.011510 hargrave 2022-02-22 20:25:42 
TT 685 274.4 -08.3 273.9 -10.6 7.31E-06 002.2 095.2 -38.2 0.027020 0.009047 0.005711 hargrave 2022-02-23 19:45:57 
TT 688 261.2 -37.9 258.2 -39.3 2.47E-06 001.8 057.0 -31.2 0.007309 0.004440 0.003361 hargrave 2022-02-24 20:04:54 
