AF2- 24a mag compass orientation (IGRF corrected)
   8.05 282.5  73.0 240.0   4.0   1.0
NRM    078.9 016.9 077.7 018.2 1.28E-04 075.7 246.0 -16.3 5.357619 12.03185 3.853710 hargrave 2022-02-07 14:26:55 
NRM    080.4 016.1 079.3 017.5 2.58E-04 000.5 247.4 -15.3 0.169778 0.140396 0.188386 hargrave 2022-02-07 16:06:19 
TT 150 076.9 019.1 075.6 020.2 2.54E-04 005.5 243.1 -17.1 2.196100 1.116041 0.180991 hargrave 2022-02-08 11:23:15 
TT 300 076.9 020.3 075.5 021.4 2.52E-04 000.5 242.0 -16.6 0.098851 0.059433 0.211956 hargrave 2022-02-09 08:54:43 
TT 400 075.9 020.4 074.5 021.4 2.42E-04 002.6 241.5 -17.4 0.952388 0.497083 0.233037 hargrave 2022-02-10 09:09:57 
TT 450 076.9 019.3 075.5 020.4 2.37E-04 000.4 242.9 -17.1 0.048197 0.104714 0.176616 hargrave 2022-02-10 16:34:21 
TT 500 076.1 020.0 074.7 021.1 2.29E-04 000.5 241.9 -17.4 0.131447 0.070483 0.180753 hargrave 2022-02-11 18:41:51 
TT 550 077.4 017.0 076.2 018.2 2.19E-04 001.2 245.3 -17.6 0.384143 0.182184 0.181330 hargrave 2022-02-13 10:41:27 
TT 565 076.8 017.8 075.5 018.9 2.14E-04 001.2 244.3 -17.8 0.378116 0.160463 0.201172 hargrave 2022-02-14 11:07:18 
TT 580 077.6 016.6 076.4 017.7 2.10E-04 000.8 245.8 -17.6 0.257579 0.107960 0.164482 hargrave 2022-02-15 09:04:35 
TT 600 075.8 019.0 074.4 020.1 2.02E-04 003.1 242.7 -18.1 0.974417 0.446101 0.240676 hargrave 2022-02-15 17:08:34 
TT 610 074.1 022.7 072.4 023.6 1.97E-04 000.6 238.5 -17.9 0.120902 0.063715 0.185753 hargrave 2022-02-16 14:21:53 
TT 620 075.6 019.8 074.1 020.8 1.92E-04 002.1 241.9 -18.0 0.612054 0.347844 0.159257 hargrave 2022-02-17 13:20:18 
TT 630 077.0 017.1 075.8 018.3 1.90E-04 003.3 245.0 -17.9 0.979197 0.460215 0.138026 hargrave 2022-02-18 10:36:52 
TT 640 077.9 014.4 076.9 015.6 1.87E-04 003.2 248.0 -18.2 0.965085 0.403940 0.133314 hargrave 2022-02-20 14:31:56 
TT 650 077.1 016.5 075.9 017.6 1.82E-04 000.5 245.7 -18.1 0.090706 0.057146 0.136485 hargrave 2022-02-21 14:09:55 
TT 655 076.2 016.9 075.0 018.0 1.77E-04 004.9 244.9 -18.7 1.370374 0.616949 0.155743 hargrave 2022-02-22 12:54:54 
TT 660 075.9 017.7 074.6 018.8 1.70E-04 001.1 244.0 -18.6 0.295554 0.076247 0.152897 hargrave 2022-02-23 11:42:47 
TT 664 076.4 016.5 075.2 017.5 1.58E-04 006.2 245.4 -18.7 1.569164 0.689183 0.175808 hargrave 2022-02-24 11:27:40 
TT 667 074.4 019.6 073.0 020.6 1.47E-04 002.9 241.5 -19.0 0.632053 0.371374 0.116175 hargrave 2022-02-25 11:02:14 
TT 670 076.6 016.3 075.4 017.4 1.39E-04 000.8 245.6 -18.6 0.166689 0.078806 0.104217 hargrave 2022-02-26 16:03:11 
TT 673 075.5 019.0 074.1 020.0 1.30E-04 002.8 242.6 -18.4 0.553176 0.319914 0.104398 hargrave 2022-02-27 15:50:24 
TT 675 076.3 016.6 075.1 017.7 1.19E-04 002.8 245.2 -18.7 0.520654 0.234188 0.099796 hargrave 2022-02-28 14:10:56 
TT 677 077.4 014.3 076.4 015.5 1.11E-04 000.6 247.9 -18.7 0.073796 0.042727 0.091472 hargrave 2022-03-01 11:33:59 
TT 679 075.7 019.5 074.3 020.5 9.16E-05 002.9 242.2 -18.0 0.441527 0.179125 0.074629 hargrave 2022-03-02 09:01:35 
TT 681 076.3 018.1 075.0 019.2 7.97E-05 000.9 243.8 -18.1 0.089164 0.108416 0.064746 hargrave 2022-03-02 15:03:22 
TT 683 076.8 014.6 075.8 015.7 3.84E-05 002.0 247.4 -19.1 0.114146 0.069892 0.047552 hargrave 2022-03-03 16:00:50 
TT 685 076.8 019.4 075.4 020.5 3.46E-05 001.1 242.8 -17.1 0.046315 0.054625 0.041363 hargrave 2022-03-04 13:48:01 
TT 689 075.6 023.4 073.9 024.4 1.17E-05 001.8 238.5 -16.3 0.028293 0.027128 0.016004 hargrave 2022-03-06 15:58:50 
