AF2- 16a sun compass orientation
    2.4 270.6  91.0 240.0   4.0   1.0
NRM    264.0 -01.9 263.9 -03.5 1.38E-05 034.6 088.2 006.6 0.061104 1.466016 0.170038 hargrave 2022-02-07 14:17:15 
NRM    263.2 -01.2 263.1 -02.8 2.73E-05 001.6 088.9 007.4 0.073412 0.045772 0.023092 hargrave 2022-02-07 16:02:55 
TT 150 264.8 -05.1 264.4 -06.7 2.70E-05 001.1 085.0 005.9 0.046674 0.061656 0.032373 hargrave 2022-02-08 11:12:21 
TT 300 267.7 -14.2 266.7 -16.1 1.47E-05 052.3 075.8 003.1 0.384161 1.518485 0.084813 hargrave 2022-02-09 08:43:53 
TT 300 268.0 -16.4 266.9 -18.3 2.91E-05 000.9 073.6 002.8 0.039758 0.021088 0.024015 hargrave 2022-02-09 11:01:18 
TT 400 145.8 -68.7 146.4 -64.7 1.74E-06 084.2 347.4 018.3 0.462633 3.396080 0.080320 hargrave 2022-02-10 08:59:01 
TT 400 269.2 -12.9 268.3 -14.8 3.21E-05 001.1 077.1 001.6 0.056114 0.008687 0.027514 hargrave 2022-02-10 10:55:02 
TT 450 270.0 -10.0 269.3 -12.0 3.34E-05 001.5 080.0 000.8 0.077714 0.035128 0.027012 hargrave 2022-02-10 16:23:10 
TT 500 270.4 -12.4 269.6 -14.4 3.48E-05 003.5 077.6 000.4 0.205372 0.079886 0.043097 hargrave 2022-02-11 18:31:45 
TT 550 270.0 -11.9 269.2 -13.9 3.50E-05 002.0 078.1 000.8 0.120202 0.062924 0.027963 hargrave 2022-02-13 10:30:32 
TT 565 271.0 -20.4 269.6 -22.4 3.52E-05 002.8 069.6 -00.0 0.161233 0.080007 0.046547 hargrave 2022-02-14 10:57:13 
TT 580 270.4 -17.9 269.2 -19.9 3.54E-05 001.0 072.1 000.5 0.052801 0.062260 0.039332 hargrave 2022-02-15 08:54:30 
TT 600 271.8 -18.7 270.6 -20.8 3.38E-05 008.0 071.3 -00.8 0.445053 0.162011 0.053160 hargrave 2022-02-15 16:58:30 
TT 610 271.3 -16.1 270.2 -18.1 3.37E-05 004.1 073.9 -00.4 0.230301 0.090958 0.033242 hargrave 2022-02-16 14:11:48 
TT 620 271.6 -15.5 270.6 -17.6 3.32E-05 002.2 074.5 -00.7 0.117217 0.072910 0.032891 hargrave 2022-02-17 13:10:11 
TT 630 272.1 -21.1 270.7 -23.2 3.35E-05 003.1 068.9 -01.0 0.171854 0.090357 0.031863 hargrave 2022-02-18 10:26:46 
TT 640 272.1 -18.3 270.9 -20.4 3.35E-05 001.0 071.7 -01.1 0.054800 0.063216 0.034696 hargrave 2022-02-20 14:20:56 
TT 650 273.2 -20.1 271.9 -22.3 3.11E-05 003.3 069.8 -02.1 0.170528 0.089405 0.032176 hargrave 2022-02-21 13:59:48 
TT 655 272.6 -18.4 271.4 -20.5 3.06E-05 001.1 071.6 -01.6 0.056022 0.071210 0.031023 hargrave 2022-02-22 12:44:01 
TT 660 272.9 -18.9 271.7 -21.0 2.44E-05 001.4 071.1 -01.9 0.061672 0.051221 0.026077 hargrave 2022-02-23 11:32:41 
TT 664 270.7 -16.1 269.6 -18.1 2.23E-05 002.3 073.9 000.2 0.090505 0.056730 0.025822 hargrave 2022-02-24 11:17:34 
TT 667 271.0 -25.4 269.2 -27.4 1.28E-05 003.7 064.6 000.1 0.075113 0.040721 0.012110 hargrave 2022-02-25 10:52:11 
TT 670 271.6 -09.2 271.0 -11.3 9.41E-06 002.8 080.8 -00.8 0.047037 0.034877 0.007495 hargrave 2022-02-26 15:53:07 
TT 673 266.1 000.3 266.1 -01.4 5.11E-06 003.0 090.4 004.5 0.026577 0.007604 0.004359 hargrave 2022-02-27 15:38:39 
TT 675 242.4 -18.5 241.0 -18.6 3.18E-06 002.7 069.7 027.0 0.012659 0.008760 0.003255 hargrave 2022-02-28 14:00:49 
TT 677 033.7 -50.2 038.2 -51.8 1.42E-06 002.3 335.8 -31.5 0.005956 0.003798 0.003544 hargrave 2022-03-01 11:23:05 
TT 679 252.7 005.6 253.1 004.7 1.90E-06 002.8 096.2 017.7 0.009299 0.005445 0.002144 hargrave 2022-03-02 08:52:39 
TT 681 103.3 -49.9 106.5 -47.1 2.85E-06 001.1 320.5 008.9 0.006794 0.005415 0.003353 hargrave 2022-03-02 14:54:15 
TT 683 261.4 -33.5 258.9 -34.9 1.03E-06 011.3 056.3 008.2 0.003274 0.029847 0.002068 hargrave 2022-03-03 15:49:33 
TT 683 265.2 -24.3 263.5 -25.9 1.24E-06 002.5 065.7 005.3 0.004662 0.001306 0.002593 hargrave 2022-03-03 18:33:07 
TT 685 236.6 032.6 239.1 032.8 2.15E-06 001.4 128.1 027.5 0.004904 0.004141 0.002297 hargrave 2022-03-04 13:37:54 
TT 689 188.6 073.2 198.7 076.1 1.42E-06 001.5 177.6 015.6 0.004886 0.003151 0.002359 hargrave 2022-03-06 15:48:46 
