AF2- 20a sun compass orientation
   2.85 259.4  87.0 240.0   4.0   1.0
NRM    278.1 -15.5 277.1 -18.0 5.73E-05 002.1 074.6 -18.8 0.203186 0.135872 0.041033 hargrave 2022-02-07 14:21:58 
TT 150 277.7 -10.6 277.0 -13.0 5.79E-05 002.0 079.8 -18.5 0.190448 0.079764 0.037395 hargrave 2022-02-08 11:18:07 
TT 300 277.8 -15.8 276.8 -18.3 6.13E-05 004.8 074.3 -18.5 0.492654 0.159790 0.039373 hargrave 2022-02-09 08:49:36 
TT 400 277.2 -17.2 276.1 -19.6 6.45E-05 001.5 072.9 -17.9 0.158190 0.095094 0.035161 hargrave 2022-02-10 09:04:47 
TT 450 276.5 -16.1 275.5 -18.4 6.58E-05 000.8 074.1 -17.3 0.076981 0.028648 0.044936 hargrave 2022-02-10 16:30:00 
TT 500 276.7 -14.6 275.8 -17.0 6.66E-05 001.0 075.6 -17.5 0.099851 0.082615 0.054174 hargrave 2022-02-11 18:37:30 
TT 550 277.0 -18.1 275.9 -20.4 6.61E-05 001.3 072.0 -17.7 0.139163 0.065462 0.053365 hargrave 2022-02-13 10:36:17 
TT 565 276.9 -16.7 275.8 -19.1 6.54E-05 003.0 073.4 -17.6 0.329938 0.126315 0.035058 hargrave 2022-02-14 11:02:57 
TT 580 276.9 -16.3 275.8 -18.7 6.48E-05 002.0 073.8 -17.6 0.213280 0.100852 0.048658 hargrave 2022-02-15 09:00:13 
TT 600 277.0 -14.5 276.1 -16.9 6.38E-05 000.8 075.7 -17.8 0.073455 0.073396 0.043289 hargrave 2022-02-15 17:04:13 
TT 610 277.2 -19.8 276.0 -22.1 6.31E-05 000.8 070.2 -17.8 0.077666 0.058016 0.040626 hargrave 2022-02-16 14:17:33 
TT 620 276.9 -14.6 276.0 -17.0 6.27E-05 001.2 075.6 -17.7 0.118911 0.082780 0.047430 hargrave 2022-02-17 13:15:56 
TT 630 277.1 -13.8 276.2 -16.2 6.23E-05 003.0 076.5 -17.9 0.318589 0.104425 0.055294 hargrave 2022-02-18 10:32:30 
TT 640 277.1 -17.5 276.0 -19.9 6.25E-05 000.7 072.6 -17.8 0.066379 0.048124 0.041058 hargrave 2022-02-20 14:26:44 
TT 650 277.5 -13.7 276.7 -16.1 6.30E-05 003.3 076.6 -18.3 0.325945 0.106978 0.129905 hargrave 2022-02-21 14:05:33 
TT 655 276.8 -13.3 275.9 -15.7 6.34E-05 001.9 077.0 -17.6 0.194099 0.083582 0.052975 hargrave 2022-02-22 12:49:45 
TT 660 277.3 -14.4 276.4 -16.8 6.16E-05 000.9 075.8 -18.1 0.085294 0.081555 0.046624 hargrave 2022-02-23 11:38:26 
TT 664 277.5 -12.1 276.7 -14.6 5.92E-05 002.6 078.2 -18.3 0.253138 0.088229 0.049242 hargrave 2022-02-24 11:23:18 
TT 667 276.9 -12.7 276.1 -15.1 5.66E-05 002.9 077.6 -17.7 0.281924 0.091243 0.054323 hargrave 2022-02-25 10:57:54 
TT 670 277.6 -13.6 276.8 -16.0 5.47E-05 002.4 076.7 -18.4 0.217142 0.098762 0.048797 hargrave 2022-02-26 15:58:51 
TT 673 278.7 -16.7 277.6 -19.2 4.94E-05 001.0 073.3 -19.3 0.069531 0.090388 0.039519 hargrave 2022-02-27 15:45:12 
TT 675 278.9 -15.0 278.0 -17.5 4.60E-05 001.2 075.1 -19.6 0.086191 0.081993 0.031355 hargrave 2022-02-28 14:06:34 
TT 677 278.0 -09.5 277.4 -11.9 3.74E-05 002.5 081.0 -18.8 0.155349 0.070985 0.032559 hargrave 2022-03-01 11:28:49 
TT 679 280.1 -11.0 279.4 -13.5 3.43E-05 005.6 079.4 -20.9 0.330454 0.071368 0.031545 hargrave 2022-03-02 08:57:21 
TT 681 280.8 -15.7 279.9 -18.3 3.17E-05 001.9 074.3 -21.4 0.083820 0.139627 0.025008 hargrave 2022-03-02 14:59:05 
TT 683 272.8 009.1 273.2 006.9 4.52E-06 002.4 100.0 -12.7 0.018504 0.008924 0.005963 hargrave 2022-03-03 15:56:24 
TT 685 282.5 -32.8 280.5 -35.4 3.82E-06 001.5 055.9 -21.0 0.008341 0.009040 0.003727 hargrave 2022-03-04 13:43:39 
TT 689 285.6 006.5 285.8 003.7 3.09E-06 001.8 098.7 -25.6 0.007207 0.007304 0.004433 hargrave 2022-03-06 15:54:30 
