AF2- 14a sun compass orientation
    2.4 230.1  94.0 240.0   4.0   1.0
NRM    278.9 -04.7 278.5 -07.2 9.34E-05 002.0 078.4 -47.9 0.297791 0.115830 0.054973 hargrave 2021-12-24 14:46:36 
TT 150 278.1 -04.4 277.8 -06.9 9.39E-05 001.5 079.1 -47.2 0.230345 0.106661 0.053111 hargrave 2021-12-25 15:44:55 
TT 300 278.9 -07.9 278.4 -10.4 9.60E-05 001.0 073.9 -47.2 0.113755 0.129776 0.074316 hargrave 2021-12-27 15:07:00 
TT 400 277.7 -07.7 277.2 -10.1 9.90E-05 001.9 074.6 -46.1 0.282213 0.156137 0.081331 hargrave 2021-12-28 15:11:42 
TT 450 277.8 -09.6 277.2 -12.0 1.00E-04 001.0 071.9 -45.7 0.092750 0.097667 0.109783 hargrave 2021-12-29 14:50:42 
TT 500 277.5 -08.4 276.9 -10.9 1.01E-04 001.6 073.6 -45.7 0.229263 0.147118 0.080332 hargrave 2021-12-30 15:48:06 
TT 550 277.6 -09.7 277.0 -12.1 9.99E-05 001.9 071.8 -45.5 0.271888 0.167836 0.075011 hargrave 2021-12-31 15:40:20 
TT 565 277.9 -11.2 277.2 -13.7 9.85E-05 000.9 069.6 -45.3 0.056649 0.117853 0.088939 hargrave 2022-01-01 11:37:12 
TT 580 278.0 -11.9 277.2 -14.3 9.73E-05 000.8 068.7 -45.2 0.060369 0.099422 0.084921 hargrave 2022-01-02 14:16:35 
TT 600 276.6 -10.8 275.9 -13.2 9.19E-05 002.1 070.7 -44.2 0.316940 0.096775 0.070063 hargrave 2022-02-07 20:22:12 
TT 610 276.6 -09.5 276.0 -11.9 8.84E-05 002.6 072.4 -44.6 0.355350 0.171428 0.052802 hargrave 2022-02-08 17:36:12 
TT 620 277.5 -09.1 277.0 -11.6 8.90E-05 002.1 072.6 -45.6 0.176666 0.051664 0.397248 hargrave 2022-02-09 15:31:30 
TT 630 278.1 -13.6 277.3 -16.1 8.79E-05 000.7 066.3 -44.8 0.053831 0.074784 0.053341 hargrave 2022-02-10 15:05:06 
TT 640 276.8 -11.4 276.0 -13.8 8.85E-05 001.4 069.8 -44.2 0.209819 0.060437 0.050929 hargrave 2022-02-11 10:27:12 
TT 650 276.4 -11.9 275.6 -14.3 8.36E-05 002.0 069.3 -43.7 0.265660 0.127248 0.050474 hargrave 2022-02-12 15:07:33 
TT 655 276.6 -09.6 276.0 -12.0 7.31E-05 000.7 072.3 -44.6 0.059052 0.069675 0.045229 hargrave 2022-02-13 18:49:24 
TT 660 277.1 -09.7 276.5 -12.1 6.92E-05 001.4 072.0 -45.0 0.141608 0.104448 0.044001 hargrave 2022-02-14 17:01:29 
TT 664 276.0 -09.6 275.4 -12.0 6.11E-05 001.4 072.5 -44.0 0.122119 0.097675 0.041310 hargrave 2022-02-15 14:28:40 
TT 667 278.4 -12.2 277.7 -14.7 5.92E-05 001.1 068.0 -45.5 0.067652 0.094479 0.037669 hargrave 2022-02-16 10:52:34 
TT 670 275.8 -08.8 275.2 -11.1 5.32E-05 002.7 073.7 -44.0 0.231348 0.099982 0.036726 hargrave 2022-02-17 10:30:16 
TT 673 278.5 -08.4 278.0 -10.9 4.20E-05 001.5 073.3 -46.7 0.083803 0.082449 0.029435 hargrave 2022-02-17 20:15:26 
TT 675 274.7 -10.1 274.0 -12.4 2.70E-05 002.8 072.3 -42.6 0.117139 0.072138 0.023446 hargrave 2022-02-19 19:14:21 
TT 677 277.9 -10.5 277.3 -12.9 2.58E-05 004.8 070.6 -45.6 0.203291 0.082916 0.022114 hargrave 2022-02-21 11:30:52 
TT 679 278.9 -12.1 278.2 -14.6 2.27E-05 002.6 068.0 -46.0 0.091914 0.050077 0.021861 hargrave 2022-02-21 19:51:54 
TT 683 268.3 017.1 269.3 015.1 5.20E-06 003.9 108.5 -37.6 0.030485 0.019712 0.004777 hargrave 2022-02-22 20:34:22 
TT 685 274.2 -52.6 269.6 -54.7 1.48E-06 002.3 028.0 -21.5 0.002606 0.006021 0.001273 hargrave 2022-02-23 19:54:33 
TT 688 059.8 -69.8 070.5 -69.4 1.98E-06 004.0 339.9 007.1 0.006064 0.012806 0.002703 hargrave 2022-02-24 20:13:32 
