AF2- 28a mag compass orientation (IGRF corrected)
    8.3 228.5  75.0 240.0   4.0   1.0
NRM    067.1 031.2 064.6 031.6 1.77E-04 003.1 242.1 023.4 0.693529 0.551507 0.336232 hargrave 2022-02-07 14:33:46 
TT 150 067.1 031.9 064.6 032.3 1.73E-04 001.3 241.3 023.5 0.135257 0.213932 0.310174 hargrave 2022-02-08 11:30:41 
TT 300 068.3 023.6 066.5 024.2 1.66E-04 006.7 250.4 023.8 1.767350 0.760757 0.243190 hargrave 2022-02-09 09:02:06 
TT 400 067.3 029.0 065.0 029.4 1.55E-04 002.3 244.5 023.4 0.453243 0.344525 0.240980 hargrave 2022-02-10 09:17:27 
TT 450 067.8 031.4 065.3 031.8 1.51E-04 000.5 241.9 024.0 0.033232 0.066524 0.110714 hargrave 2022-02-10 16:42:33 
TT 500 067.0 028.0 064.9 028.4 1.43E-04 002.0 245.5 023.1 0.343960 0.256504 0.263622 hargrave 2022-02-11 18:49:14 
TT 550 066.9 022.9 065.2 023.3 1.35E-04 000.9 251.0 022.4 0.116172 0.067804 0.162698 hargrave 2022-02-13 10:48:50 
TT 565 085.2 062.8 077.7 064.3 1.05E-04 038.2 204.9 029.6 3.298262 7.596657 0.400848 hargrave 2022-02-14 11:14:42 
TT 565 067.3 034.9 064.5 035.4 1.31E-04 000.5 238.0 023.8 0.044956 0.065268 0.077580 hargrave 2022-02-14 12:59:53 
TT 580 067.1 025.4 065.2 025.9 1.27E-04 005.0 248.3 022.9 0.967215 0.502770 0.222948 hargrave 2022-02-15 09:12:01 
TT 600 066.5 030.7 064.1 031.0 1.22E-04 003.6 242.6 022.9 0.594170 0.428058 0.238134 hargrave 2022-02-15 17:15:59 
TT 610 067.1 029.9 064.8 030.3 1.18E-04 008.8 243.5 023.3 1.555848 0.891899 0.239408 hargrave 2022-02-16 14:30:05 
TT 610 067.6 027.1 065.5 027.5 1.19E-04 000.5 246.6 023.5 0.049444 0.039378 0.087462 hargrave 2022-02-16 16:54:55 
TT 620 066.6 030.2 064.2 030.6 1.17E-04 002.1 243.1 022.9 0.274760 0.243191 0.229965 hargrave 2022-02-17 13:29:18 
TT 630 067.0 026.2 065.0 026.6 1.15E-04 003.7 247.5 022.9 0.609815 0.349579 0.243521 hargrave 2022-02-18 10:45:52 
TT 640 067.0 025.0 065.2 025.4 1.12E-04 002.2 248.8 022.8 0.365499 0.074113 0.201338 hargrave 2022-02-20 14:41:01 
TT 650 066.6 029.9 064.3 030.3 1.06E-04 004.2 243.4 022.9 0.630684 0.417964 0.213059 hargrave 2022-02-21 14:17:20 
TT 655 067.1 028.3 064.9 028.7 9.94E-05 006.0 245.2 023.2 0.884527 0.504072 0.204498 hargrave 2022-02-22 13:02:18  
TT 660 071.6 024.6 069.8 025.3 7.57E-05 004.3 249.7 026.9 0.536627 0.196290 0.049580 hargrave 2022-02-23 11:47:17 
TT 664 071.7 029.0 069.5 029.8 7.29E-05 003.4 244.7 027.3 0.379251 0.208533 0.068516 hargrave 2022-02-24 11:32:09 TT 667 066.7  29.2 063.9  29.7 7.70E-05 001.9 244.2  22.9 0.195956 0.053910 0.156347 hargrave 2022-02-25 11:09:37 
TT 670 066.7 025.1 064.8 025.5 6.75E-05 002.2 248.6 022.5 0.204264 0.103092 0.123615 hargrave 2022-02-26 16:10:35 
TT 673 066.5 028.4 064.4 028.7 5.80E-05 001.3 245.1 022.7 0.049369 0.054088 0.107059 hargrave 2022-02-27 15:57:50 
TT 675 067.7 026.6 065.7 027.1 4.20E-05 003.5 247.1 023.6 0.226732 0.084164 0.089313 hargrave 2022-02-28 14:18:21 
TT 677 068.3 026.4 066.3 026.9 3.10E-05 002.2 247.4 024.1 0.091818 0.053977 0.060335 hargrave 2022-03-01 11:41:22 
TT 679 072.4 028.8 070.2 029.6 1.96E-05 002.4 245.0 027.9 0.068715 0.040319 0.031067 hargrave 2022-03-02 09:07:51 
TT 681 071.0 026.3 069.0 027.0 1.19E-05 001.8 247.7 026.5 0.027694 0.028621 0.018982 hargrave 2022-03-02 15:09:39 
TT 683 064.2 031.5 061.8 031.7 5.12E-06 003.7 241.5 021.0 0.031077 0.010014 0.011884 hargrave 2022-03-03 16:08:25 
TT 685 041.7 016.4 040.6 015.1 4.76E-06 001.6 252.4 -02.1 0.009767 0.010343 0.007097 hargrave 2022-03-04 13:55:28 
TT 689 072.3 -75.9 086.7 -74.6 1.20E-06 004.2 347.0 -09.0 0.005874 0.007723 0.001289 hargrave 2022-03-06 16:06:14 
