AF2- 21a sun compass orientation
    6.6 216.2  75.0 240.0   4.0   1.0
NRM    268.8 010.5 269.4 008.6 1.82E-05 039.8 122.4 -45.0 0.736591 1.160079 1.375886 hargrave 2022-02-07 14:23:45 
NRM    269.0 011.5 269.6 009.5 3.68E-05 001.4 123.6 -44.6 0.053398 0.095061 0.016699 hargrave 2022-02-07 16:05:06 
TT 150 268.6 007.6 269.0 005.7 1.82E-05 076.5 118.7 -46.4 0.644639 1.179429 1.410837 hargrave 2022-02-08 11:20:18 
TT 150 269.3 007.2 269.7 005.2 3.68E-05 000.6 118.7 -47.2 0.022684 0.029235 0.014536 hargrave 2022-02-08 13:44:59 
TT 300 268.8 -00.3 268.7 -02.2 1.93E-05 072.1 108.3 -50.2 0.416338 1.256113 1.589132 hargrave 2022-02-09 08:51:46 
TT 300 269.4 000.9 269.4 -01.1 3.91E-05 000.5 110.4 -50.3 0.027513 0.020605 0.016425 hargrave 2022-02-09 11:03:58 
TT 400 271.5 001.4 271.5 -00.7 2.04E-05 070.9 112.5 -52.0 0.513680 1.236923 1.715769 hargrave 2022-02-10 09:06:59 
TT 400 270.4 -02.4 270.2 -04.4 4.11E-05 000.5 106.1 -52.5 0.029805 0.018809 0.015517 hargrave 2022-02-10 10:57:42 
TT 450 270.0 -03.5 269.8 -05.5 4.24E-05 000.6 104.2 -52.6 0.031480 0.019969 0.033072 hargrave 2022-02-10 16:31:24 
TT 500 274.2 002.3 274.3 000.1 4.40E-05 002.1 116.0 -53.9 0.147617 0.074036 0.043526 hargrave 2022-02-11 18:38:54 
TT 550 270.4 -06.7 269.9 -08.7 2.14E-05 066.2 099.3 -53.9 0.219688 1.332388 1.847538 hargrave 2022-02-13 10:38:28 
TT 550 271.4 -04.9 271.0 -07.0 4.32E-05 000.6 102.7 -54.3 0.034086 0.019579 0.017626 hargrave 2022-02-13 13:20:38 
TT 565 272.4 -02.1 272.2 -04.2 4.30E-05 001.8 107.9 -54.2 0.117572 0.075673 0.042493 hargrave 2022-02-14 11:04:21 
TT 580 271.3 -03.8 271.0 -05.9 4.21E-05 001.0 104.5 -53.9 0.034247 0.075732 0.042503 hargrave 2022-02-15 09:01:38 
TT 600 271.5 -02.8 271.3 -04.9 4.12E-05 001.1 106.2 -53.7 0.041175 0.063272 0.045745 hargrave 2022-02-15 17:05:37 
TT 610 273.2 -04.7 272.8 -06.9 3.97E-05 003.8 104.2 -55.9 0.253868 0.082364 0.049002 hargrave 2022-02-16 14:18:57 
TT 620 273.6 -03.3 273.3 -05.5 3.81E-05 001.0 106.7 -55.8 0.020450 0.062166 0.038069 hargrave 2022-02-17 13:17:20 
TT 630 274.4 -05.2 274.0 -07.4 3.77E-05 002.4 104.1 -57.2 0.141474 0.064065 0.039950 hargrave 2022-02-18 10:33:53 
TT 640 272.8 -08.6 272.2 -10.8 1.88E-05 062.2 097.2 -56.7 0.140368 1.095389 1.681021 hargrave 2022-02-20 14:28:56 
TT 640 273.0 -08.6 272.4 -10.8 3.81E-05 000.6 097.3 -56.9 0.032467 0.015894 0.015184 hargrave 2022-02-20 16:27:54 
TT 650 273.7 -05.9 273.3 -08.1 3.91E-05 001.7 102.5 -56.8 0.094402 0.060858 0.041103 hargrave 2022-02-21 14:06:58 
TT 655 273.2 -07.6 272.6 -09.8 1.93E-05 069.0 099.2 -56.8 0.180529 1.112367 1.724160 hargrave 2022-02-22 12:51:56 
TT 655 273.3 -07.1 272.8 -09.3 3.89E-05 000.6 100.1 -56.8 0.034027 0.013914 0.017204 hargrave 2022-02-22 15:35:41 
TT 660 271.9 -06.6 271.4 -08.7 3.76E-05 002.0 100.2 -55.3 0.115092 0.060423 0.045720 hargrave 2022-02-23 11:39:50 
TT 664 274.5 -04.4 274.2 -06.7 3.58E-05 001.3 105.5 -57.1 0.044629 0.069320 0.038077 hargrave 2022-02-24 11:24:42 
TT 667 273.3 -05.9 272.8 -08.1 3.24E-05 001.8 102.2 -56.4 0.092990 0.050959 0.039142 hargrave 2022-02-25 10:59:18 
TT 670 274.0 -04.2 273.7 -06.4 3.08E-05 001.2 105.5 -56.5 0.050790 0.036326 0.040518 hargrave 2022-02-26 16:00:15 
TT 673 275.2 -07.0 274.7 -09.3 2.60E-05 001.4 101.3 -58.6 0.060481 0.024597 0.032595 hargrave 2022-02-27 15:47:26 
TT 675 275.3 -05.3 274.9 -07.6 2.25E-05 004.5 104.5 -58.1 0.168617 0.055342 0.034886 hargrave 2022-02-28 14:07:59 
TT 677 276.9 -02.2 276.7 -04.6 2.08E-05 001.5 111.1 -58.4 0.045457 0.029761 0.008845 hargrave 2022-03-01 11:31:02 
TT 679 279.3 -02.5 279.1 -05.1 1.86E-05 002.2 112.6 -60.7 0.069913 0.019378 0.010485 hargrave 2022-03-02 08:59:10 
TT 681 283.3 -05.4 282.9 -08.1 1.59E-05 001.2 110.7 -65.5 0.029094 0.014537 0.010007 hargrave 2022-03-02 15:00:53 
TT 683 261.3 -33.4 258.7 -34.8 5.18E-06 002.1 057.3 -45.5 0.011965 0.016093 0.006336 hargrave 2022-03-03 15:57:48 
TT 685 316.2 -03.7 316.1 -07.6 4.37E-06 002.1 222.2 -75.0 0.011773 0.011328 0.004214 hargrave 2022-03-04 13:45:03 
TT 689 294.0 -31.6 292.4 -34.8 1.97E-06 001.9 031.8 -70.0 0.005316 0.002929 0.003175 hargrave 2022-03-06 15:55:54 
