AF2- 42a mag compass orientation (IGRF corrected)
   12.6 261.5   4.0 240.0   4.0   1.0
NRM    085.0 024.0 083.3 025.7 9.59E-05 003.3 271.7 024.2 0.540874 0.071135 0.066901 hargrave 2022-02-07 14:53:17 
TT 150 094.4 021.6 093.0 023.8 9.78E-05 003.5 281.3 022.4 0.456678 0.830544 0.073864 hargrave 2022-02-08 11:53:28 
TT 300 087.3 021.9 085.8 023.6 9.12E-05 003.2 274.2 022.2 0.510216 0.082302 0.061060 hargrave 2022-02-09 09:24:52 
TT 400 088.5 021.8 087.0 023.6 8.71E-05 002.6 275.4 022.2 0.384941 0.076646 0.058767 hargrave 2022-02-10 09:41:10 
TT 450 087.5 021.4 086.0 023.2 8.43E-05 000.7 274.4 021.8 0.054014 0.085313 0.054982 hargrave 2022-02-10 17:06:12 
TT 500 090.8 021.1 089.3 023.1 8.14E-05 001.5 277.7 021.7 0.204126 0.076327 0.056273 hargrave 2022-02-11 19:11:57 
TT 550 095.4 021.1 094.1 023.4 7.49E-05 002.1 282.4 022.0 0.254228 0.102138 0.056463 hargrave 2022-02-13 11:12:30 
TT 565 088.1 021.7 086.6 023.5 7.13E-05 004.6 275.0 022.1 0.573550 0.095283 0.051013 hargrave 2022-02-14 11:37:34 
TT 580 087.1 022.1 085.6 023.8 6.85E-05 001.7 274.0 022.4 0.197961 0.066463 0.050617 hargrave 2022-02-15 09:35:38 
TT 600 090.6 021.3 089.1 023.3 6.21E-05 005.4 277.5 021.9 0.581124 0.105263 0.043654 hargrave 2022-02-15 17:39:33 
TT 610 084.6 019.2 083.3 020.9 5.44E-05 001.8 271.7 019.4 0.158646 0.058534 0.045315 hargrave 2022-02-16 14:53:43 
TT 620 091.2 019.7 089.9 021.7 4.95E-05 002.5 278.3 020.3 0.205932 0.082929 0.037793 hargrave 2022-02-17 13:52:52 
TT 630 085.7 018.0 084.5 019.6 4.66E-05 000.9 272.9 018.2 0.055064 0.055500 0.037703 hargrave 2022-02-18 11:11:08 
TT 640 081.8 020.5 080.3 022.0 4.39E-05 000.7 268.8 020.5 0.034105 0.053985 0.027149 hargrave 2022-02-20 15:04:48 
TT 650 075.7 020.2 074.3 021.2 3.85E-05 002.4 262.8 019.7 0.152694 0.048106 0.025222 hargrave 2022-02-21 14:40:15 
TT 655 076.4 021.5 074.8 022.6 3.40E-05 002.1 263.3 021.1 0.119142 0.053637 0.020921 hargrave 2022-02-22 13:26:41 
TT 660 069.6 021.0 068.0 021.6 2.71E-05 001.1 256.6 020.1 0.044514 0.030297 0.017082 hargrave 2022-02-23 12:12:57 
TT 664 073.9 018.9 072.6 019.8 2.22E-05 003.6 261.1 018.3 0.137587 0.031662 0.011695 hargrave 2022-02-24 11:58:34 
TT 667 076.9 021.8 075.3 022.9 2.14E-05 002.7 263.8 021.4 0.098026 0.032046 0.015195 hargrave 2022-02-25 11:33:05 
TT 670 064.6 009.7 063.9 010.0 1.81E-05 001.7 252.5 008.5 0.049912 0.031558 0.011900 hargrave 2022-02-26 16:44:42 
TT 673 066.7 013.2 065.7 013.6 1.40E-05 004.1 254.3 012.1 0.091944 0.043341 0.011395 hargrave 2022-02-27 16:19:57 
TT 675 043.2 007.2 042.8 006.0 9.75E-06 001.3 231.4 004.7 0.019392 0.018655 0.011084 hargrave 2022-02-28 14:40:23 
TT 677 048.9 026.7 047.0 025.9 1.10E-05 004.6 235.8 024.5 0.065433 0.059121 0.014207 hargrave 2022-03-01 12:03:19 
TT 679 074.2 053.8 068.8 054.6 8.30E-06 005.5 257.4 053.1 0.078938 0.011993 0.007755 hargrave 2022-03-02 09:26:32 
TT 681 063.8 025.3 061.9 025.5 5.54E-06 002.0 250.6 024.0 0.016858 0.014656 0.007142 hargrave 2022-03-02 15:28:13 
TT 683 099.1 031.2 097.1 033.6 7.16E-06 001.4 285.2 032.3 0.014381 0.005951 0.011209 hargrave 2022-03-03 16:31:04 
TT 685 135.2 -18.9 135.5 -15.1 5.13E-06 004.8 324.4 -15.7 0.022683 0.036316 0.011937 hargrave 2022-03-04 14:17:30 
TT 689 336.5 043.9 336.1 039.9 1.77E-06 003.6 165.9 040.0 0.002368 0.010872 0.001679 hargrave 2022-03-06 16:28:10 
