AF2- 36a mag compass orientation (IGRF corrected)
   9.34 226.5  83.0 240.0   4.0   1.0
NRM    083.0 008.0 082.4 009.6 7.80E-05 001.7 265.2 037.0 0.155031 0.074457 0.160624 hargrave 2022-02-07 14:46:02 
TT 150 084.3 010.0 083.6 011.6 7.66E-05 001.0 262.8 038.3 0.092207 0.076303 0.060392 hargrave 2022-02-08 11:44:35 
TT 300 084.4 008.2 083.8 009.8 7.36E-05 001.0 265.1 038.4 0.041787 0.068449 0.097450 hargrave 2022-02-09 09:16:00 
TT 400 084.5 008.6 083.9 010.2 6.87E-05 002.4 264.6 038.5 0.281372 0.023797 0.049598 hargrave 2022-02-10 09:32:15 
TT 450 084.2 007.3 083.6 008.9 6.68E-05 000.5 266.2 038.1 0.042033 0.024408 0.038855 hargrave 2022-02-10 16:56:29 
TT 500 084.3 006.0 083.8 007.6 6.44E-05 003.2 267.9 038.1 0.352740 0.046635 0.037698 hargrave 2022-02-11 19:03:09 
TT 550 083.3 012.1 082.5 013.7 6.13E-05 003.3 260.1 037.4 0.346551 0.080009 0.035931 hargrave 2022-02-13 11:03:33 
TT 565 083.0 009.2 082.3 010.8 5.84E-05 001.6 263.7 037.0 0.153008 0.031936 0.038135 hargrave 2022-02-14 11:28:40 
TT 580 082.5 008.2 081.9 009.7 5.70E-05 001.3 265.0 036.5 0.119029 0.031147 0.037535 hargrave 2022-02-15 09:26:45 
TT 600 083.1 007.2 082.5 008.7 5.27E-05 001.1 266.3 037.0 0.091446 0.040464 0.035121 hargrave 2022-02-15 17:30:41 
TT 610 080.8 008.4 080.2 009.8 5.16E-05 004.7 264.6 034.8 0.332383 0.484256 0.036760 hargrave 2022-02-16 14:44:50 
TT 620 082.9 010.1 082.2 011.6 4.94E-05 004.7 262.6 037.0 0.407251 0.033508 0.032983 hargrave 2022-02-17 13:44:01 
TT 630 081.9 010.6 081.2 012.0 4.74E-05 003.6 262.0 036.0 0.287889 0.067760 0.028128 hargrave 2022-02-18 11:02:13 
TT 640 080.9 007.3 080.4 008.8 4.46E-05 007.1 265.9 034.9 0.552970 0.035732 0.029293 hargrave 2022-02-20 14:55:52 
TT 650 079.5 009.2 078.9 010.5 4.03E-05 001.3 263.6 033.6 0.082333 0.026249 0.036687 hargrave 2022-02-21 14:31:20 
TT 655 081.6 004.9 081.2 006.4 3.58E-05 004.9 268.9 035.4 0.308241 0.027528 0.020310 hargrave 2022-02-22 13:17:50 
TT 660 079.0 013.4 078.1 014.7 2.91E-05 001.4 258.5 033.2 0.059575 0.048379 0.028054 hargrave 2022-02-23 12:05:35 
TT 664 075.6 002.7 075.4 003.8 2.66E-05 001.7 270.8 029.2 0.069116 0.051828 0.033878 hargrave 2022-02-24 11:51:13 
TT 667 077.0 011.5 076.2 012.6 2.12E-05 002.9 260.8 031.2 0.105231 0.034511 0.013369 hargrave 2022-02-25 11:24:17 
TT 670 079.2 001.4 079.0 002.7 1.69E-05 010.6 272.8 032.6 0.317491 0.017498 0.009664 hargrave 2022-02-26 16:35:52 
TT 673 069.1 002.8 068.9 003.4 1.23E-05 004.9 269.9 022.8 0.105157 0.013600 0.008373 hargrave 2022-02-27 16:11:02 
TT 675 076.5 -04.0 076.7 -02.8 9.73E-06 005.0 278.5 029.1 0.084472 0.013899 0.007778 hargrave 2022-02-28 14:31:29 
TT 677 081.9 015.7 080.8 017.1 7.98E-06 001.5 255.7 035.9 0.018405 0.011432 0.005353 hargrave 2022-03-01 11:54:27 
TT 679 100.7 -07.7 101.0 -05.1 5.72E-06 001.6 291.7 051.4 0.011844 0.010719 0.006117 hargrave 2022-03-02 09:19:00 
TT 681 082.6 019.7 081.2 021.2 4.43E-06 001.3 250.6 036.3 0.009456 0.004907 0.003591 hargrave 2022-03-02 15:20:49 
TT 683 201.7 -08.5 201.3 -06.0 1.29E-06 007.5 077.6 023.2 0.016340 0.004324 0.002352 hargrave 2022-03-03 16:22:02 
TT 685 052.7 001.3 052.6 000.7 2.92E-06 002.4 269.5 006.3 0.011774 0.004232 0.003377 hargrave 2022-03-04 14:08:38 
TT 689 240.6 -47.4 236.3 -47.3 2.47E-06 006.7 042.7 -14.7 0.020725 0.020484 0.004423 hargrave 2022-03-06 16:19:20 
