AF2- 31a mag compass orientation (IGRF corrected)
    9.2 230.5  89.0 240.0   4.0   1.0
NRM    062.4 032.5 059.9 032.6 1.29E-04 004.2 237.1 010.6 0.810372 0.389878 0.315181 hargrave 2022-02-07 14:37:51 
TT 150 061.8 027.0 059.7 027.1 1.28E-04 004.3 242.7 010.5 0.831127 0.455208 0.208551 hargrave 2022-02-08 11:34:47 
TT 300 061.7 029.0 059.5 029.0 1.25E-04 001.0 240.7 010.3 0.086172 0.058924 0.190813 hargrave 2022-02-09 09:06:10 
TT 400 061.5 030.1 059.2 030.1 1.18E-04 009.2 239.6 010.0 1.652260 0.953612 0.167948 hargrave 2022-02-10 09:22:23 
TT 400 062.3 027.4 060.2 027.5 1.20E-04 000.5 242.3 010.9 0.033465 0.092449 0.085946 hargrave 2022-02-10 11:04:19 
TT 450 061.8 024.0 060.0 024.0 1.18E-04 000.5 245.8 010.7 0.077683 0.047201 0.084165 hargrave 2022-02-10 16:46:38 
TT 500 061.2 026.6 059.2 026.7 1.15E-04 002.0 243.1 010.0 0.318811 0.152869 0.186125 hargrave 2022-02-11 18:53:19 
TT 550 059.2 030.5 056.9 030.4 1.10E-04 002.0 239.3 008.0 0.173204 0.180645 0.306831 hargrave 2022-02-13 10:53:43 
TT 565 061.3 029.1 059.1 029.1 1.06E-04 005.1 240.6 009.9 0.793844 0.490428 0.137783 hargrave 2022-02-14 11:18:49 
TT 580 061.1 026.4 059.1 026.4 1.02E-04 001.0 243.4 009.9 0.100498 0.071043 0.141490 hargrave 2022-02-15 09:16:54 
TT 600 061.7 027.9 059.6 027.9 9.39E-05 007.9 241.8 010.4 1.135272 0.625149 0.118552 hargrave 2022-02-15 17:20:03 
TT 610 060.6 025.1 058.8 025.1 8.87E-05 008.4 244.7 009.6 1.189004 0.559884 0.097109 hargrave 2022-02-16 14:34:10 
TT 610 060.9 027.0 058.8 027.0 9.01E-05 000.6 242.8 009.7 0.044491 0.050352 0.073492 hargrave 2022-02-16 16:57:40 
TT 620 061.3 029.0 059.1 029.0 8.59E-05 003.2 240.7 009.9 0.388951 0.224768 0.158276 hargrave 2022-02-17 13:33:23 
TT 630 061.3 030.7 058.9 030.7 8.28E-05 004.7 239.0 009.8 0.577525 0.357427 0.119061 hargrave 2022-02-18 10:51:33 
TT 640 060.8 030.3 058.5 030.3 7.73E-05 002.0 239.4 009.4 0.188489 0.129404 0.143694 hargrave 2022-02-20 14:45:09 
TT 650 059.5 031.8 057.1 031.7 6.56E-05 003.6 238.0 008.2 0.327959 0.215758 0.129974 hargrave 2022-02-21 14:21:27 
TT 655 060.1 028.9 057.9 028.8 5.40E-05 002.1 240.9 008.9 0.161364 0.102256 0.077856 hargrave 2022-02-22 13:07:11 
TT 660 060.5 029.3 058.3 029.2 4.51E-05 002.9 240.5 009.2 0.180229 0.130745 0.083226 hargrave 2022-02-23 11:54:15 
TT 664 061.5 032.2 058.9 032.2 3.86E-05 003.3 237.5 009.8 0.168884 0.136243 0.065986 hargrave 2022-02-24 11:39:55 
TT 667 067.4 041.1 063.9 041.5 2.95E-05 002.3 227.8 013.3 0.080380 0.068530 0.067178 hargrave 2022-02-25 11:13:41 
TT 670 063.1 029.2 060.9 029.3 2.33E-05 002.6 240.4 011.5 0.084758 0.058562 0.051493 hargrave 2022-02-26 16:26:51 
TT 673 065.2 026.5 063.2 026.8 2.03E-05 001.8 242.9 013.6 0.035389 0.059383 0.050406 hargrave 2022-02-27 16:01:58 
TT 675 075.0 024.4 073.2 025.4 1.16E-05 001.5 243.9 022.6 0.017801 0.033399 0.014147 hargrave 2022-02-28 14:22:27 
TT 677 081.8 012.1 081.0 013.5 1.09E-05 001.1 256.5 030.8 0.019046 0.017779 0.006975 hargrave 2022-03-01 11:45:26 
TT 679 062.1 017.1 060.9 017.2 4.92E-06 005.7 252.8 011.4 0.046130 0.016814 0.008813 hargrave 2022-03-02 09:11:15 
TT 681 054.6 -07.5 055.1 -07.9 2.27E-06 052.5 277.6 003.9 0.032983 0.239815 0.016479 hargrave 2022-03-02 15:13:08 
TT 681 054.8 002.8 054.6 002.4 4.82E-06 001.9 267.3 004.3 0.015210 0.011254 0.004087 hargrave 2022-03-02 16:45:29 
TT 683 245.2 -42.5 241.6 -42.7 1.30E-06 060.0 046.7 -11.5 0.093411 0.099751 0.028704 hargrave 2022-03-03 16:12:43 
TT 683 247.1 -39.0 243.9 -39.4 2.69E-06 001.7 050.0 -13.5 0.008430 0.002260 0.002931 hargrave 2022-03-03 18:37:04 
TT 685 156.0 015.8 156.2 019.8 3.52E-06 002.3 134.8 068.7 0.007338 0.011443 0.005652 hargrave 2022-03-04 13:59:35 
TT 689 205.1 -56.7 200.4 -54.2 1.58E-06 005.6 030.6 012.8 0.008110 0.013035 0.002424 hargrave 2022-03-06 16:10:18 
