AF2- 30a mag compass orientation (IGRF corrected)
    8.3 228.5  88.0 240.0   4.0   1.0
NRM    072.2 035.5 069.3 036.2 8.20E-05 065.0 232.7 020.3 4.985900 6.543354 3.047814 hargrave 2022-02-07 14:36:44 
NRM    067.8 042.9 064.1 043.3 1.64E-04 000.5 225.8 015.4 0.170606 0.085954 0.148481 hargrave 2022-02-07 16:10:04 
TT 150 072.7 031.7 070.2 032.5 7.95E-05 049.0 236.5 021.5 4.362814 6.596210 3.115751 hargrave 2022-02-08 11:33:24 
TT 150 069.8 045.2 065.8 045.7 1.59E-04 000.5 223.2 016.3 0.062936 0.053226 0.127462 hargrave 2022-02-08 13:47:46 
TT 300 072.7 029.8 070.4 030.6 7.64E-05 035.5 238.5 021.9 3.952549 6.460979 3.050141 hargrave 2022-02-09 09:04:49 
TT 300 093.2 066.2 084.9 068.1 1.53E-04 000.6 197.6 018.4 0.063820 0.082699 0.129038 hargrave 2022-02-09 11:08:48 
TT 400 320.2 030.3 320.5 026.3 1.26E-09 080.6 182.7 -57.7 0.000157 0.000124 0.000302 hargrave 2022-02-10 09:21:00 
TT 400 069.7 039.5 066.4 040.0 1.43E-04 000.5 229.0 017.5 0.045059 0.047781 0.112329 hargrave 2022-02-10 11:02:57 
TT 450 167.6 015.3 167.9 019.1 6.47E-09 060.7 116.6 058.4 0.000615 0.000793 0.000286 hargrave 2022-02-10 16:45:16 
TT 450 071.5 040.5 068.0 041.2 1.37E-04 000.4 227.6 018.6 0.045435 0.022040 0.099282 hargrave 2022-02-10 18:53:48 
TT 500 071.1 030.4 068.7 031.1 1.31E-04 001.8 238.2 020.4 0.104367 0.197755 0.335563 hargrave 2022-02-11 18:51:57 
TT 550 066.8 036.7 063.8 037.1 6.14E-05 051.6 232.3 015.8 3.861083 4.996042 1.787873 hargrave 2022-02-13 10:52:21 
TT 550 067.7 033.7 065.0 034.1 1.23E-04 000.5 235.3 017.0 0.020239 0.074063 0.075655 hargrave 2022-02-13 13:25:10 
TT 565 069.3 027.7 067.2 028.3 1.19E-04 003.9 241.3 019.3 0.493350 0.443800 0.471727 hargrave 2022-02-14 11:17:25 
TT 580 071.8 025.7 069.9 026.5 5.77E-05 064.2 243.0 021.8 2.606190 5.105744 2.288608 hargrave 2022-02-15 09:15:31 
TT 580 070.1 032.4 067.5 033.0 1.15E-04 000.5 236.3 019.2 0.058572 0.041462 0.079957 hargrave 2022-02-15 10:42:17 
TT 600 069.0 029.7 066.7 030.3 1.09E-04 012.2 239.2 018.7 1.817393 1.360638 0.633806 hargrave 2022-02-15 17:18:41 
TT 600 076.7 056.9 070.6 057.8 1.11E-04 000.5 210.2 016.7 0.026484 0.066109 0.076282 hargrave 2022-02-15 19:02:12 
TT 610 074.7 038.6 071.5 039.5 5.41E-05 041.4 228.9 021.5 3.534843 4.056019 2.111438 hargrave 2022-02-16 14:32:48 
TT 610 072.8 045.3 068.8 046.0 1.09E-04 000.6 222.5 018.3 0.042362 0.077264 0.085758 hargrave 2022-02-16 16:56:19 
TT 620 073.0 032.2 070.5 033.1 5.28E-05 063.6 235.9 021.7 2.943809 4.344533 2.085268 hargrave 2022-02-17 13:32:01 
TT 620 067.7 035.5 064.8 035.9 1.06E-04 000.6 233.4 016.7 0.016867 0.066565 0.085844 hargrave 2022-02-17 15:00:58 
TT 630 063.4 040.4 060.0 040.5 5.21E-05 017.5 229.0 012.6 3.562892 4.099395 1.220398 hargrave 2022-02-18 10:50:10 
TT 630 084.6 063.5 076.8 064.9 1.04E-04 000.6 202.2 017.1 0.029967 0.068622 0.079736 hargrave 2022-02-18 18:06:31 
TT 640 069.5 030.5 067.1 031.1 9.99E-05 005.1 238.3 019.0 0.564169 0.525520 0.444468 hargrave 2022-02-20 14:43:46 
TT 650 069.9 032.7 067.3 033.3 9.42E-05 003.3 236.0 019.0 0.410518 0.121364 0.351569 hargrave 2022-02-21 14:20:05 
TT 655 299.0 065.5 303.0 062.0 7.07E-09 059.8 171.5 -21.0 0.000962 0.000599 0.000315 hargrave 2022-02-22 13:05:49 
TT 655 067.4 030.1 065.1 030.6 8.56E-05 000.6 239.0 017.3 0.062707 0.032517 0.063027 hargrave 2022-02-22 15:40:00 
TT 660 073.6 029.2 071.4 030.1 3.88E-05 074.9 239.0 022.8 1.970666 3.282127 1.616679 hargrave 2022-02-23 11:52:53 
TT 660 071.0 041.7 067.5 042.3 7.75E-05 000.6 226.5 018.0 0.006748 0.039690 0.066382 hargrave 2022-02-23 15:16:42 
TT 664 067.4 022.5 065.7 023.0 3.52E-05 052.4 246.9 018.2 1.404415 3.286070 1.176439 hargrave 2022-02-24 11:38:33 
TT 664 069.7 036.8 066.7 037.4 7.05E-05 000.5 231.7 018.1 0.040118 0.025955 0.056857 hargrave 2022-02-24 14:19:52 
TT 667 072.9 029.7 070.7 030.5 2.96E-05 061.8 238.6 022.1 1.526751 2.503309 1.190587 hargrave 2022-02-25 11:12:19 
TT 667 067.4 037.7 064.3 038.1 6.00E-05 000.7 231.2 016.1 0.047869 0.054254 0.053032 hargrave 2022-02-25 16:14:05 
TT 670 072.4 024.2 070.6 025.0 2.36E-05 072.6 244.6 022.6 0.998888 2.100098 0.969554 hargrave 2022-02-26 16:25:28 
TT 670 070.2 043.4 066.4 044.0 4.80E-05 000.8 224.9 017.0 0.028307 0.089578 0.023314 hargrave 2022-02-27 10:46:53 
TT 673 071.6 030.1 069.3 030.8 3.02E-05 005.7 238.4 020.9 0.239641 0.090472 0.159795 hargrave 2022-02-27 16:00:36 
TT 675 073.3 036.4 070.4 037.2 2.08E-05 004.0 231.5 021.0 0.068568 0.099165 0.086849 hargrave 2022-02-28 14:21:05 
TT 677 072.1 036.3 069.2 037.1 7.73E-06 047.5 231.8 020.1 0.479534 0.610317 0.283544 hargrave 2022-03-01 11:44:04 
TT 677 073.2 050.8 068.3 051.5 1.49E-05 000.7 216.9 016.9 0.001418 0.020298 0.007062 hargrave 2022-03-01 13:14:52 
TT 679 060.8 046.5 056.6 046.4 1.02E-05 003.4 223.1 009.9 0.031302 0.020160 0.052807 hargrave 2022-03-02 09:10:08 
TT 681 066.7 023.1 065.0 023.5 6.21E-06 002.2 246.4 017.5 0.017247 0.016532 0.015350 hargrave 2022-03-02 15:11:58 
TT 683 032.4 056.6 027.3 054.6 5.37E-07 055.5 212.2 -07.1 0.048244 0.030381 0.007471 hargrave 2022-03-03 16:11:15 
TT 683 354.2 075.6 349.2 071.8 1.06E-06 002.1 188.5 -09.7 0.002712 0.003142 0.001455 hargrave 2022-03-03 18:35:42 
TT 685 073.8 -24.8 075.5 -23.8 1.79E-06 002.1 297.8 021.9 0.004351 0.005072 0.003602 hargrave 2022-03-04 13:58:11 
TT 689 220.6 022.2 222.2 023.4 1.65E-06 006.8 112.1 008.1 0.017958 0.007783 0.004658 hargrave 2022-03-06 16:08:56 
