AFC- 1a sun compass orientation
      0 272.6  11.0 240.0   4.0   1.0
NRM    081.8 027.5 079.8 028.9 4.15E-05 004.9 253.9 024.9 0.342462 0.091664 0.038136 hargrave 2022-02-07 14:56:25 
TT 150 082.0 026.5 080.0 027.9 4.08E-05 004.7 254.3 024.0 0.323741 0.069830 0.042851 hargrave 2022-02-08 11:56:25 
TT 300 085.6 024.1 083.9 025.8 3.60E-05 005.0 258.3 022.3 0.306571 0.056694 0.034555 hargrave 2022-02-09 09:27:50 
TT 400 084.6 024.3 082.9 025.9 3.03E-05 005.1 257.3 022.3 0.263309 0.063358 0.029501 hargrave 2022-02-10 09:44:08 
TT 450 085.3 023.3 083.7 025.0 2.84E-05 001.0 258.2 021.5 0.021915 0.077022 0.022121 hargrave 2022-02-10 17:09:10 
TT 500 083.0 025.2 081.2 026.7 2.59E-05 001.1 255.6 022.9 0.028241 0.054761 0.025264 hargrave 2022-02-11 19:14:54 
TT 550 084.7 023.5 083.1 025.2 2.36E-05 001.6 257.6 021.6 0.054396 0.051998 0.025038 hargrave 2022-02-13 11:15:29 
TT 565 077.5 025.3 075.7 026.4 2.26E-05 001.8 250.3 022.0 0.062947 0.053407 0.024002 hargrave 2022-02-14 11:40:32 
TT 580 082.2 024.6 080.4 026.1 2.19E-05 001.2 254.9 022.2 0.029074 0.053358 0.024189 hargrave 2022-02-15 09:38:36 
TT 600 081.5 026.1 079.6 027.5 2.10E-05 003.4 253.9 023.5 0.117017 0.058317 0.018571 hargrave 2022-02-15 17:42:30 
TT 610 076.4 024.5 074.6 025.6 1.97E-05 005.9 249.4 021.0 0.190250 0.086303 0.016483 hargrave 2022-02-16 14:56:40 
TT 620 076.9 022.8 075.2 023.9 1.94E-05 004.4 250.2 019.4 0.138868 0.072142 0.022867 hargrave 2022-02-17 13:55:49 
TT 630 071.8 020.7 070.3 021.5 1.87E-05 002.8 245.8 016.5 0.085539 0.040270 0.015084 hargrave 2022-02-18 11:14:05 
TT 640 077.1 022.8 075.4 024.0 1.74E-05 002.8 250.4 019.5 0.077825 0.040197 0.016349 hargrave 2022-02-20 15:07:47 
TT 650 074.6 018.6 073.3 019.6 1.47E-05 004.7 248.9 014.9 0.112276 0.049637 0.015740 hargrave 2022-02-21 14:43:14 
TT 655 065.9 017.6 064.6 017.9 1.31E-05 001.9 240.7 012.4 0.037546 0.025674 0.011363 hargrave 2022-02-22 13:29:38 
TT 660 068.4 014.9 067.3 015.5 1.22E-05 005.6 243.6 010.2 0.105726 0.057467 0.010537 hargrave 2022-02-23 12:15:54 
TT 664 070.9 016.9 069.7 017.6 1.14E-05 004.8 245.6 012.6 0.087870 0.041650 0.010121 hargrave 2022-02-24 12:01:31 
TT 667 073.6 013.5 072.7 014.4 1.09E-05 001.3 248.9 009.7 0.021634 0.017427 0.010518 hargrave 2022-02-25 11:36:02 
TT 670 085.4 018.2 084.2 019.9 7.95E-06 002.1 259.4 016.5 0.027807 0.012514 0.006939 hargrave 2022-02-26 16:47:38 
TT 673 076.9 024.3 075.1 025.4 4.30E-06 007.2 249.9 020.9 0.049885 0.023583 0.003338 hargrave 2022-02-27 16:22:56 
TT 675 065.8 034.5 063.1 034.8 3.20E-06 007.2 237.3 029.0 0.031848 0.025946 0.001932 hargrave 2022-02-28 14:43:19 
TT 677 075.8 014.7 074.8 015.8 4.77E-06 005.3 250.8 011.3 0.040969 0.019086 0.003829 hargrave 2022-03-01 12:06:18 
TT 679 100.1 048.9 096.3 051.4 1.20E-06 002.1 264.8 049.1 0.002411 0.004846 0.000828 hargrave 2022-03-02 09:29:03 
TT 681 043.3 013.0 042.5 011.8 1.65E-06 002.5 219.6 004.6 0.003402 0.007381 0.000850 hargrave 2022-03-02 15:30:36 
TT 683 279.9 004.7 280.1 002.1 1.97E-06 027.6 098.1 003.2 0.103064 0.105757 0.011297 hargrave 2022-03-03 16:34:03 
TT 683 270.7 006.8 271.0 004.7 2.00E-06 001.2 089.4 007.0 0.003708 0.002492 0.001648 hargrave 2022-03-03 18:38:33 
TT 685 056.6 -76.1 072.6 -75.8 5.43E-07 004.4 283.6 -78.5 0.000849 0.004455 0.001477 hargrave 2022-03-04 14:20:28 
TT 689 272.5 -38.7 269.6 -40.7 1.39E-06 003.8 081.2 -37.8 0.009013 0.002744 0.001691 hargrave 2022-03-06 16:31:07 
