AFC- 4a sun compass orientation
      0 271.5  13.0 240.0   4.0   1.0
NRM    259.6 002.2 259.7 000.9 7.41E-06 055.2 078.9 004.8 0.153405 0.774732 0.066313 hargrave 2022-02-07 15:02:02 
NRM    256.2 001.7 256.3 000.6 1.50E-05 001.3 075.5 005.1 0.029541 0.011377 0.015516 hargrave 2022-02-07 16:11:17 
TT 150 255.8 -00.6 255.8 -01.7 1.54E-05 003.4 074.6 002.9 0.089504 0.035606 0.014876 hargrave 2022-02-08 12:03:11 
TT 300 264.5 -03.4 264.2 -05.0 1.63E-05 010.1 082.4 -01.7 0.288596 0.054446 0.023893 hargrave 2022-02-09 09:34:38 
TT 300 255.2 -06.6 254.7 -07.6 1.65E-05 001.5 072.7 -02.8 0.045524 0.017944 0.014794 hargrave 2022-02-09 11:10:15 
TT 400 260.2 -04.6 259.9 -06.0 1.82E-05 003.7 078.0 -02.0 0.103904 0.053541 0.043582 hargrave 2022-02-10 09:50:56 
TT 450 261.6 -05.9 261.1 -07.3 2.02E-05 002.5 079.0 -03.5 0.085147 0.037894 0.019011 hargrave 2022-02-10 17:15:10 
TT 500 264.7 -03.9 264.4 -05.6 2.17E-05 007.8 082.5 -02.3 0.291374 0.046049 0.049187 hargrave 2022-02-11 19:20:52 
TT 550 266.9 -04.0 266.6 -05.8 2.25E-05 002.8 084.6 -02.9 0.100892 0.040973 0.042339 hargrave 2022-02-13 11:21:33 
TT 565 266.6 -04.2 266.3 -06.0 2.25E-05 008.9 084.3 -03.0 0.349302 0.057377 0.039766 hargrave 2022-02-14 11:46:34 
TT 565 260.0 -06.7 259.5 -08.1 2.26E-05 002.2 077.3 -04.0 0.082524 0.036927 0.020643 hargrave 2022-02-14 13:02:50 
TT 580 267.5 -02.9 267.3 -04.7 2.29E-05 011.5 085.5 -01.9 0.462146 0.057603 0.055860 hargrave 2022-02-15 09:44:36 
TT 580 268.5 -03.4 268.2 -05.3 2.31E-05 002.2 086.3 -02.6 0.086743 0.032379 0.021951 hargrave 2022-02-15 10:43:45 
TT 600 269.5 -01.3 269.4 -03.2 2.33E-05 005.9 087.8 -00.8 0.234775 0.038659 0.044326 hargrave 2022-02-15 17:48:32 
TT 610 280.5 -00.2 280.4 -02.8 2.17E-05 007.6 098.7 -02.2 0.286409 0.045643 0.027528 hargrave 2022-02-16 15:03:29 
TT 620 270.9 -01.1 270.8 -03.1 2.23E-05 012.1 089.2 -00.9 0.477031 0.030511 0.054550 hargrave 2022-02-17 14:03:24 
TT 620 263.1 -04.2 262.8 -05.7 2.26E-05 002.3 080.9 -02.2 0.090379 0.035571 0.020644 hargrave 2022-02-17 15:02:26 
TT 630 272.2 -02.2 272.0 -04.3 2.32E-05 001.5 090.2 -02.3 0.040546 0.027634 0.044560 hargrave 2022-02-18 11:21:43 
TT 640 271.1 -02.9 270.9 -04.9 2.53E-05 002.9 089.0 -02.7 0.122759 0.029796 0.033627 hargrave 2022-02-20 15:15:25 
TT 650 279.1 -01.5 279.0 -04.0 2.40E-05 003.9 097.1 -03.2 0.159157 0.030840 0.038051 hargrave 2022-02-21 14:49:16 
TT 655 269.4 -04.8 269.1 -06.7 2.56E-05 002.4 086.9 -04.2 0.095603 0.030048 0.043073 hargrave 2022-02-22 13:35:37 
TT 660 275.0 -00.4 274.9 -02.7 1.88E-05 006.8 093.3 -01.2 0.223282 0.029236 0.023517 hargrave 2022-02-23 12:21:55 
TT 664 275.3 -04.0 275.0 -06.4 1.87E-05 007.4 092.8 -04.8 0.239809 0.028677 0.026007 hargrave 2022-02-24 12:07:33 
TT 667 272.0 -04.7 271.6 -06.8 1.59E-05 004.4 089.4 -04.7 0.120112 0.023280 0.023728 hargrave 2022-02-25 11:42:02 
TT 670 270.1 -02.7 269.8 -04.7 1.26E-05 011.2 088.0 -02.3 0.250188 0.018881 0.023017 hargrave 2022-02-26 16:53:39 
TT 673 281.0 005.3 281.2 002.6 4.45E-06 004.0 100.4 003.0 0.029607 0.010300 0.007391 hargrave 2022-02-27 16:28:58 
TT 675 273.9 024.6 275.3 022.3 4.68E-06 005.3 098.2 023.4 0.041913 0.011713 0.007454 hargrave 2022-02-28 14:49:19 
TT 677 334.2 025.2 334.0 021.2 3.15E-06 001.6 154.7 013.5 0.006099 0.005382 0.006064 hargrave 2022-03-01 12:12:17 
TT 679 250.9 -05.5 250.5 -06.2 3.06E-06 003.8 068.7 -00.8 0.017798 0.012586 0.003109 hargrave 2022-03-02 09:34:11 
TT 681 007.8 040.5 005.9 037.3 1.37E-06 004.4 185.4 027.6 0.007592 0.009280 0.001175 hargrave 2022-03-02 15:37:01 
TT 683 211.0 -25.8 209.4 -23.8 1.95E-06 007.0 027.2 -14.3 0.011261 0.021573 0.002136 hargrave 2022-03-03 16:40:04 
TT 685 340.0 -10.6 340.1 -14.5 3.61E-06 006.2 157.0 -22.6 0.018572 0.034976 0.004603 hargrave 2022-03-04 14:26:29 
TT 689 284.2 007.7 284.5 004.9 3.06E-06 004.3 104.1 004.7 0.021902 0.007616 0.003959 hargrave 2022-03-06 16:37:06 
