AFC- 3a sun compass orientation
      0 261.1  22.0 240.0   4.0   1.0
NRM    047.5 036.5 044.7 035.5 3.60E-05 002.8 226.5 022.6 0.127556 0.068735 0.114005 hargrave 2022-02-07 15:00:50 
TT 150 049.6 034.8 047.0 034.0 3.54E-05 003.4 228.9 021.6 0.100403 0.147285 0.120993 hargrave 2022-02-08 12:01:43 
TT 300 045.4 034.7 042.8 033.6 3.32E-05 002.4 225.4 020.4 0.090308 0.039287 0.106202 hargrave 2022-02-09 09:33:09 
TT 400 039.0 036.0 036.4 034.5 2.83E-05 004.5 219.7 020.0 0.150037 0.139370 0.090161 hargrave 2022-02-10 09:49:28 
TT 450 030.0 040.0 027.2 037.9 2.53E-05 000.8 211.2 021.9 0.038151 0.019300 0.019641 hargrave 2022-02-10 17:13:41 
TT 500 032.7 036.8 030.2 034.8 2.32E-05 004.4 214.3 019.3 0.085820 0.141405 0.076179 hargrave 2022-02-11 19:19:23 
TT 550 022.0 038.4 019.7 035.9 2.16E-05 003.2 205.2 018.9 0.037664 0.091727 0.073713 hargrave 2022-02-13 11:20:04 
TT 565 013.4 039.5 011.3 036.5 2.00E-05 011.9 198.0 018.8 0.106888 0.401674 0.077780 hargrave 2022-02-14 11:45:03 
TT 565 007.1 041.5 005.1 038.3 2.06E-05 001.3 192.7 020.2 0.033911 0.042534 0.015775 hargrave 2022-02-14 13:01:21 
TT 580 011.5 039.6 009.5 036.6 2.02E-05 003.1 196.5 018.7 0.031932 0.085685 0.066470 hargrave 2022-02-15 09:43:08 
TT 600 009.3 038.0 007.5 034.9 1.93E-05 004.8 194.9 016.9 0.032456 0.146055 0.064590 hargrave 2022-02-15 17:47:03 
TT 610 011.4 036.8 009.6 033.7 1.85E-05 006.0 196.8 015.9 0.061911 0.178506 0.059499 hargrave 2022-02-16 15:02:00 
TT 620 003.3 039.3 001.7 035.9 1.85E-05 006.4 189.9 017.7 0.034283 0.198329 0.063179 hargrave 2022-02-17 14:01:55 
TT 630 000.2 038.0 358.8 034.5 1.84E-05 005.5 187.5 016.2 0.031716 0.168572 0.060513 hargrave 2022-02-18 11:20:13 
TT 640 344.1 036.7 343.4 032.8 1.76E-05 007.7 174.2 014.8 0.044949 0.229690 0.058672 hargrave 2022-02-20 15:13:56 
TT 650 342.7 032.9 342.2 029.0 1.69E-05 007.7 172.8 011.1 0.044571 0.220037 0.054040 hargrave 2022-02-21 14:47:46 
TT 655 341.3 032.6 340.8 028.7 1.56E-05 005.3 171.6 010.9 0.034887 0.138015 0.042100 hargrave 2022-02-22 13:34:09 
TT 660 335.9 032.4 335.7 028.4 1.30E-05 009.2 167.0 011.0 0.053383 0.203118 0.041667 hargrave 2022-02-23 12:20:26 
TT 664 328.9 031.7 329.0 027.7 1.21E-05 011.3 160.9 011.1 0.079033 0.226619 0.039145 hargrave 2022-02-24 12:06:04 
TT 664 325.2 032.3 325.4 028.4 1.24E-05 002.4 157.8 012.2 0.037638 0.043467 0.008404 hargrave 2022-02-24 14:21:22 
TT 667 335.5 041.2 335.2 037.2 1.14E-05 004.5 167.6 019.8 0.030658 0.082141 0.028058 hargrave 2022-02-25 11:40:33 
TT 670 334.5 050.5 334.2 046.5 9.52E-06 004.6 168.0 029.1 0.026419 0.070555 0.019792 hargrave 2022-02-26 16:52:09 
TT 673 343.5 056.1 342.3 052.2 4.62E-06 006.7 174.9 034.2 0.013225 0.051740 0.013165 hargrave 2022-02-27 16:27:29 
TT 675 346.2 041.2 345.3 037.4 4.64E-06 010.6 176.1 019.3 0.008752 0.085214 0.018892 hargrave 2022-02-28 14:47:51 
TT 677 029.5 043.6 026.4 041.5 3.27E-06 004.8 209.8 025.3 0.009018 0.023420 0.012707 hargrave 2022-03-01 12:10:48 
TT 679 174.5 039.4 176.0 043.0 8.13E-07 004.8 005.5 061.3 0.001480 0.006635 0.000684 hargrave 2022-03-02 09:32:55 
TT 681 005.1 027.4 004.0 024.1 2.11E-06 003.8 192.5 006.0 0.004344 0.010001 0.009542 hargrave 2022-03-02 15:35:48 
TT 683 218.6 -01.5 218.5 -00.1 2.89E-06 012.6 049.2 013.2 0.050430 0.040255 0.007648 hargrave 2022-03-03 16:38:35 
TT 683 207.3 -06.5 207.0 -04.3 2.95E-06 001.3 036.8 011.3 0.007722 0.003885 0.000827 hargrave 2022-03-03 18:41:49 
TT 685 003.7 039.3 002.0 035.9 2.81E-06 006.1 190.2 017.7 0.005396 0.028056 0.011186 hargrave 2022-03-04 14:24:59 
TT 689 223.5 -14.6 222.6 -13.4 2.68E-06 004.0 050.1 -00.7 0.015565 0.008147 0.009699 hargrave 2022-03-06 16:35:38 
