AFC- 5a sun compass orientation
      0 257.8  17.0 240.0   4.0   1.0
NRM    037.1 037.8 034.3 036.1 2.04E-05 005.2 221.7 025.8 0.046968 0.080863 0.163383 hargrave 2022-02-07 15:03:17 
TT 150 036.5 032.9 034.2 031.2 1.01E-05 050.7 222.5 020.9 0.740804 0.678585 0.383386 hargrave 2022-02-08 12:04:41 
TT 150 051.2 036.9 048.3 036.2 2.06E-05 001.3 234.1 028.0 0.034166 0.055904 0.012960 hargrave 2022-02-08 13:49:15 
TT 300 036.3 033.8 034.0 032.1 1.91E-05 004.3 222.1 021.8 0.039987 0.064709 0.127422 hargrave 2022-02-09 09:36:08 
TT 400 041.5 031.3 039.3 029.9 1.60E-05 009.7 227.3 020.4 0.210505 0.131204 0.118227 hargrave 2022-02-10 09:53:17 
TT 400 032.1 037.1 029.5 035.2 1.63E-05 001.2 217.6 024.2 0.020573 0.033597 0.010350 hargrave 2022-02-10 11:05:51 
TT 450 032.3 036.4 029.8 034.5 1.39E-05 001.3 218.0 023.6 0.036723 0.010483 0.009462 hargrave 2022-02-10 17:16:40 
TT 500 058.1 025.9 056.2 025.7 1.27E-05 005.2 243.8 019.2 0.053195 0.025727 0.100041 hargrave 2022-02-11 19:23:11 
TT 550 042.7 028.2 040.7 027.0 1.11E-05 004.0 229.2 017.7 0.019219 0.038707 0.066350 hargrave 2022-02-13 11:23:54 
TT 565 048.7 028.1 046.7 027.3 9.84E-06 008.1 234.6 019.0 0.084768 0.089436 0.078365 hargrave 2022-02-14 11:48:04 
TT 565 046.1 033.3 043.6 032.3 9.98E-06 001.2 230.8 023.4 0.026452 0.005741 0.006783 hargrave 2022-02-14 13:04:20 
TT 580 026.7 029.9 024.8 027.6 8.31E-06 006.2 214.5 016.2 0.049433 0.055441 0.059586 hargrave 2022-02-15 09:46:07 
TT 600 039.0 027.6 037.1 026.1 8.56E-06 005.7 226.0 016.3 0.040474 0.048589 0.064799 hargrave 2022-02-15 17:50:02 
TT 610 028.9 024.3 027.4 022.2 8.07E-06 013.0 217.6 011.1 0.118394 0.135635 0.055395 hargrave 2022-02-16 15:05:00 
TT 610 041.3 025.5 039.5 024.2 8.27E-06 002.8 228.6 014.8 0.041819 0.033266 0.005802 hargrave 2022-02-16 16:59:13 
TT 620 032.2 025.7 030.5 023.8 6.01E-06 006.7 220.3 013.1 0.040959 0.046275 0.046238 hargrave 2022-02-17 14:04:54 
TT 630 043.0 021.3 041.5 020.1 6.14E-06 007.3 231.2 011.1 0.046614 0.049131 0.051208 hargrave 2022-02-18 11:23:13 
TT 640 043.9 011.4 043.2 010.3 4.98E-06 004.7 234.5 001.7 0.014301 0.013345 0.036969 hargrave 2022-02-20 15:17:44 
TT 650 036.8 006.5 036.4 004.9 4.43E-06 004.5 228.8 -04.7 0.010891 0.012280 0.032299 hargrave 2022-02-21 14:51:35 
TT 655 043.5 015.0 042.5 013.9 1.92E-06 051.9 233.2 005.1 0.122518 0.163004 0.017884 hargrave 2022-02-22 13:37:56 
TT 655 046.3 014.2 045.4 013.3 3.87E-06 001.6 236.1 005.0 0.013682 0.003638 0.002317 hargrave 2022-02-22 15:43:10 
TT 660 354.9 017.5 354.5 013.8 1.34E-06 054.8 186.8 000.6 0.141768 0.017301 0.002743 hargrave 2022-02-23 12:24:13 
TT 660 002.3 019.6 001.7 016.2 2.80E-06 006.6 193.7 003.1 0.041275 0.031975 0.002721 hargrave 2022-02-23 15:18:10 
TT 664 019.3 016.9 018.4 014.3 2.68E-06 004.6 210.0 002.3 0.008701 0.012891 0.016240 hargrave 2022-02-24 12:09:51 
TT 667 037.6 -03.4 037.9 -04.9 2.77E-06 004.5 231.9 -14.2 0.007406 0.004786 0.020637 hargrave 2022-02-25 11:43:32 
TT 670 032.6 -04.4 033.0 -06.3 1.51E-06 007.6 227.1 -16.3 0.014636 0.008760 0.011655 hargrave 2022-02-26 16:55:09 
TT 673 040.9 006.1 040.6 004.8 1.60E-06 009.3 232.9 -04.2 0.017122 0.015192 0.013811 hargrave 2022-02-27 16:30:29 
TT 675 327.2 020.0 327.2 016.0 1.25E-06 004.9 160.6 004.0 0.006514 0.009261 0.001796 hargrave 2022-02-28 14:50:49 
TT 677 351.6 016.0 351.3 012.2 1.42E-06 010.0 183.7 -01.0 0.005604 0.024801 0.002804 hargrave 2022-03-01 12:13:47 
TT 677 354.2 017.5 353.7 013.8 1.43E-06 002.1 186.1 000.6 0.003568 0.005518 0.000700 hargrave 2022-03-01 13:17:33 
TT 679 359.9 -28.2 001.1 -31.6 9.20E-07 004.7 195.1 -44.7 0.004315 0.004659 0.004414 hargrave 2022-03-02 09:35:29 
TT 681 005.6 018.2 004.9 015.0 2.38E-06 004.7 196.9 002.0 0.006774 0.014785 0.012085 hargrave 2022-03-02 15:38:15 
TT 683 148.7 -26.6 148.8 -22.6 1.83E-06 009.8 342.7 -10.4 0.010163 0.030029 0.003478 hargrave 2022-03-03 16:41:36 
TT 683 139.7 -25.0 140.0 -21.0 1.87E-06 001.6 334.3 -09.8 0.002124 0.005482 0.001885 hargrave 2022-03-03 18:43:22 
TT 685 075.0 -31.0 077.2 -29.9 8.60E-07 004.5 277.3 -30.3 0.002197 0.002892 0.006017 hargrave 2022-03-04 14:28:00 
TT 689 283.8 018.4 284.7 015.6 1.31E-06 004.1 119.9 010.4 0.003407 0.003985 0.008365 hargrave 2022-03-06 16:38:36 
