AFC- 6a sun compass orientation
      0 274.6  21.0 240.0   4.0   1.0
NRM    073.5 013.2 072.6 014.1 1.72E-05 060.3 245.8 005.0 0.750038 1.667931 0.161112 hargrave 2022-02-07 15:04:37 
NRM    078.2 008.0 077.6 009.2 3.45E-05 000.9 251.9 001.7 0.046941 0.024153 0.032807 hargrave 2022-02-07 16:12:37 
TT 150 073.8 004.9 073.4 005.8 3.21E-05 006.4 248.8 -02.7 0.334792 0.113671 0.062337 hargrave 2022-02-08 12:06:16 
TT 300 069.5 005.0 069.1 005.7 3.00E-05 005.8 244.7 -04.0 0.281112 0.116532 0.044543 hargrave 2022-02-09 09:37:45 
TT 400 061.6 007.1 061.1 007.2 2.42E-05 004.8 236.6 -04.5 0.175319 0.106026 0.035617 hargrave 2022-02-10 09:54:54 
TT 450 063.2 005.6 062.8 005.8 2.04E-05 001.4 238.6 -05.4 0.052248 0.050153 0.016710 hargrave 2022-02-10 17:18:16 
TT 500 063.1 004.7 062.8 004.9 1.81E-05 003.6 238.8 -06.3 0.100306 0.052161 0.034623 hargrave 2022-02-11 19:24:45 
TT 550 086.7 -08.9 087.2 -07.0 1.05E-05 040.9 265.8 -11.1 0.908632 0.078738 0.049187 hargrave 2022-02-13 11:25:30 
TT 550 047.5 011.5 046.8 010.6 1.38E-05 001.4 222.0 -04.1 0.021367 0.034640 0.011866 hargrave 2022-02-13 13:26:42 
TT 565 034.5 014.7 033.6 013.0 1.27E-05 004.3 208.9 -03.6 0.059053 0.072700 0.033661 hargrave 2022-02-14 11:49:40 
TT 580 045.1 011.5 044.4 010.5 1.17E-05 002.2 219.7 -04.6 0.037000 0.026793 0.025545 hargrave 2022-02-15 09:47:42 
TT 600 038.8 013.7 038.0 012.3 1.06E-05 010.4 213.2 -03.8 0.111549 0.157371 0.032222 hargrave 2022-02-15 17:51:38 
TT 600 038.9 015.0 037.9 013.6 1.08E-05 001.4 213.0 -02.5 0.032598 0.008500 0.009261 hargrave 2022-02-15 19:05:25 
TT 610 049.4 007.7 048.9 006.9 8.27E-06 002.9 224.8 -07.3 0.025261 0.034078 0.013990 hargrave 2022-02-16 15:06:35 
TT 620 032.5 006.6 032.2 004.7 8.08E-06 004.5 208.4 -12.0 0.035418 0.028386 0.048061 hargrave 2022-02-17 14:06:28 
TT 630 028.9 006.9 028.5 004.9 7.34E-06 004.7 204.7 -12.2 0.039599 0.038390 0.032233 hargrave 2022-02-18 11:24:48 
TT 640 010.4 007.9 010.1 004.8 6.85E-06 008.0 185.9 -13.0 0.014688 0.095332 0.014512 hargrave 2022-02-20 15:19:19 
TT 640 009.6 009.4 009.2 006.3 6.99E-06 001.4 185.0 -11.5 0.014853 0.013271 0.006938 hargrave 2022-02-20 16:33:25 
TT 650 012.9 001.3 012.9 -01.7 5.84E-06 007.9 188.8 -19.5 0.012482 0.080689 0.011238 hargrave 2022-02-21 14:53:11 
TT 655 354.2 000.2 354.2 -03.4 5.76E-06 002.7 168.9 -20.4 0.014389 0.022936 0.014570 hargrave 2022-02-22 13:39:31 
TT 660 004.7 -06.8 005.0 -10.1 6.26E-06 003.1 180.1 -27.8 0.015618 0.026396 0.018428 hargrave 2022-02-23 12:25:48 
TT 664 359.8 007.7 359.6 004.3 6.76E-06 002.1 175.1 -13.2 0.016208 0.017700 0.015676 hargrave 2022-02-24 12:11:27 
TT 667 358.2 -04.7 358.4 -08.3 5.09E-06 009.5 172.9 -25.6 0.009802 0.083413 0.020342 hargrave 2022-02-25 11:45:07 
TT 667 004.0 -03.0 004.1 -06.3 5.16E-06 001.5 179.3 -24.0 0.011159 0.010393 0.005339 hargrave 2022-02-25 16:17:04 
TT 670 354.1 020.0 353.5 016.3 5.96E-06 003.9 170.1 -00.7 0.012706 0.038636 0.015028 hargrave 2022-02-26 16:56:43 
TT 673 346.6 020.4 346.3 016.5 2.89E-06 004.1 163.2 000.3 0.013594 0.016785 0.006904 hargrave 2022-02-27 16:32:04 
TT 675 341.1 027.5 340.8 023.6 4.74E-06 004.9 159.1 008.0 0.014718 0.036486 0.016011 hargrave 2022-02-28 14:52:24 
TT 677 011.3 -05.8 011.7 -08.8 1.90E-06 003.7 187.5 -26.6 0.004267 0.009333 0.007328 hargrave 2022-03-01 12:15:23 
TT 679 313.3 -48.6 311.8 -52.4 1.72E-06 003.0 102.8 -58.0 0.004723 0.005944 0.005522 hargrave 2022-03-02 09:36:48 
TT 681 358.3 -07.2 358.6 -10.8 2.62E-06 004.3 172.9 -28.1 0.003500 0.015520 0.011770 hargrave 2022-03-02 15:39:33 
TT 683 128.4 -53.2 130.1 -49.4 1.98E-06 005.9 320.2 -38.9 0.017331 0.009036 0.006186 hargrave 2022-03-03 16:43:11 
TT 685 319.2 012.1 319.3 008.2 2.22E-06 002.3 135.8 -02.9 0.007664 0.003559 0.007376 hargrave 2022-03-04 14:29:36 
TT 689 288.5 -15.1 287.7 -18.0 3.76E-06 002.5 097.5 -19.0 0.013586 0.007386 0.007747 hargrave 2022-03-06 16:40:12 
