AFC- 2a sun compass orientation
      0 269.4  20.0 240.0   4.0   1.0
NRM    118.8 030.3 117.5 033.7 2.79E-05 006.2 286.7 038.2 0.277296 0.062446 0.119581 hargrave 2022-02-07 14:57:53 
TT 150 110.4 033.3 108.6 036.3 2.76E-05 001.5 276.9 038.2 0.037520 0.060773 0.043583 hargrave 2022-02-08 11:58:09 
TT 300 122.0 023.7 121.1 027.2 2.60E-05 003.4 292.9 033.1 0.085798 0.078443 0.113476 hargrave 2022-02-09 09:29:35 
TT 400 124.7 026.0 123.7 029.6 2.21E-05 002.1 294.7 036.1 0.077988 0.044895 0.014438 hargrave 2022-02-10 09:45:53 
TT 450 126.8 024.4 126.0 028.1 1.97E-05 001.4 297.6 035.3 0.037745 0.058291 0.009604 hargrave 2022-02-10 17:10:55 
TT 500 136.6 019.1 136.2 023.0 1.76E-05 003.1 310.0 033.0 0.061084 0.054078 0.063274 hargrave 2022-02-11 19:16:38 
TT 550 140.5 019.1 140.2 023.1 1.61E-05 003.6 314.3 034.0 0.085338 0.063265 0.010873 hargrave 2022-02-13 11:17:16 
TT 565 139.8 018.0 139.6 022.0 1.55E-05 003.0 313.9 032.8 0.053266 0.048080 0.052560 hargrave 2022-02-14 11:42:16 
TT 580 138.4 020.7 138.1 024.6 1.48E-05 003.8 311.5 035.0 0.079907 0.066297 0.014730 hargrave 2022-02-15 09:40:21 
TT 600 149.7 017.8 149.7 021.8 1.33E-05 009.3 324.9 034.8 0.129685 0.176649 0.016351 hargrave 2022-02-15 17:44:15 
TT 600 138.2 019.2 137.9 023.1 1.34E-05 002.0 311.8 033.5 0.046904 0.048691 0.006908 hargrave 2022-02-15 19:03:45 
TT 610 148.9 016.4 148.9 020.4 1.35E-05 002.6 324.4 033.2 0.056240 0.034392 0.030869 hargrave 2022-02-16 14:58:24 
TT 620 148.8 018.2 148.7 022.2 1.29E-05 003.9 323.8 035.0 0.069788 0.066516 0.007833 hargrave 2022-02-17 13:57:33 
TT 630 157.9 019.4 158.1 023.4 1.28E-05 005.3 334.1 037.8 0.053925 0.106264 0.015745 hargrave 2022-02-18 11:15:50 
TT 640 159.7 018.9 160.0 022.8 1.22E-05 002.4 336.3 037.5 0.035065 0.030862 0.028823 hargrave 2022-02-20 15:09:32 
TT 650 164.1 013.0 164.4 016.9 1.19E-05 009.3 342.3 032.2 0.083455 0.175322 0.026220 hargrave 2022-02-21 14:44:58 
TT 650 159.2 014.9 159.4 018.9 1.20E-05 001.4 336.4 033.5 0.011987 0.029338 0.008011 hargrave 2022-02-21 15:59:46 
TT 655 163.9 012.5 164.1 016.4 1.21E-05 008.1 342.1 031.7 0.071043 0.158071 0.011428 hargrave 2022-02-22 13:31:23 
TT 655 156.5 013.7 156.6 017.7 1.21E-05 002.5 333.5 031.9 0.056742 0.047801 0.008334 hargrave 2022-02-22 15:41:34 
TT 660 166.2 010.8 166.5 014.6 1.12E-05 005.9 345.0 030.2 0.054469 0.101670 0.027082 hargrave 2022-02-23 12:17:39 
TT 664 170.0 007.4 170.2 011.2 1.09E-05 007.8 349.5 027.1 0.048905 0.139335 0.023679 hargrave 2022-02-24 12:03:17 
TT 667 166.0 009.3 166.2 013.1 9.89E-06 007.0 344.9 028.7 0.040476 0.115336 0.006689 hargrave 2022-02-25 11:37:47 
TT 670 171.7 008.9 172.0 012.6 1.04E-05 002.1 351.3 028.7 0.022550 0.034884 0.007286 hargrave 2022-02-26 16:49:22 
TT 673 172.2 007.3 172.5 011.0 8.70E-06 005.4 352.0 027.1 0.021000 0.080344 0.006889 hargrave 2022-02-27 16:24:41 
TT 675 164.1 009.0 164.3 012.9 8.36E-06 005.2 342.8 028.2 0.040590 0.063234 0.022309 hargrave 2022-02-28 14:45:04 
TT 677 159.6 005.4 159.7 009.3 8.31E-06 010.2 338.3 024.1 0.060075 0.137879 0.006489 hargrave 2022-03-01 12:08:02 
TT 677 157.7 005.5 157.7 009.5 8.33E-06 000.9 336.2 024.0 0.010514 0.010465 0.004960 hargrave 2022-03-01 13:16:10 
TT 679 163.5 002.0 163.5 005.9 7.21E-06 007.1 342.9 021.2 0.031643 0.084477 0.011776 hargrave 2022-03-02 09:30:34 
TT 681 157.0 018.7 157.2 022.6 6.18E-06 001.6 333.2 036.9 0.008574 0.017231 0.004636 hargrave 2022-03-02 15:33:31 
TT 683 179.2 008.9 179.6 012.4 6.55E-06 010.0 359.8 028.9 0.014631 0.112498 0.022143 hargrave 2022-03-03 16:35:48 
TT 683 163.9 007.5 164.1 011.4 6.63E-06 001.4 342.8 026.7 0.008387 0.015887 0.004480 hargrave 2022-03-03 18:40:17 
TT 685 159.2 008.5 159.3 012.4 5.53E-06 004.8 337.4 027.1 0.028641 0.035853 0.011824 hargrave 2022-03-04 14:22:12 
TT 689 177.8 018.9 178.5 022.4 2.24E-06 008.5 358.0 038.9 0.002562 0.033370 0.001145 hargrave 2022-03-06 16:32:51 
