HF1- 122 sun compass orientation
 101.76 297.9  42.0 207.0   8.0   1.0
NRM    112.7 051.9 111.7 059.9 2.61E-04 004.5 227.2 033.2 1.459497 1.428288 0.210067 hargrave 2021-12-04 19:03:10 
TT 150 112.5 051.9 111.5 059.8 2.57E-04 001.5 227.2 033.1 0.424666 0.465981 0.199623 hargrave 2021-12-06 14:16:21 
TT 300 115.9 049.4 115.7 057.4 2.50E-04 001.0 231.1 033.3 0.241392 0.311838 0.167084 hargrave 2021-12-07 10:26:26 
TT 400 114.0 052.0 113.3 060.0 2.40E-04 002.6 227.7 033.9 0.733848 0.766046 0.189248 hargrave 2021-12-07 19:01:16 
TT 450 114.7 051.3 114.1 059.3 2.34E-04 001.4 228.7 033.8 0.367443 0.409147 0.185632 hargrave 2021-12-08 16:34:38 
TT 500 113.9 052.1 113.2 060.1 2.25E-04 001.3 227.6 033.9 0.334786 0.358549 0.165368 hargrave 2021-12-09 14:55:20 
TT 550 112.4 053.8 111.3 061.8 2.13E-04 003.3 225.3 034.2 0.826438 0.893857 0.153232 hargrave 2021-12-10 12:10:39 
TT 565 115.5 051.8 115.1 059.8 2.07E-04 006.4 228.6 034.5 1.663535 1.595810 0.147564 hargrave 2021-12-11 19:04:47 
TT 580 115.3 051.6 114.9 059.6 2.03E-04 000.6 228.7 034.3 0.116618 0.113340 0.149797 hargrave 2021-12-12 18:42:48 
TT 600 114.4 052.5 113.8 060.5 1.95E-04 001.0 227.4 034.4 0.187244 0.227299 0.146981 hargrave 2021-12-13 17:11:00 
TT 610 113.4 053.7 112.5 061.7 1.89E-04 006.0 225.8 034.6 1.406862 1.401063 0.147774 hargrave 2021-12-14 14:00:53 
TT 620 110.3 056.3 108.5 064.2 1.88E-04 004.2 222.0 034.7 0.896826 1.020297 0.153073 hargrave 2021-12-15 12:13:24 
TT 630 114.2 053.0 113.5 061.0 1.83E-04 004.1 226.8 034.6 0.937318 0.927452 0.147652 hargrave 2021-12-16 12:29:14 
TT 640 116.7 050.5 116.7 058.5 1.77E-04 000.7 230.4 034.4 0.144838 0.112479 0.126319 hargrave 2021-12-17 11:05:29 
TT 650 116.8 050.6 116.8 058.6 1.55E-04 002.4 230.3 034.5 0.478667 0.430035 0.113160 hargrave 2021-12-17 19:32:10 
TT 655 113.7 053.4 112.9 061.4 1.42E-04 003.7 226.2 034.6 0.648973 0.654506 0.109270 hargrave 2021-12-20 14:05:49 
TT 660 115.5 051.3 115.1 059.3 1.36E-04 001.7 229.1 034.2 0.263592 0.307443 0.112029 hargrave 2021-12-21 12:09:46 
TT 665 113.6 052.6 112.7 060.5 1.05E-04 003.6 227.0 034.0 0.502201 0.460490 0.105129 hargrave 2021-12-22 12:18:08 
TT 670 111.5 053.9 110.1 061.9 8.94E-05 002.4 224.8 033.8 0.227787 0.295122 0.087145 hargrave 2021-12-23 11:21:32 
TT 672 114.2 052.2 113.5 060.2 6.53E-05 001.0 227.6 034.1 0.092020 0.075058 0.052689 hargrave 2021-12-23 17:53:25 
TT 675 115.2 050.0 114.8 058.0 2.93E-05 002.4 230.2 033.3 0.052987 0.132287 0.027884 hargrave 2021-12-24 18:37:12 
TT 678 114.2 056.7 113.4 064.7 9.50E-06 002.5 223.1 036.7 0.021760 0.037316 0.008448 hargrave 2021-12-27 11:26:37 
TT 682 099.2 -00.3 099.1 007.3 2.19E-06 004.5 256.1 -12.6 0.016165 0.006538 0.002147 hargrave 2021-12-28 11:04:58 
TT 685 148.5 019.1 150.3 025.8 2.88E-06 004.6 279.7 034.4 0.023552 0.002635 0.001581 hargrave 2021-12-28 18:15:33 
TT 691 076.4 018.8 074.2 024.8 2.15E-06 004.8 226.1 -10.4 0.011105 0.015012 0.002681 hargrave 2021-12-30 11:23:09 
