HF1- 110 sun compass orientation
 112.73 341.2  74.0 207.0   8.0   1.0
NRM    078.2 -22.5 080.0 -16.2 4.16E-05 001.6 315.6 -80.7 0.040466 0.109415 0.005083 hargrave 2021-12-04 18:44:43 
TT 150 080.1 -27.5 082.2 -21.0 4.28E-05 002.3 325.9 -75.9 0.047951 0.162119 0.017314 hargrave 2021-12-06 13:57:43 
TT 300 080.3 -30.7 082.7 -24.2 4.07E-05 003.5 332.2 -73.1 0.086400 0.232909 0.026934 hargrave 2021-12-07 10:07:43 
TT 400 080.4 -33.8 083.1 -27.2 3.72E-05 002.3 336.7 -70.4 0.055019 0.137076 0.010904 hargrave 2021-12-07 18:42:41 
TT 450 081.3 -33.5 083.9 -26.9 3.50E-05 003.3 334.4 -70.3 0.073986 0.189660 0.012164 hargrave 2021-12-08 16:16:03 
TT 500 079.5 -34.9 082.4 -28.4 3.29E-05 001.9 340.0 -69.7 0.041548 0.103981 0.011034 hargrave 2021-12-09 14:36:36 
TT 550 081.5 -35.2 084.3 -28.6 3.05E-05 002.6 336.2 -68.7 0.045772 0.132942 0.011068 hargrave 2021-12-10 11:52:00 
TT 565 082.7 -37.4 085.6 -30.7 2.91E-05 003.4 336.9 -66.3 0.052359 0.163811 0.015876 hargrave 2021-12-11 18:45:19 
TT 580 081.9 -37.6 084.9 -30.9 2.79E-05 004.0 338.4 -66.4 0.064562 0.183716 0.008261 hargrave 2021-12-12 18:24:09 
TT 600 078.9 -36.4 082.0 -30.0 2.70E-05 001.5 343.0 -68.5 0.023436 0.065429 0.008374 hargrave 2021-12-13 16:52:18 
TT 610 074.9 -34.4 078.1 -28.3 2.63E-05 002.9 350.5 -71.3 0.027527 0.131876 0.007272 hargrave 2021-12-14 13:42:14 
TT 620 071.1 -38.0 075.0 -32.2 2.60E-05 003.3 000.2 -68.0 0.017826 0.148798 0.007117 hargrave 2021-12-15 11:54:02 
TT 630 075.6 -38.2 079.2 -32.0 2.55E-05 002.5 351.0 -67.5 0.021296 0.108693 0.008327 hargrave 2021-12-16 12:10:31 
TT 640 075.2 -39.5 079.0 -33.4 2.46E-05 002.6 352.4 -66.2 0.026625 0.107447 0.010541 hargrave 2021-12-17 10:46:49 
TT 650 078.7 -45.1 083.0 -38.7 2.28E-05 001.9 349.3 -60.2 0.023702 0.071490 0.008610 hargrave 2021-12-17 19:12:40 
TT 655 082.2 -43.8 085.9 -37.1 2.12E-05 003.3 343.7 -60.7 0.033429 0.119138 0.007259 hargrave 2021-12-20 13:46:17 
TT 660 080.9 -42.8 084.6 -36.1 2.05E-05 001.2 344.8 -62.0 0.016683 0.041134 0.008729 hargrave 2021-12-21 11:53:35 
TT 665 081.9 -41.9 085.4 -35.2 1.66E-05 001.9 342.6 -62.5 0.022904 0.050387 0.005139 hargrave 2021-12-22 12:02:17 
TT 670 084.9 -43.7 088.4 -36.8 1.62E-05 002.5 340.0 -59.9 0.024721 0.065015 0.006334 hargrave 2021-12-23 11:06:03 
TT 672 084.4 -44.5 088.0 -37.6 1.38E-05 002.6 341.3 -59.4 0.026497 0.056291 0.005788 hargrave 2021-12-23 17:37:53 
TT 675 073.6 -37.1 077.2 -31.1 7.50E-06 000.6 354.6 -68.8 0.003046 0.007456 0.002827 hargrave 2021-12-24 18:22:24 
TT 678 056.7 -65.1 069.3 -60.4 6.92E-06 002.1 007.9 -39.9 0.012432 0.022770 0.006954 hargrave 2021-12-27 11:11:48 
TT 682 094.4 -31.3 096.0 -23.9 4.14E-06 001.3 310.0 -63.9 0.004766 0.007471 0.003920 hargrave 2021-12-28 10:50:06 
TT 685 076.6 -32.4 079.4 -26.2 1.47E-06 002.5 344.4 -72.9 0.001546 0.006097 0.001291 hargrave 2021-12-28 18:00:55 
TT 691 180.2 -07.2 179.5 -03.6 1.69E-06 002.2 282.6 016.0 0.003279 0.003692 0.005012 hargrave 2021-12-30 11:05:32 
