HF1- 112 sun compass orientation
 113.08 343.3  74.0 208.5   9.0   1.0
NRM    083.1 -31.8 085.8 -24.3 3.85E-05 001.4 332.3 -71.9 0.057656 0.071544 0.018161 hargrave 2021-12-04 18:47:53 
TT 150 084.2 -34.6 087.1 -27.0 4.18E-05 001.2 334.2 -69.0 0.061055 0.059289 0.017758 hargrave 2021-12-06 14:00:53 
TT 300 082.5 -39.5 086.2 -32.0 4.04E-05 001.8 342.9 -65.2 0.081239 0.104780 0.022483 hargrave 2021-12-07 10:10:54 
TT 400 081.9 -42.6 086.0 -35.2 3.75E-05 000.9 346.2 -62.4 0.043968 0.047255 0.022498 hargrave 2021-12-07 18:45:51 
TT 450 079.4 -44.4 084.1 -37.2 3.58E-05 003.0 350.9 -61.1 0.044130 0.181187 0.025990 hargrave 2021-12-08 16:19:13 
TT 500 085.7 -43.9 089.6 -36.2 3.33E-05 001.8 341.9 -60.2 0.068854 0.079649 0.019572 hargrave 2021-12-09 14:39:47 
TT 550 086.0 -43.7 089.8 -35.9 3.12E-05 002.3 341.3 -60.3 0.056472 0.113135 0.019306 hargrave 2021-12-10 11:55:11 
TT 565 081.2 -44.4 085.7 -37.0 3.11E-05 002.0 348.4 -60.8 0.049976 0.097270 0.020566 hargrave 2021-12-11 18:48:33 
TT 580 085.3 -45.1 089.4 -37.4 3.05E-05 000.9 343.4 -59.2 0.035920 0.032178 0.013457 hargrave 2021-12-12 18:27:20 
TT 600 083.7 -44.9 087.9 -37.3 3.01E-05 001.7 345.3 -59.8 0.045873 0.078583 0.016677 hargrave 2021-12-13 16:55:33 
TT 610 086.0 -44.5 089.9 -36.7 2.95E-05 001.5 342.0 -59.6 0.038132 0.067939 0.015566 hargrave 2021-12-14 13:45:21 
TT 620 084.1 -43.5 088.1 -35.9 2.93E-05 001.3 343.7 -61.0 0.052766 0.031271 0.029996 hargrave 2021-12-15 11:57:19 
TT 630 085.6 -43.4 089.4 -35.7 2.93E-05 001.0 341.6 -60.7 0.031763 0.041294 0.012646 hargrave 2021-12-16 12:13:43 
TT 640 086.5 -42.5 090.1 -34.7 2.82E-05 000.8 339.6 -61.2 0.028751 0.029966 0.012298 hargrave 2021-12-17 10:50:00 
TT 650 083.9 -41.7 087.7 -34.1 2.61E-05 001.6 342.6 -62.7 0.039467 0.060995 0.011757 hargrave 2021-12-17 19:15:51 
TT 655 078.6 -43.5 083.2 -36.4 2.47E-05 003.3 351.8 -62.1 0.057565 0.130535 0.025656 hargrave 2021-12-20 13:49:27 
TT 660 083.6 -38.2 087.0 -30.7 2.31E-05 001.4 339.7 -66.0 0.044472 0.036508 0.009516 hargrave 2021-12-21 11:56:12 
TT 665 079.6 -37.4 083.2 -30.2 2.11E-05 000.8 346.6 -67.9 0.013489 0.026808 0.008883 hargrave 2021-12-22 12:04:58 
TT 670 086.0 -39.9 089.4 -32.2 1.87E-05 001.7 337.7 -63.7 0.009650 0.053111 0.013236 hargrave 2021-12-23 11:08:38 
TT 672 080.7 -40.7 084.7 -33.4 1.46E-05 000.9 346.8 -64.5 0.013494 0.017710 0.013833 hargrave 2021-12-23 17:40:28 
TT 675 104.6 -32.9 105.7 -24.1 7.62E-06 000.6 306.7 -57.1 0.007262 0.004875 0.004697 hargrave 2021-12-24 18:24:59 
TT 678 078.1 -23.7 080.2 -16.7 4.22E-06 001.0 330.2 -81.1 0.003854 0.006059 0.002460 hargrave 2021-12-27 11:14:25 
TT 682 129.5 -39.1 128.4 -30.2 3.16E-06 002.6 307.1 -36.1 0.012330 0.008662 0.001948 hargrave 2021-12-28 10:52:47 
TT 685 104.5 -10.6 104.7 -01.9 2.85E-06 003.7 263.8 -59.2 0.018456 0.003144 0.002207 hargrave 2021-12-28 18:03:29 
TT 691 194.7 058.8 209.8 059.8 1.38E-06 006.2 210.6 029.7 0.004692 0.013339 0.006683 hargrave 2021-12-30 11:08:40 
