HF1- 55 mag compass orientation (IGRF corrected)
  95.92  24.8  39.0 207.0   8.0   1.0
NRM    103.5 019.2 102.7 027.0 1.07E-04 001.2 168.7 -19.1 0.131026 0.170443 0.095923 hargrave 2021-12-01 11:03:06 
TT 150 100.2 017.4 099.2 025.0 1.05E-04 001.8 165.1 -20.4 0.152297 0.286042 0.085245 hargrave 2021-12-01 18:38:43 
TT 300 097.7 016.7 096.7 024.2 1.01E-04 000.7 162.5 -20.7 0.082744 0.070699 0.076059 hargrave 2021-12-02 14:55:16 
TT 400 096.7 016.6 095.6 024.0 9.53E-05 000.7 161.4 -20.6 0.071782 0.082994 0.071502 hargrave 2021-12-03 12:54:08 
TT 450 097.3 017.2 096.3 024.7 9.25E-05 002.6 162.2 -20.1 0.089373 0.406828 0.067854 hargrave 2021-12-04 14:14:41 
TT 500 101.5 017.4 100.6 025.1 8.86E-05 005.0 166.4 -20.6 0.234411 0.731403 0.083935 hargrave 2021-12-06 10:28:26 
TT 550 101.0 017.6 100.1 025.3 8.24E-05 003.8 166.0 -20.3 0.100055 0.543756 0.058668 hargrave 2021-12-06 18:30:02 
TT 565 097.1 016.9 096.0 024.4 7.98E-05 000.7 161.9 -20.3 0.085738 0.068697 0.059904 hargrave 2021-12-07 14:50:22 
TT 580 100.8 019.5 099.8 027.2 7.81E-05 003.9 166.1 -18.4 0.157936 0.514994 0.068674 hargrave 2021-12-08 12:50:11 
TT 600 097.2 018.6 096.1 026.1 7.12E-05 001.5 162.4 -18.7 0.110542 0.162423 0.053883 hargrave 2021-12-09 10:25:11 
TT 610 100.5 018.7 099.6 026.3 6.99E-05 001.1 165.7 -19.2 0.078339 0.103052 0.061812 hargrave 2021-12-09 19:00:11 
TT 620 100.6 018.8 099.7 026.5 6.81E-05 002.6 165.8 -19.1 0.064472 0.304604 0.052199 hargrave 2021-12-10 17:01:57 
TT 630 097.4 018.8 096.2 026.3 6.75E-05 000.7 162.6 -18.5 0.074957 0.072212 0.054925 hargrave 2021-12-12 14:16:28 
TT 640 098.8 018.9 097.7 026.5 6.49E-05 003.1 164.0 -18.7 0.134589 0.332263 0.050657 hargrave 2021-12-13 12:45:38 
TT 650 102.6 019.3 101.7 027.0 6.04E-05 002.1 167.8 -18.9 0.099723 0.197956 0.047115 hargrave 2021-12-14 10:14:55 
TT 655 093.2 016.7 092.0 024.0 5.76E-05 000.9 158.0 -19.7 0.070170 0.080758 0.043528 hargrave 2021-12-14 19:13:01 
TT 660 097.0 014.1 096.1 021.6 5.12E-05 001.7 161.2 -23.1 0.099048 0.129722 0.033660 hargrave 2021-12-15 18:54:37 
TT 665 094.5 016.9 093.3 024.3 4.60E-05 004.1 159.3 -19.8 0.151395 0.291484 0.043061 hargrave 2021-12-16 16:38:34 
TT 670 103.9 018.3 103.1 026.1 3.70E-05 001.2 169.0 -20.0 0.050545 0.067839 0.029162 hargrave 2021-12-17 15:12:44 
TT 673 101.9 018.3 101.0 026.0 2.77E-05 005.0 167.0 -19.8 0.074029 0.230366 0.021076 hargrave 2021-12-19 18:43:05 
TT 675 111.8 022.7 111.4 030.6 1.80E-05 004.0 177.1 -16.3 0.037734 0.124047 0.014753 hargrave 2021-12-20 17:57:49 
TT 679 091.7 015.1 090.5 022.3 6.18E-06 002.9 156.1 -20.9 0.012757 0.030272 0.005432 hargrave 2021-12-21 16:16:28 
TT 683 091.3 037.6 088.1 044.7 2.86E-06 002.5 161.6 001.0 0.007832 0.013253 0.004098 hargrave 2021-12-22 16:17:59 
TT 687 030.3 043.3 022.8 043.3 1.41E-06 002.8 123.9 029.3 0.001958 0.009401 0.004134 hargrave 2021-12-23 14:53:49 
