HF1- 43 mag compass orientation (IGRF corrected)
  89.75 343.8  78.0 207.0   8.0   1.0
NRM    104.3 -06.1 104.4 001.7 7.45E-05 001.3 261.6 -59.3 0.159850 0.044611 0.033551 hargrave 2021-12-01 10:41:47 
TT 150 105.3 -08.6 105.5 -00.8 7.38E-05 004.0 266.8 -58.8 0.517036 0.036870 0.062419 hargrave 2021-12-01 18:17:30 
TT 300 106.2 -10.0 106.4 -02.1 7.13E-05 002.7 269.6 -58.1 0.329014 0.068554 0.068855 hargrave 2021-12-02 14:34:00 
TT 400 106.1 -10.9 106.3 -03.1 6.94E-05 003.4 271.4 -58.3 0.406788 0.079755 0.051837 hargrave 2021-12-03 12:33:33 
TT 450 106.6 -12.4 106.8 -04.6 6.85E-05 001.5 274.3 -58.0 0.156760 0.071395 0.051853 hargrave 2021-12-04 13:54:08 
TT 500 106.1 -13.7 106.3 -05.8 6.65E-05 003.1 276.6 -58.5 0.357692 0.063487 0.048068 hargrave 2021-12-06 10:07:51 
TT 550 105.6 -13.8 105.8 -06.0 6.25E-05 001.6 276.9 -59.0 0.162398 0.067230 0.042312 hargrave 2021-12-06 18:09:45 
TT 565 104.5 -13.9 104.8 -06.1 6.06E-05 001.0 277.1 -60.0 0.090331 0.053822 0.038463 hargrave 2021-12-07 14:29:48 
TT 580 104.0 -14.4 104.4 -06.6 5.85E-05 001.3 278.0 -60.5 0.119250 0.057962 0.034011 hargrave 2021-12-08 12:29:32 
TT 600 104.6 -15.1 105.0 -07.3 5.44E-05 003.0 279.5 -59.9 0.280684 0.043998 0.044427 hargrave 2021-12-09 10:04:31 
TT 610 105.0 -13.1 105.3 -05.3 5.25E-05 002.6 275.5 -59.5 0.231492 0.051507 0.039702 hargrave 2021-12-09 18:39:39 
TT 620 106.3 -13.4 106.5 -05.5 5.10E-05 003.7 276.1 -58.3 0.323627 0.050433 0.036747 hargrave 2021-12-10 16:41:24 
TT 630 104.7 -12.5 105.0 -04.7 5.00E-05 002.7 274.3 -59.8 0.233796 0.052336 0.034328 hargrave 2021-12-12 13:56:43 
TT 640 106.6 -14.9 106.9 -07.0 4.79E-05 001.4 279.0 -58.0 0.109117 0.048047 0.034264 hargrave 2021-12-13 12:24:57 
TT 650 106.1 -14.7 106.4 -06.8 4.30E-05 002.1 278.6 -58.5 0.144397 0.049291 0.041725 hargrave 2021-12-14 09:55:12 
TT 655 105.8 -14.3 106.1 -06.4 4.12E-05 003.8 277.8 -58.8 0.271593 0.054253 0.032621 hargrave 2021-12-14 18:53:22 
TT 660 105.4 -15.7 105.8 -07.8 3.53E-05 001.1 280.5 -59.1 0.052818 0.035237 0.026340 hargrave 2021-12-15 18:34:56 
TT 665 108.0 -13.2 108.2 -05.3 3.06E-05 004.1 275.8 -56.6 0.218137 0.034231 0.029451 hargrave 2021-12-16 16:18:40 
TT 670 107.5 -13.7 107.7 -05.8 2.82E-05 001.0 276.7 -57.1 0.037005 0.025628 0.028052 hargrave 2021-12-17 14:53:00 
TT 673 107.9 -16.1 108.2 -08.2 1.79E-05 002.0 281.1 -56.7 0.059923 0.017799 0.023444 hargrave 2021-12-19 18:23:19 
TT 675 114.9 -14.7 114.9 -06.7 1.15E-05 001.0 278.6 -50.0 0.017376 0.010403 0.010256 hargrave 2021-12-20 17:37:58 
TT 679 089.2 -13.8 089.9 -06.7 5.56E-06 000.9 278.7 -74.9 0.007480 0.003398 0.004115 hargrave 2021-12-21 16:00:05 
TT 683 118.1 -12.2 118.1 -04.2 3.85E-06 000.9 275.1 -46.7 0.004657 0.004867 0.003817 hargrave 2021-12-22 16:01:19 
TT 687 044.3 -08.4 045.3 -05.9 3.38E-06 002.3 094.3 -60.8 0.012960 0.004802 0.001336 hargrave 2021-12-23 14:37:05 
