HF1- 94 mag compass orientation (IGRF corrected)
 106.55 272.8  51.0 207.0   8.0   1.0
NRM    287.7 015.8 288.0 007.9 4.89E-05 004.2 111.6 -01.2 0.326160 0.162411 0.033229 hargrave 2021-12-04 18:20:28 
TT 150 283.5 006.7 283.6 -01.0 4.91E-05 001.4 102.0 -04.0 0.111315 0.063197 0.046435 hargrave 2021-12-06 13:33:20 
TT 300 286.7 008.6 286.8 000.7 5.04E-05 003.0 105.5 -05.2 0.235557 0.111150 0.053795 hargrave 2021-12-07 09:43:08 
TT 400 285.6 005.5 285.7 -02.4 5.10E-05 002.1 102.4 -06.4 0.168739 0.089435 0.040495 hargrave 2021-12-07 18:16:34 
TT 450 287.0 006.3 287.0 -01.6 5.07E-05 005.4 103.9 -06.9 0.450273 0.166055 0.039588 hargrave 2021-12-08 15:51:40 
TT 500 287.9 006.7 287.9 -01.2 5.02E-05 002.7 104.8 -07.3 0.211393 0.112275 0.048363 hargrave 2021-12-09 14:12:05 
TT 550 287.9 007.6 288.0 -00.3 4.85E-05 001.1 105.5 -06.8 0.077836 0.079984 0.035248 hargrave 2021-12-10 11:26:40 
TT 565 289.6 009.1 289.6 001.1 4.75E-05 002.6 107.7 -07.0 0.189862 0.109356 0.050849 hargrave 2021-12-11 18:20:47 
TT 580 285.2 003.8 285.2 -04.1 4.63E-05 002.0 100.8 -07.2 0.148545 0.081461 0.032862 hargrave 2021-12-12 17:59:39 
TT 600 287.6 007.2 287.7 -00.7 4.49E-05 001.9 105.0 -06.8 0.128747 0.088444 0.034638 hargrave 2021-12-13 16:27:48 
TT 610 289.2 004.5 289.3 -03.4 4.14E-05 006.4 104.0 -09.8 0.439939 0.156342 0.028993 hargrave 2021-12-14 13:17:46 
TT 620 290.9 008.2 291.0 000.2 4.18E-05 001.8 107.9 -08.6 0.103613 0.058171 0.069670 hargrave 2021-12-15 11:28:50 
TT 630 287.5 000.8 287.4 -07.1 4.05E-05 009.5 100.0 -10.8 0.662038 0.139126 0.035572 hargrave 2021-12-16 11:45:56 
TT 630 284.3 -01.1 284.1 -08.9 4.13E-05 001.3 096.4 -09.6 0.076637 0.091041 0.038141 hargrave 2021-12-16 12:44:08 
TT 640 289.3 005.9 289.3 -02.0 4.00E-05 002.1 105.1 -08.9 0.136443 0.062771 0.028397 hargrave 2021-12-17 10:22:11 
TT 650 285.2 003.5 285.1 -04.3 3.79E-05 003.0 100.6 -07.3 0.190412 0.061600 0.026728 hargrave 2021-12-17 18:48:12 
TT 655 285.0 003.7 285.0 -04.2 3.49E-05 005.3 100.6 -07.1 0.313402 0.084961 0.026153 hargrave 2021-12-20 13:21:49 
TT 660 006.8 -09.0 008.2 -11.7 4.31E-06 080.4 187.9 -59.8 0.197517 3.312424 0.024514 hargrave 2021-12-21 11:33:30 
TT 660 281.2 000.7 281.1 -07.0 3.19E-05 002.6 095.9 -06.1 0.145648 0.027545 0.020993 hargrave 2021-12-21 13:07:42 
TT 665 293.8 -01.3 293.8 -09.2 2.54E-05 004.9 102.6 -17.0 0.207103 0.071081 0.018432 hargrave 2021-12-22 11:41:43 
TT 670 285.8 -04.3 285.6 -12.1 2.07E-05 001.9 094.9 -12.8 0.064540 0.050433 0.014132 hargrave 2021-12-23 10:45:40 
TT 672 286.3 -01.2 286.1 -09.1 1.89E-05 001.3 097.6 -11.2 0.030006 0.116856 0.012158 hargrave 2021-12-23 17:17:37 
TT 675 283.2 -03.7 282.9 -11.5 9.97E-06 001.9 093.7 -10.4 0.031583 0.023088 0.008887 hargrave 2021-12-24 18:02:19 
TT 678 291.1 -08.6 290.9 -16.6 7.36E-06 003.6 094.8 -19.6 0.044800 0.018644 0.006346 hargrave 2021-12-27 10:51:18 
TT 682 312.3 008.0 312.2 000.3 6.61E-06 001.3 123.5 -23.7 0.013251 0.013373 0.004966 hargrave 2021-12-28 10:29:41 
TT 685 290.6 046.7 291.3 038.8 2.46E-06 003.2 136.9 017.2 0.010102 0.008488 0.005890 hargrave 2021-12-28 17:40:58 
TT 691 101.5 -05.0 101.6 002.7 6.42E-06 006.2 279.4 003.6 0.069751 0.010171 0.004736 hargrave 2021-12-30 10:41:18 
