HF1- 8 mag compass orientation (IGRF corrected)
   80.8 290.8  64.0 208.5   9.0   1.0
NRM    112.6 015.2 112.3 024.1 8.28E-05 003.4 257.0 008.2 0.468078 0.120107 0.093084 hargrave 2021-12-01 09:45:32 
TT 150 111.6 014.9 111.2 023.8 7.98E-05 002.4 256.9 007.2 0.304241 0.086797 0.106393 hargrave 2021-12-01 17:21:27 
TT 300 111.4 011.3 111.1 020.2 7.47E-05 002.6 260.1 005.5 0.311434 0.097399 0.113263 hargrave 2021-12-02 13:35:34 
TT 400 108.6 016.2 108.0 025.1 6.91E-05 001.8 254.4 005.1 0.202351 0.049940 0.082362 hargrave 2021-12-03 11:37:03 
TT 450 109.9 014.0 109.4 022.9 6.53E-05 006.8 257.0 005.3 0.751606 0.178860 0.089620 hargrave 2021-12-04 12:57:36 
TT 500 108.7 013.8 108.2 022.7 6.16E-05 003.3 256.7 004.2 0.336245 0.087910 0.087788 hargrave 2021-12-06 09:11:16 
TT 550 109.3 013.4 108.8 022.3 5.90E-05 001.9 257.3 004.5 0.163833 0.043180 0.095565 hargrave 2021-12-06 17:13:42 
TT 565 109.6 014.1 109.1 023.0 5.65E-05 001.2 256.8 005.1 0.073538 0.031556 0.091492 hargrave 2021-12-07 13:33:28 
TT 580 108.1 017.4 107.4 026.2 5.51E-05 001.2 253.2 005.2 0.081258 0.028035 0.073733 hargrave 2021-12-08 11:32:11 
TT 600 109.3 016.5 108.7 025.4 5.32E-05 004.0 254.5 005.8 0.341152 0.121655 0.085303 hargrave 2021-12-09 09:08:12 
TT 610 112.1 010.4 111.8 019.3 5.45E-05 002.9 261.2 005.7 0.261500 0.045688 0.086314 hargrave 2021-12-09 17:43:10 
TT 620 111.0 013.9 110.6 022.8 5.17E-05 001.5 257.5 006.2 0.103142 0.033170 0.079850 hargrave 2021-12-10 15:44:27 
TT 630 107.5 016.1 106.8 024.9 5.22E-05 001.6 254.1 004.1 0.118030 0.054628 0.074250 hargrave 2021-12-12 12:59:33 
TT 640 109.3 013.4 108.8 022.3 5.04E-05 003.2 257.3 004.5 0.261493 0.079507 0.071108 hargrave 2021-12-13 11:26:56 
TT 650 108.3 014.3 107.7 023.2 4.74E-05 001.8 256.0 004.0 0.129636 0.050489 0.069432 hargrave 2021-12-14 08:58:47 
TT 655 106.2 017.8 105.4 026.6 4.68E-05 002.7 252.0 003.8 0.189001 0.085938 0.078801 hargrave 2021-12-14 17:56:54 
TT 660 110.8 013.3 110.4 022.2 4.37E-05 002.4 258.0 005.8 0.163198 0.062328 0.072922 hargrave 2021-12-15 17:38:25 
TT 665 106.6 016.2 105.9 025.0 4.23E-05 004.4 253.6 003.4 0.302472 0.116725 0.070124 hargrave 2021-12-16 15:21:26 
TT 670 107.7 009.4 107.3 018.2 4.01E-05 001.4 260.2 001.3 0.074081 0.028994 0.070092 hargrave 2021-12-17 13:57:15 
TT 673 108.4 009.7 108.0 018.6 3.74E-05 004.4 260.2 002.1 0.279754 0.048738 0.054617 hargrave 2021-12-19 17:27:49 
TT 675 108.8 005.3 108.5 014.2 2.96E-05 003.9 264.4 000.5 0.199719 0.028914 0.035837 hargrave 2021-12-20 16:42:25 
TT 679 102.9 004.3 102.5 013.0 1.96E-05 002.3 262.6 -05.2 0.074740 0.059650 0.024193 hargrave 2021-12-21 15:13:37 
TT 683 105.9 003.1 105.6 011.9 1.09E-05 001.8 265.1 -03.0 0.029457 0.018631 0.015665 hargrave 2021-12-22 15:15:19 
TT 687 096.9 065.7 085.7 073.7 1.34E-06 004.3 204.9 018.1 0.005606 0.005720 0.008120 hargrave 2021-12-23 13:50:54 
