HF1- 83 mag compass orientation (IGRF corrected)
  101.8 342.8  39.0 208.5   9.0   1.0
NRM    108.2 056.5 104.8 065.3 1.67E-04 004.5 200.1 021.4 0.613407 0.908254 0.726314 hargrave 2021-12-04 18:07:00 
TT 150 103.5 057.8 098.4 066.4 1.62E-04 005.5 197.0 021.7 0.716826 1.081190 0.871536 hargrave 2021-12-06 13:19:51 
TT 300 100.3 058.9 093.8 067.3 1.57E-04 004.1 194.9 022.2 0.545308 0.443937 0.900004 hargrave 2021-12-07 09:29:29 
TT 400 104.0 059.0 098.7 067.6 1.51E-04 005.6 196.8 022.9 0.671207 1.063709 0.770443 hargrave 2021-12-07 18:02:14 
TT 450 107.2 059.0 103.0 067.8 1.47E-04 002.4 198.5 023.5 0.274328 0.091677 0.555864 hargrave 2021-12-08 15:38:10 
TT 500 103.1 060.3 097.1 068.9 1.41E-04 003.5 195.9 023.9 0.405166 0.552680 0.521988 hargrave 2021-12-09 13:57:33 
TT 550 098.4 061.1 090.4 069.3 1.33E-04 003.8 193.2 024.0 0.369485 0.649752 0.475856 hargrave 2021-12-10 11:13:04 
TT 565 101.3 061.0 094.4 069.4 1.30E-04 002.4 194.7 024.3 0.268497 0.123852 0.456567 hargrave 2021-12-11 18:06:25 
TT 580 104.4 061.2 098.6 069.8 1.27E-04 003.9 196.2 025.0 0.388870 0.685396 0.391154 hargrave 2021-12-12 17:46:00 
TT 600 097.8 062.6 088.9 070.8 1.22E-04 002.8 192.4 025.3 0.199211 0.542404 0.163112 hargrave 2021-12-13 16:14:15 
TT 610 104.2 061.1 098.4 069.7 1.20E-04 003.3 196.1 024.9 0.294759 0.534766 0.321267 hargrave 2021-12-14 13:04:16 
TT 620 099.5 062.4 091.3 070.7 1.18E-04 004.6 193.3 025.4 0.054954 0.869988 0.374662 hargrave 2021-12-15 11:14:27 
TT 630 088.1 063.0 075.6 070.3 1.14E-04 004.0 187.6 024.6 0.063044 0.774040 0.225378 hargrave 2021-12-16 11:32:23 
TT 640 099.9 061.2 092.4 069.5 1.08E-04 004.3 193.9 024.3 0.129331 0.774140 0.205141 hargrave 2021-12-17 10:08:35 
TT 650 106.5 060.5 101.7 069.2 9.37E-05 003.4 197.5 024.7 0.271692 0.432265 0.246447 hargrave 2021-12-17 18:34:36 
TT 655 104.0 059.6 098.5 068.2 8.41E-05 004.4 196.6 023.4 0.086456 0.576379 0.272545 hargrave 2021-12-20 13:06:34 
TT 660 092.8 062.1 082.4 069.9 7.44E-05 003.7 190.1 024.2 0.159369 0.385807 0.275892 hargrave 2021-12-21 11:22:31 
TT 665 107.0 060.4 102.4 069.1 5.17E-05 003.6 197.8 024.8 0.145134 0.277902 0.148947 hargrave 2021-12-22 11:29:39 
TT 670 112.0 059.8 109.5 068.7 3.05E-05 002.8 200.6 025.2 0.077583 0.089149 0.102133 hargrave 2021-12-23 10:33:49 
TT 672 104.0 062.9 097.4 071.5 2.25E-05 003.3 195.3 026.5 0.103950 0.117974 0.065033 hargrave 2021-12-23 17:06:28 
TT 675 112.3 059.8 109.9 068.7 5.57E-06 004.9 200.7 025.3 0.010556 0.045122 0.015764 hargrave 2021-12-24 17:51:17 
TT 678 101.3 044.6 098.0 053.1 3.60E-06 002.4 200.1 008.7 0.008678 0.014682 0.009224 hargrave 2021-12-27 10:40:14 
TT 682 195.9 -39.9 189.0 -37.4 1.81E-06 003.0 318.6 -13.6 0.004598 0.008088 0.005317 hargrave 2021-12-28 10:18:31 
TT 685 263.0 014.1 264.0 006.7 2.53E-06 001.4 016.3 052.2 0.003743 0.005118 0.002211 hargrave 2021-12-28 17:29:57 
TT 691 339.7 003.8 339.7 -03.0 1.96E-06 003.4 090.0 004.9 0.011531 0.002872 0.001727 hargrave 2021-12-30 10:27:51 
