HF1- 50 mag compass orientation (IGRF corrected)
  92.32 293.8  46.0 208.5   9.0   1.0
NRM    049.4 021.5 045.8 024.5 7.66E-05 003.1 205.4 -20.4 0.189350 0.328291 0.169768 hargrave 2021-12-01 10:54:10 
TT 150 048.7 016.3 046.0 019.2 7.35E-05 001.3 206.6 -25.5 0.048176 0.061379 0.152432 hargrave 2021-12-01 18:29:51 
TT 300 046.4 013.9 044.1 016.5 6.54E-05 001.6 205.1 -28.6 0.096509 0.077088 0.153723 hargrave 2021-12-02 14:46:21 
TT 400 043.9 013.5 041.6 015.7 5.84E-05 001.4 202.6 -29.7 0.066776 0.073494 0.121117 hargrave 2021-12-03 12:45:10 
TT 450 044.7 011.6 042.7 014.0 5.48E-05 001.2 204.1 -31.2 0.057352 0.055531 0.106793 hargrave 2021-12-04 14:05:44 
TT 500 038.8 012.1 036.8 013.6 5.07E-05 002.9 197.4 -32.3 0.115376 0.212755 0.100401 hargrave 2021-12-06 10:19:28 
TT 550 046.5 008.7 045.0 011.4 4.67E-05 004.1 207.2 -33.4 0.160866 0.287371 0.082806 hargrave 2021-12-06 18:21:13 
TT 565 040.3 010.5 038.5 012.2 4.41E-05 002.1 199.6 -33.5 0.074142 0.127714 0.082907 hargrave 2021-12-07 14:41:23 
TT 580 043.2 009.7 041.5 011.9 4.35E-05 003.2 203.1 -33.5 0.116772 0.201260 0.080883 hargrave 2021-12-08 12:41:10 
TT 600 045.6 009.0 044.0 011.5 4.07E-05 001.9 206.1 -33.4 0.077731 0.091611 0.070820 hargrave 2021-12-09 10:16:13 
TT 610 044.7 007.5 043.4 009.9 4.09E-05 001.1 205.6 -35.1 0.042198 0.041646 0.069160 hargrave 2021-12-09 18:51:15 
TT 620 045.1 006.6 043.9 009.1 3.90E-05 002.1 206.5 -35.9 0.042619 0.121975 0.069277 hargrave 2021-12-10 16:53:02 
TT 630 038.8 007.5 037.5 009.0 3.76E-05 001.2 198.7 -36.7 0.034121 0.041566 0.065192 hargrave 2021-12-12 14:08:18 
TT 640 042.0 007.8 040.6 009.8 3.42E-05 002.6 202.4 -35.6 0.059377 0.140397 0.052836 hargrave 2021-12-13 12:37:26 
TT 650 043.6 007.5 042.3 009.7 3.01E-05 002.7 204.4 -35.5 0.047322 0.126996 0.048871 hargrave 2021-12-14 10:06:47 
TT 655 043.9 010.0 042.2 012.3 2.96E-05 001.4 203.8 -33.0 0.035059 0.047898 0.051037 hargrave 2021-12-14 19:04:55 
TT 660 041.8 011.5 039.9 013.4 2.21E-05 003.0 201.0 -32.1 0.039692 0.105366 0.039250 hargrave 2021-12-15 18:46:30 
TT 665 035.9 015.8 033.3 016.8 1.92E-05 002.6 193.4 -29.2 0.046176 0.074148 0.036554 hargrave 2021-12-16 16:30:24 
TT 670 044.7 019.6 041.4 021.9 1.43E-05 004.9 201.5 -23.6 0.051944 0.110408 0.031623 hargrave 2021-12-17 15:04:38 
TT 673 022.2 025.8 018.0 024.5 9.31E-06 007.4 178.5 -20.2 0.016641 0.118942 0.025043 hargrave 2021-12-19 18:35:00 
TT 675 050.4 019.8 047.1 022.9 5.49E-06 004.0 207.0 -21.7 0.019762 0.032108 0.011019 hargrave 2021-12-20 17:49:40 
TT 679 209.0 -66.5 189.2 -65.0 1.87E-06 004.8 002.2 -20.6 0.007459 0.013898 0.006689 hargrave 2021-12-21 16:09:42 
TT 683 104.4 -39.7 105.9 -30.9 1.75E-06 004.6 296.1 -32.3 0.009766 0.011921 0.002495 hargrave 2021-12-22 16:11:00 
TT 687 279.1 005.0 279.1 -03.5 1.76E-06 002.7 083.3 014.0 0.007394 0.008114 0.002743 hargrave 2021-12-23 14:46:51 
