HF1- 52 mag compass orientation (IGRF corrected)
  92.68 357.8  65.0 208.5   9.0   1.0
NRM    077.5 008.2 076.3 014.9 8.85E-05 000.9 161.8 -55.3 0.101216 0.105681 0.042239 hargrave 2021-12-01 10:55:55 
TT 150 078.0 006.2 077.0 013.0 8.38E-05 001.7 161.7 -57.4 0.109191 0.224302 0.058180 hargrave 2021-12-01 18:31:35 
TT 300 077.2 004.9 076.3 011.6 7.46E-05 001.8 159.6 -58.4 0.073741 0.210982 0.068490 hargrave 2021-12-02 14:48:06 
TT 400 074.5 003.4 073.8 009.8 6.64E-05 000.6 153.7 -58.8 0.047925 0.047074 0.049796 hargrave 2021-12-03 12:46:55 
TT 450 074.8 003.7 074.0 010.2 6.07E-05 002.4 154.4 -58.6 0.113600 0.229358 0.045859 hargrave 2021-12-04 14:07:29 
TT 500 073.9 003.0 073.2 009.4 5.55E-05 002.6 152.3 -58.9 0.104805 0.225236 0.050603 hargrave 2021-12-06 10:21:14 
TT 550 074.0 002.3 073.4 008.7 4.96E-05 000.6 151.8 -59.6 0.037106 0.038241 0.036029 hargrave 2021-12-06 18:22:57 
TT 565 072.1 001.2 071.6 007.4 4.70E-05 003.1 147.5 -59.7 0.137286 0.211019 0.038468 hargrave 2021-12-07 14:43:12 
TT 580 069.2 000.6 068.8 006.5 4.46E-05 001.6 142.2 -58.7 0.089500 0.092641 0.037707 hargrave 2021-12-08 12:42:54 
TT 600 068.3 -00.6 068.0 005.2 4.24E-05 003.6 139.3 -59.2 0.181987 0.199283 0.037815 hargrave 2021-12-09 10:17:57 
TT 610 068.3 -03.1 068.3 002.7 4.03E-05 003.2 136.3 -61.2 0.157881 0.159315 0.033284 hargrave 2021-12-09 18:52:59 
TT 620 069.9 -01.6 069.7 004.3 3.81E-05 004.2 140.8 -60.9 0.177254 0.216161 0.032653 hargrave 2021-12-10 16:54:46 
TT 630 070.9 000.1 070.5 006.2 3.61E-05 002.5 144.4 -60.1 0.098302 0.128363 0.033997 hargrave 2021-12-12 14:10:04 
TT 640 068.0 000.6 067.6 006.3 3.32E-05 003.3 140.3 -58.0 0.113659 0.152870 0.034966 hargrave 2021-12-13 12:39:12 
TT 650 068.5 001.5 068.0 007.3 2.93E-05 001.6 141.9 -57.6 0.047940 0.066138 0.030580 hargrave 2021-12-14 10:08:31 
TT 655 068.2 002.5 067.5 008.2 2.75E-05 001.0 142.6 -56.6 0.037273 0.029901 0.030853 hargrave 2021-12-14 19:06:40 
TT 660 068.0 -01.9 067.9 003.8 2.22E-05 001.2 137.4 -60.0 0.035766 0.034084 0.012434 hargrave 2021-12-15 18:48:14 
TT 665 065.2 002.3 064.6 007.6 1.91E-05 004.4 138.0 -55.0 0.095229 0.113593 0.010430 hargrave 2021-12-16 16:32:09 
TT 670 061.2 -00.2 060.9 004.6 1.35E-05 004.6 130.0 -54.3 0.078787 0.076902 0.007268 hargrave 2021-12-17 15:06:22 
TT 673 074.2 001.4 073.7 007.8 9.04E-06 001.5 151.5 -60.5 0.013270 0.019971 0.004777 hargrave 2021-12-19 18:36:44 
TT 675 066.4 008.7 064.9 014.1 5.44E-06 004.8 145.6 -50.4 0.023689 0.039048 0.007853 hargrave 2021-12-20 17:51:25 
TT 679 216.5 035.4 222.6 033.7 8.40E-07 005.8 244.1 045.0 0.005200 0.006078 0.003447 hargrave 2021-12-21 16:11:10 
TT 683 109.9 009.3 109.6 018.2 5.66E-07 007.1 214.8 -49.5 0.002384 0.006972 0.001087 hargrave 2021-12-22 16:12:28 
TT 687 010.1 036.0 004.4 032.7 1.80E-06 004.2 127.4 005.3 0.005352 0.015773 0.001549 hargrave 2021-12-23 14:48:20 
