HF1- 120 sun compass orientation
 114.68 351.8  60.0 207.0   8.0   1.0
NRM    087.8 -15.8 088.6 -08.8 2.49E-04 000.6 202.5 -74.8 0.280733 0.054286 0.069877 hargrave 2021-12-04 18:57:45 
TT 150 088.2 -17.3 089.2 -10.2 2.49E-04 000.4 206.3 -76.0 0.114753 0.151080 0.110114 hargrave 2021-12-06 14:10:51 
TT 300 088.0 -17.2 088.9 -10.2 2.46E-04 000.7 205.2 -76.0 0.300946 0.077325 0.128092 hargrave 2021-12-07 10:20:55 
TT 400 107.6 009.6 107.3 017.5 1.14E-04 002.0 216.1 -43.3 0.238626 0.327325 0.082141 hargrave 2021-12-07 18:55:46 
TT 450 107.5 009.7 107.2 017.6 1.11E-04 001.9 215.9 -43.2 0.227689 0.283857 0.082854 hargrave 2021-12-08 16:29:09 
TT 500 106.6 009.7 106.3 017.5 1.07E-04 001.7 214.9 -43.7 0.187513 0.257924 0.081552 hargrave 2021-12-09 14:49:46 
TT 550 104.4 010.9 104.0 018.7 1.03E-04 000.5 211.5 -43.7 0.043096 0.075640 0.071018 hargrave 2021-12-10 12:05:08 
TT 565 089.3 -17.7 090.2 -10.6 2.13E-04 000.5 210.8 -75.9 0.190240 0.039208 0.106211 hargrave 2021-12-11 18:59:19 
TT 580 088.9 -17.8 089.9 -10.7 2.04E-04 000.6 209.7 -76.2 0.101437 0.220787 0.068477 hargrave 2021-12-12 18:37:19 
TT 600 087.7 -18.5 088.8 -11.5 1.85E-04 000.9 206.5 -77.3 0.285870 0.115479 0.043987 hargrave 2021-12-13 17:05:30 
TT 610 087.1 -19.2 088.2 -12.2 1.79E-04 000.5 205.2 -78.2 0.119493 0.110018 0.044990 hargrave 2021-12-14 13:55:21 
TT 620 085.5 -18.5 086.6 -11.6 1.76E-04 001.1 197.0 -78.0 0.303587 0.189695 0.036333 hargrave 2021-12-15 12:07:29 
TT 630 085.2 -18.8 086.4 -12.0 1.69E-04 000.7 196.4 -78.4 0.156703 0.150221 0.041259 hargrave 2021-12-16 12:23:44 
TT 640 084.7 -18.6 085.9 -11.8 1.59E-04 000.9 193.9 -78.3 0.206488 0.135962 0.054434 hargrave 2021-12-17 10:59:59 
TT 650 089.3 -17.0 090.2 -09.9 1.33E-04 001.2 209.6 -75.3 0.066034 0.282249 0.046084 hargrave 2021-12-17 19:26:42 
TT 655 086.6 -16.9 087.5 -10.0 1.17E-04 001.0 199.5 -76.2 0.093585 0.191370 0.029310 hargrave 2021-12-20 14:00:22 
TT 660 089.7 -13.0 090.3 -05.9 9.82E-05 001.0 204.8 -71.5 0.128353 0.133363 0.035462 hargrave 2021-12-21 12:05:07 
TT 665 087.5 -12.4 088.1 -05.4 6.59E-05 001.3 197.8 -71.6 0.083344 0.129544 0.032335 hargrave 2021-12-22 12:13:25 
TT 670 097.3 -14.2 097.8 -06.7 4.82E-05 001.1 225.6 -68.7 0.077139 0.053766 0.018805 hargrave 2021-12-23 11:16:56 
TT 672 089.3 -19.4 090.4 -12.3 3.82E-05 000.9 214.5 -77.4 0.058399 0.014375 0.012790 hargrave 2021-12-23 17:48:45 
TT 675 098.5 -15.7 099.0 -08.2 1.13E-05 000.7 230.7 -69.1 0.005462 0.012329 0.004254 hargrave 2021-12-24 18:33:17 
TT 678 027.0 -22.6 030.3 -22.4 5.10E-06 001.9 084.9 -40.8 0.011106 0.009467 0.014292 hargrave 2021-12-27 11:22:41 
TT 682 180.8 -03.4 180.5 000.1 4.17E-06 002.1 277.5 006.0 0.013738 0.012933 0.007806 hargrave 2021-12-28 11:01:01 
TT 685 252.4 057.5 259.8 051.5 1.48E-06 007.0 190.6 061.7 0.005111 0.018433 0.010799 hargrave 2021-12-28 18:11:38 
TT 691 346.3 -18.3 348.7 -23.3 1.36E-06 005.9 071.5 -04.5 0.011331 0.014522 0.003557 hargrave 2021-12-30 11:18:31 
