HF1- 60 mag compass orientation (IGRF corrected)
  96.65 336.8  52.0 208.5   9.0   1.0
NRM    086.5 007.8 085.5 015.4 1.01E-04 002.7 206.1 -40.7 0.213328 0.422066 0.078941 hargrave 2021-12-01 11:11:57 
TT 150 088.2 006.0 087.4 013.7 9.91E-05 002.8 209.1 -41.7 0.228530 0.431905 0.060119 hargrave 2021-12-01 18:47:31 
TT 300 089.9 005.8 089.2 013.7 9.51E-05 000.6 211.3 -41.2 0.085486 0.055652 0.050647 hargrave 2021-12-02 15:04:07 
TT 400 088.2 007.3 087.3 015.0 9.10E-05 002.4 208.4 -40.5 0.204252 0.314465 0.086387 hargrave 2021-12-03 13:03:00 
TT 450 089.5 006.4 088.7 014.2 8.83E-05 000.6 210.5 -40.8 0.072869 0.055811 0.049080 hargrave 2021-12-04 14:23:31 
TT 500 091.1 005.7 090.4 013.7 8.67E-05 002.9 212.8 -40.8 0.265476 0.352532 0.044458 hargrave 2021-12-06 10:37:24 
TT 550 092.9 005.3 092.3 013.4 8.13E-05 001.6 215.1 -40.4 0.177739 0.144802 0.041907 hargrave 2021-12-06 18:38:48 
TT 565 092.2 006.0 091.5 014.0 7.85E-05 002.8 213.9 -40.1 0.268723 0.277624 0.043087 hargrave 2021-12-07 14:59:14 
TT 580 093.0 006.0 092.3 014.1 7.65E-05 002.7 214.8 -39.7 0.166589 0.322315 0.041706 hargrave 2021-12-08 12:59:04 
TT 600 092.2 007.9 091.3 015.9 7.16E-05 000.8 212.8 -38.4 0.087597 0.055150 0.039046 hargrave 2021-12-09 10:34:03 
TT 610 093.8 008.8 092.9 017.0 6.71E-05 001.6 214.1 -36.9 0.147957 0.125044 0.035261 hargrave 2021-12-09 19:09:04 
TT 620 091.7 010.1 090.7 018.1 6.62E-05 002.0 211.1 -36.6 0.109110 0.207913 0.035335 hargrave 2021-12-10 17:10:53 
TT 630 094.9 008.4 094.1 016.6 6.63E-05 000.9 215.6 -36.7 0.052316 0.090887 0.043615 hargrave 2021-12-12 14:25:20 
TT 640 091.1 010.0 090.0 018.0 6.48E-05 000.9 210.4 -36.9 0.085953 0.051468 0.036521 hargrave 2021-12-13 12:54:34 
TT 650 092.0 006.9 091.2 014.9 6.19E-05 001.7 213.1 -39.3 0.137097 0.124894 0.033743 hargrave 2021-12-14 10:23:47 
TT 655 089.7 007.7 088.8 015.6 5.94E-05 003.8 210.0 -39.6 0.238143 0.318810 0.030881 hargrave 2021-12-14 19:21:52 
TT 660 089.9 005.8 089.2 013.7 5.71E-05 002.3 211.2 -41.2 0.114217 0.201612 0.027386 hargrave 2021-12-15 19:03:34 
TT 665 090.2 007.9 089.3 015.8 5.26E-05 001.5 210.5 -39.2 0.077493 0.115688 0.026546 hargrave 2021-12-16 16:47:27 
TT 670 085.9 009.7 084.7 017.2 4.30E-05 001.2 204.5 -39.1 0.051641 0.076416 0.022943 hargrave 2021-12-17 15:21:36 
TT 673 085.4 009.4 084.2 016.9 2.96E-05 001.9 204.1 -39.5 0.051728 0.086524 0.019573 hargrave 2021-12-19 18:51:58 
TT 675 087.5 014.8 085.9 022.5 1.97E-05 001.2 204.3 -33.7 0.038008 0.034049 0.018701 hargrave 2021-12-20 18:07:29 
TT 679 086.7 008.4 085.7 016.0 1.14E-05 002.3 206.1 -40.0 0.017577 0.042584 0.007761 hargrave 2021-12-21 16:23:54 
TT 683 093.6 003.8 093.1 011.9 8.33E-06 003.2 216.9 -41.4 0.037571 0.030436 0.005301 hargrave 2021-12-22 16:25:22 
TT 687 011.2 -25.6 015.6 -28.0 2.37E-06 004.1 088.0 -41.9 0.015473 0.008602 0.001252 hargrave 2021-12-23 15:01:26 
