HF1- 103 sun compass orientation
 111.45 336.5  27.0 207.0   8.0   1.0
NRM    060.1 005.9 059.2 010.2 2.86E-05 003.8 173.2 -20.9 0.032860 0.187500 0.024063 hargrave 2021-12-04 18:34:02 
TT 150 059.0 000.4 058.7 004.7 2.87E-05 001.8 171.6 -26.3 0.019142 0.089820 0.021384 hargrave 2021-12-06 13:47:00 
TT 300 059.8 -04.7 060.1 -00.3 2.74E-05 001.3 172.2 -31.5 0.014388 0.056119 0.035212 hargrave 2021-12-07 09:56:52 
TT 400 064.8 -08.4 065.4 -03.5 2.38E-05 013.7 177.9 -35.4 0.019893 0.581064 0.016992 hargrave 2021-12-07 18:31:10 
TT 400 049.8 -07.9 050.6 -04.8 2.45E-05 001.2 160.0 -33.6 0.034589 0.048596 0.022309 hargrave 2021-12-08 09:14:41 
TT 450 053.8 -09.6 054.8 -05.9 2.24E-05 002.5 164.5 -35.8 0.033904 0.091348 0.025037 hargrave 2021-12-08 16:05:20 
TT 500 050.7 -09.5 051.7 -06.2 2.08E-05 003.0 160.8 -35.3 0.048711 0.100618 0.027025 hargrave 2021-12-09 14:25:50 
TT 550 059.7 -28.6 063.0 -24.1 1.99E-05 018.8 169.5 -55.3 0.368328 0.367792 0.452278 hargrave 2021-12-10 11:41:13 
TT 550 049.1 -13.0 050.6 -09.9 1.97E-05 001.3 158.2 -38.5 0.026600 0.040303 0.014793 hargrave 2021-12-10 13:14:27 
TT 565 051.7 -12.7 053.1 -09.3 1.81E-05 001.2 161.4 -38.6 0.032016 0.028686 0.026432 hargrave 2021-12-11 18:34:29 
TT 580 055.7 -10.7 056.8 -06.7 1.74E-05 003.6 166.7 -37.1 0.046094 0.103033 0.017429 hargrave 2021-12-12 18:13:25 
TT 600 048.3 -13.3 049.9 -10.3 1.74E-05 001.6 157.1 -38.7 0.035604 0.040826 0.022545 hargrave 2021-12-13 16:41:32 
TT 610 051.9 -14.5 053.5 -11.0 1.71E-05 001.3 161.3 -40.4 0.031494 0.031749 0.021205 hargrave 2021-12-14 13:31:27 
TT 620 049.4 -09.7 050.5 -06.6 1.67E-05 002.0 159.2 -35.3 0.037806 0.051018 0.019957 hargrave 2021-12-15 11:42:45 
TT 630 051.2 -14.2 052.8 -10.8 1.61E-05 002.0 160.5 -40.0 0.035446 0.049679 0.022015 hargrave 2021-12-16 11:59:42 
TT 640 041.3 -14.6 043.1 -12.5 1.52E-05 002.1 148.2 -38.5 0.031798 0.046271 0.027377 hargrave 2021-12-17 10:35:58 
TT 650 046.2 -16.1 048.2 -13.3 1.52E-05 001.2 153.8 -41.0 0.025351 0.024979 0.022120 hargrave 2021-12-17 19:01:54 
TT 655 048.4 -15.0 050.2 -11.9 1.44E-05 003.6 156.8 -40.3 0.045966 0.078946 0.023139 hargrave 2021-12-20 13:35:34 
TT 660 051.5 -17.8 053.6 -14.3 1.42E-05 005.1 160.1 -43.6 0.068025 0.109254 0.017957 hargrave 2021-12-21 11:44:45 
TT 665 042.9 -18.8 045.4 -16.4 1.27E-05 003.8 148.9 -42.9 0.035795 0.076692 0.025084 hargrave 2021-12-22 11:53:17 
TT 670 044.2 -21.6 047.0 -19.0 1.36E-05 002.8 149.5 -45.9 0.037112 0.052688 0.028600 hargrave 2021-12-23 10:57:09 
TT 672 048.0 -20.0 050.5 -17.0 1.29E-05 002.6 155.0 -45.2 0.032393 0.048091 0.024190 hargrave 2021-12-23 17:28:51 
TT 675 048.7 -22.9 051.5 -19.7 1.21E-05 002.5 155.0 -48.1 0.023084 0.045426 0.027120 hargrave 2021-12-24 18:13:37 
TT 678 042.6 -43.7 049.5 -41.1 5.53E-06 001.5 133.2 -66.3 0.010310 0.009804 0.002271 hargrave 2021-12-27 11:02:41 
TT 682 058.0 -07.1 058.6 -03.0 3.74E-06 002.4 169.8 -33.8 0.008390 0.014421 0.004953 hargrave 2021-12-28 10:41:05 
TT 685 098.5 036.0 096.2 043.5 9.02E-07 001.9 206.0 012.2 0.002715 0.002843 0.001021 hargrave 2021-12-28 17:52:09 
TT 691 053.6 032.6 048.6 035.9 1.46E-06 001.4 169.1 006.2 0.003365 0.002994 0.001460 hargrave 2021-12-30 10:54:53 
