HF1- 6 mag compass orientation (IGRF corrected)
  80.92   1.8  51.0 207.0   8.0   1.0
NRM    067.3 023.9 064.3 028.9 8.48E-05 001.5 155.7 -23.1 0.080569 0.103869 0.178874 hargrave 2021-12-01 09:41:47 
TT 150 064.3 019.8 061.6 024.5 8.46E-05 001.6 151.1 -25.8 0.080315 0.159660 0.165747 hargrave 2021-12-01 17:18:30 
TT 300 062.5 017.5 060.1 022.0 8.32E-05 001.2 148.3 -27.2 0.047142 0.085607 0.163713 hargrave 2021-12-02 13:32:37 
TT 400 061.6 017.0 059.3 021.4 7.88E-05 003.3 147.2 -27.3 0.223616 0.376951 0.132488 hargrave 2021-12-03 11:34:04 
TT 450 062.0 017.2 059.7 021.6 7.45E-05 001.3 147.7 -27.3 0.069364 0.116641 0.120351 hargrave 2021-12-04 12:54:37 
TT 500 059.5 016.2 057.2 020.3 7.16E-05 000.9 144.8 -27.1 0.034484 0.057262 0.106097 hargrave 2021-12-06 09:08:17 
TT 550 058.9 016.5 056.6 020.6 6.72E-05 001.4 144.4 -26.5 0.082632 0.099994 0.104637 hargrave 2021-12-06 17:10:44 
TT 565 058.6 017.4 056.2 021.5 6.59E-05 001.0 144.6 -25.6 0.040232 0.063315 0.099752 hargrave 2021-12-07 13:30:26 
TT 580 057.4 015.5 055.2 019.5 6.31E-05 002.0 142.5 -26.7 0.117860 0.167697 0.091013 hargrave 2021-12-08 11:29:13 
TT 600 058.5 016.8 056.2 020.9 6.03E-05 001.2 144.2 -26.1 0.050300 0.071607 0.098357 hargrave 2021-12-09 09:05:15 
TT 610 061.7 015.6 059.5 020.0 5.73E-05 001.2 146.6 -28.6 0.047199 0.077455 0.090444 hargrave 2021-12-09 17:40:13 
TT 620 059.3 013.5 057.4 017.7 5.69E-05 001.3 143.2 -29.4 0.063151 0.080428 0.095254 hargrave 2021-12-10 15:41:25 
TT 630 059.3 013.6 057.4 017.7 5.43E-05 001.5 143.2 -29.3 0.067639 0.112553 0.066434 hargrave 2021-12-12 12:56:35 
TT 640 062.7 013.5 060.9 018.1 5.34E-05 003.8 146.6 -30.9 0.191118 0.291089 0.072945 hargrave 2021-12-13 11:23:10 
TT 650 062.4 012.9 060.6 017.4 4.89E-05 002.4 145.9 -31.3 0.125584 0.160802 0.069387 hargrave 2021-12-14 08:55:49 
TT 655 057.1 010.6 055.6 014.6 4.92E-05 000.9 139.4 -30.8 0.061984 0.060515 0.061771 hargrave 2021-12-14 17:53:57 
TT 660 061.8 011.5 060.2 016.0 4.72E-05 001.3 144.6 -32.3 0.062966 0.077086 0.063098 hargrave 2021-12-15 17:35:27 
TT 665 064.1 013.4 062.3 018.1 4.65E-05 003.1 147.9 -31.6 0.138249 0.205359 0.051497 hargrave 2021-12-16 15:18:28 
TT 670 061.5 011.1 060.0 015.6 4.33E-05 001.4 144.1 -32.5 0.053224 0.068845 0.080139 hargrave 2021-12-17 13:54:17 
TT 673 061.8 008.1 060.6 012.6 3.92E-05 001.9 142.7 -35.3 0.068214 0.052661 0.110190 hargrave 2021-12-19 17:24:51 
TT 675 060.6 010.2 059.1 014.5 3.39E-05 002.3 142.6 -32.9 0.071523 0.056690 0.106597 hargrave 2021-12-20 16:39:27 
TT 679 067.4 018.2 065.0 023.3 1.69E-05 002.7 153.5 -28.4 0.054677 0.031247 0.053339 hargrave 2021-12-21 15:11:14 
TT 683 088.7 014.2 087.5 021.2 8.38E-06 002.7 176.3 -36.7 0.027179 0.017630 0.024967 hargrave 2021-12-22 15:12:55 
TT 687 049.3 037.6 043.2 040.3 2.82E-06 003.1 147.6 -04.0 0.014350 0.005036 0.009886 hargrave 2021-12-23 13:48:31 
