HF1- 22 mag compass orientation (IGRF corrected)
   86.1 351.8  44.0 207.0   8.0   1.0
NRM    053.2 011.0 051.6 014.4 6.33E-05 002.5 148.0 -27.5 0.118632 0.248949 0.054112 hargrave 2021-12-01 10:06:56 
TT 150 055.3 006.9 054.2 010.6 6.25E-05 003.8 148.5 -32.1 0.219737 0.347633 0.044497 hargrave 2021-12-01 17:42:47 
TT 300 054.3 004.6 053.5 008.3 5.91E-05 000.7 146.4 -33.8 0.025000 0.057706 0.045882 hargrave 2021-12-02 13:56:54 
TT 400 053.7 003.0 053.1 006.6 5.43E-05 003.9 144.9 -35.0 0.211493 0.302291 0.042661 hargrave 2021-12-03 11:58:32 
TT 450 054.2 002.7 053.6 006.3 5.04E-05 006.2 145.3 -35.5 0.308611 0.451099 0.039032 hargrave 2021-12-04 13:19:04 
TT 500 051.3 002.4 050.8 005.7 4.80E-05 004.2 142.0 -34.6 0.209749 0.285797 0.036259 hargrave 2021-12-06 09:32:46 
TT 550 054.5 002.2 054.0 005.9 4.39E-05 000.9 145.5 -36.1 0.052329 0.045898 0.032432 hargrave 2021-12-06 17:35:05 
TT 565 051.6 002.3 051.1 005.6 4.27E-05 001.8 142.2 -34.8 0.072929 0.116213 0.031117 hargrave 2021-12-07 13:54:57 
TT 580 051.2 001.2 050.8 004.5 4.03E-05 002.5 141.2 -35.6 0.098580 0.142878 0.029234 hargrave 2021-12-08 11:54:30 
TT 600 052.8 000.7 052.5 004.2 3.82E-05 002.8 142.8 -36.8 0.091731 0.161039 0.031446 hargrave 2021-12-09 09:29:37 
TT 610 053.8 001.1 053.4 004.7 3.81E-05 001.0 144.1 -36.8 0.046798 0.033754 0.034339 hargrave 2021-12-09 18:04:38 
TT 620 051.3 001.5 050.9 004.8 3.64E-05 007.4 141.5 -35.4 0.283171 0.380832 0.029038 hargrave 2021-12-10 16:06:17 
TT 630 051.2 002.5 050.7 005.7 3.59E-05 002.4 141.9 -34.5 0.075822 0.126832 0.033034 hargrave 2021-12-12 13:21:49 
TT 640 051.5 000.4 051.2 003.7 3.31E-05 004.7 141.1 -36.5 0.150465 0.231814 0.024057 hargrave 2021-12-13 11:49:11 
TT 650 050.4 -01.5 050.4 001.7 2.90E-05 003.3 138.9 -37.7 0.108078 0.126922 0.021366 hargrave 2021-12-14 09:20:16 
TT 655 052.7 -02.7 052.8 000.8 2.74E-05 006.1 140.8 -39.8 0.181941 0.228710 0.017970 hargrave 2021-12-14 18:18:20 
TT 660 048.5 -02.9 048.7 000.1 2.24E-05 002.9 135.9 -38.0 0.082623 0.081316 0.013636 hargrave 2021-12-15 17:59:57 
TT 665 033.7 -02.4 034.0 -01.5 1.42E-05 007.3 121.2 -29.6 0.044570 0.023074 0.209211 hargrave 2021-12-16 15:43:38 
TT 670 047.3 -01.5 047.3 001.3 9.82E-06 003.4 135.4 -36.2 0.037122 0.047481 0.006209 hargrave 2021-12-17 14:17:58 
TT 673 039.6 -19.8 042.3 -17.8 6.81E-06 003.6 112.9 -46.7 0.037804 0.020030 0.005615 hargrave 2021-12-19 17:48:25 
TT 675 047.5 023.0 044.0 025.6 3.77E-06 003.9 147.6 -14.3 0.010365 0.025700 0.003323 hargrave 2021-12-20 17:03:00 
TT 679 211.0 -06.0 210.2 -06.5 1.55E-06 003.1 304.3 021.2 0.008677 0.002942 0.003682 hargrave 2021-12-21 15:30:49 
TT 683 141.7 007.3 142.3 014.6 3.23E-06 003.0 242.5 -14.7 0.013849 0.011469 0.002789 hargrave 2021-12-22 15:32:26 
TT 687 342.6 -04.9 343.4 -10.5 3.13E-06 003.5 080.0 002.8 0.018604 0.007419 0.001685 hargrave 2021-12-23 14:08:05 
