HF1- 67 mag compass orientation (IGRF corrected)
  98.37  19.8  51.0 208.5   9.0   1.0
NRM    043.3 013.1 041.1 015.2 4.12E-05 005.1 115.2 -09.2 0.315990 0.173438 0.095628 hargrave 2021-12-04 17:45:05 
TT 150 041.4 007.1 040.2 009.0 4.08E-05 002.9 109.5 -11.9 0.172905 0.088143 0.086421 hargrave 2021-12-06 12:58:45 
TT 300 046.2 010.9 044.3 013.5 1.98E-05 057.5 115.6 -12.7 0.893321 1.863188 0.467267 hargrave 2021-12-07 09:08:05 
TT 300 042.2 006.7 041.0 008.7 3.98E-05 001.0 109.7 -12.7 0.033361 0.071227 0.044749 hargrave 2021-12-07 10:53:07 
TT 400 042.9 007.9 041.5 010.0 3.79E-05 006.4 111.1 -12.5 0.387067 0.174072 0.040887 hargrave 2021-12-07 17:39:25 
TT 450 040.3 005.9 039.2 007.7 3.66E-05 004.7 107.8 -11.9 0.282195 0.115702 0.040026 hargrave 2021-12-08 15:17:02 
TT 500 039.1 005.5 038.1 007.1 3.57E-05 004.1 106.7 -11.3 0.236866 0.102903 0.035511 hargrave 2021-12-09 13:36:12 
TT 550 038.0 004.1 037.2 005.5 3.32E-05 004.1 104.9 -11.4 0.221507 0.091051 0.036878 hargrave 2021-12-10 10:51:40 
TT 565 037.8 004.9 036.9 006.3 3.19E-05 004.1 105.4 -10.7 0.211384 0.093446 0.039101 hargrave 2021-12-11 17:45:10 
TT 580 037.2 001.6 036.8 002.9 3.06E-05 007.5 102.4 -12.4 0.387481 0.111079 0.040393 hargrave 2021-12-12 17:24:39 
TT 600 036.5 001.3 036.2 002.5 3.09E-05 005.7 101.7 -12.1 0.295075 0.085442 0.035532 hargrave 2021-12-13 15:52:53 
TT 610 037.0 000.9 036.8 002.2 2.83E-05 003.2 101.7 -12.7 0.148521 0.066988 0.033987 hargrave 2021-12-14 12:43:55 
TT 620 037.3 004.1 036.6 005.4 2.80E-05 001.7 104.4 -10.8 0.057240 0.062400 0.052038 hargrave 2021-12-15 10:53:54 
TT 630 030.7 -05.3 031.5 -04.9 2.59E-05 001.6 092.7 -11.8 0.063702 0.045085 0.026346 hargrave 2021-12-16 11:11:57 
TT 640 034.7 -01.5 034.9 -00.5 2.53E-05 003.8 098.3 -12.5 0.160045 0.077705 0.033397 hargrave 2021-12-17 09:48:05 
TT 650 026.4 -05.3 027.3 -05.6 2.31E-05 001.7 090.0 -08.5 0.064851 0.042521 0.023321 hargrave 2021-12-17 18:13:19 
TT 655 030.4 -04.1 031.0 -03.8 2.20E-05 003.6 093.5 -10.8 0.135370 0.042711 0.024750 hargrave 2021-12-20 12:45:22 
TT 660 036.8 004.3 036.0 005.5 1.08E-05 048.6 104.2 -10.3 0.280788 1.102391 0.206127 hargrave 2021-12-21 11:05:14 
TT 660 034.1 002.7 033.6 003.5 2.18E-05 002.0 101.2 -09.3 0.067603 0.072419 0.025269 hargrave 2021-12-21 13:02:53 
TT 665 024.0 002.1 023.7 001.4 1.97E-05 008.7 094.3 -01.9 0.296276 0.086982 0.021084 hargrave 2021-12-22 11:11:59 
TT 670 031.5 003.2 031.0 003.6 1.69E-05 006.7 099.9 -07.0 0.193089 0.047358 0.028167 hargrave 2021-12-23 10:17:01 
TT 672 029.3 -03.0 029.8 -02.8 1.58E-05 006.0 093.7 -09.3 0.165018 0.017674 0.017017 hargrave 2021-12-23 16:49:08 
TT 675 031.6 008.8 030.2 009.2 1.53E-05 004.7 104.3 -03.5 0.124807 0.021828 0.025867 hargrave 2021-12-24 17:34:31 
TT 678 025.8 011.1 024.1 010.5 9.16E-06 002.8 102.4 002.4 0.040327 0.025693 0.011106 hargrave 2021-12-27 10:23:22 
TT 682 304.2 009.6 304.1 000.6 3.73E-06 002.3 027.5 057.9 0.005405 0.013444 0.005706 hargrave 2021-12-28 10:01:34 
TT 685 353.6 -13.6 355.8 -18.6 4.96E-07 061.0 062.6 010.7 0.023973 0.045960 0.010094 hargrave 2021-12-28 17:13:29 
TT 685 350.2 -16.1 352.7 -21.5 1.01E-06 001.5 058.4 011.2 0.001119 0.002633 0.001281 hargrave 2021-12-29 10:39:38 
TT 691 256.8 003.3 256.8 -03.4 2.96E-06 002.9 311.5 043.4 0.011110 0.009239 0.004678 hargrave 2021-12-30 10:07:37 
