HF1- 0 mag compass orientation (IGRF corrected)
   80.6 338.8  78.0 207.0   8.0   1.0
NRM    043.0 -06.5 043.8 -04.3 8.59E-05 001.0 099.8 -64.0 0.137998 0.056908 0.026898 hargrave 2021-12-01 09:33:01 
TT 150 043.9 -06.6 044.6 -04.2 8.58E-05 000.9 100.2 -64.8 0.114367 0.058067 0.027360 hargrave 2021-12-01 17:08:50 
TT 300 043.1 -09.9 044.3 -07.6 8.57E-05 002.2 092.1 -64.7 0.319105 0.070153 0.024320 hargrave 2021-12-02 13:23:54 
TT 400 041.0 -10.6 042.3 -08.6 8.25E-05 001.0 090.0 -62.7 0.124404 0.075429 0.026425 hargrave 2021-12-03 11:24:28 
TT 450 038.5 -12.3 040.1 -10.6 7.75E-05 000.8 086.2 -60.4 0.079432 0.073908 0.026737 hargrave 2021-12-04 12:45:49 
TT 500 036.7 -15.6 038.7 -14.1 7.37E-05 001.8 079.6 -58.6 0.215245 0.079625 0.029927 hargrave 2021-12-06 08:59:29 
TT 550 035.1 -15.7 037.2 -14.5 6.83E-05 000.8 079.5 -57.1 0.053017 0.071128 0.028399 hargrave 2021-12-06 17:02:00 
TT 565 033.3 -15.4 035.4 -14.4 6.62E-05 001.0 080.2 -55.4 0.096849 0.066699 0.027075 hargrave 2021-12-07 13:20:52 
TT 580 033.6 -15.6 035.8 -14.6 6.44E-05 000.9 079.8 -55.7 0.069141 0.063681 0.029284 hargrave 2021-12-08 11:19:34 
TT 600 031.6 -16.0 033.8 -15.2 6.36E-05 001.9 079.2 -53.7 0.194722 0.080399 0.026885 hargrave 2021-12-09 08:55:40 
TT 610 033.4 -14.6 035.4 -13.5 6.08E-05 001.3 081.7 -55.5 0.116206 0.066762 0.025525 hargrave 2021-12-09 17:31:28 
TT 620 032.2 -13.2 034.0 -12.3 6.03E-05 000.7 084.1 -54.3 0.041620 0.060836 0.024814 hargrave 2021-12-10 15:32:34 
TT 630 033.7 -12.7 035.4 -11.6 5.92E-05 001.0 085.0 -55.7 0.070056 0.065521 0.026489 hargrave 2021-12-12 12:47:48 
TT 640 032.2 -14.7 034.2 -13.9 5.98E-05 002.1 081.4 -54.3 0.210558 0.067845 0.028087 hargrave 2021-12-13 11:14:25 
TT 650 032.0 -15.0 034.0 -14.1 5.73E-05 002.3 081.0 -54.1 0.218492 0.064844 0.024866 hargrave 2021-12-14 08:47:03 
TT 655 029.9 -15.1 032.0 -14.5 5.49E-05 002.3 080.8 -52.1 0.207875 0.068319 0.024765 hargrave 2021-12-14 17:45:13 
TT 660 030.8 -14.1 032.8 -13.4 5.35E-05 000.9 082.5 -53.0 0.045987 0.067915 0.023010 hargrave 2021-12-15 17:26:39 
TT 665 027.5 -12.7 029.3 -12.5 5.05E-05 000.8 084.4 -49.7 0.042487 0.056362 0.024173 hargrave 2021-12-16 15:08:40 
TT 670 028.8 -12.8 030.6 -12.4 4.63E-05 005.7 084.4 -51.0 0.454905 0.074607 0.020572 hargrave 2021-12-17 13:45:33 
TT 673 030.6 -10.2 032.0 -09.6 4.01E-05 001.5 088.9 -52.5 0.089847 0.052345 0.016458 hargrave 2021-12-19 17:15:19 
TT 675 028.1 -10.4 029.6 -10.1 3.80E-05 001.0 088.1 -50.1 0.051358 0.044926 0.017667 hargrave 2021-12-20 16:29:52 
TT 679 025.4 -11.2 027.0 -11.3 3.25E-05 001.3 086.4 -47.5 0.051093 0.072299 0.013878 hargrave 2021-12-21 15:03:27 
TT 683 026.4 -07.0 027.4 -07.0 2.13E-05 001.6 092.9 -47.9 0.054647 0.022618 0.010775 hargrave 2021-12-22 15:05:47 
TT 687 021.1 -01.8 021.4 -02.6 1.87E-05 001.3 098.4 -41.6 0.037151 0.020081 0.010695 hargrave 2021-12-23 13:41:30 
