HF1- 31 mag compass orientation (IGRF corrected)
  88.82 339.8  64.0 207.0   8.0   1.0
NRM    107.0 -01.8 107.0 006.1 8.17E-05 001.7 242.0 -46.8 0.231125 0.061108 0.068100 hargrave 2021-12-01 10:20:31 
TT 150 107.6 -03.5 107.6 004.4 8.21E-05 003.3 244.6 -47.4 0.451370 0.132705 0.075889 hargrave 2021-12-01 17:56:20 
TT 300 106.8 -05.0 106.8 002.9 7.95E-05 001.6 245.7 -48.9 0.134731 0.152273 0.108186 hargrave 2021-12-02 14:12:03 
TT 400 106.0 -05.2 106.0 002.6 7.50E-05 003.4 245.3 -49.7 0.428920 0.101636 0.091808 hargrave 2021-12-03 12:12:10 
TT 450 106.5 -05.8 106.5 002.0 7.02E-05 002.6 246.5 -49.6 0.302093 0.063246 0.078908 hargrave 2021-12-04 13:32:44 
TT 500 105.1 -05.1 105.2 002.7 6.65E-05 002.5 244.4 -50.3 0.276957 0.060307 0.076483 hargrave 2021-12-06 09:46:28 
TT 550 104.8 -05.2 104.9 002.6 6.07E-05 002.6 244.2 -50.6 0.263693 0.057269 0.076188 hargrave 2021-12-06 17:48:39 
TT 565 104.8 -05.6 104.8 002.2 5.91E-05 001.3 244.7 -50.9 0.112790 0.032409 0.065593 hargrave 2021-12-07 14:08:32 
TT 580 105.9 -06.9 106.0 000.9 5.86E-05 001.3 247.4 -50.7 0.098128 0.061018 0.071969 hargrave 2021-12-08 12:08:10 
TT 600 104.0 -05.9 104.0 001.9 5.57E-05 003.5 244.3 -51.7 0.326793 0.075081 0.074479 hargrave 2021-12-09 09:43:15 
TT 610 104.7 -05.7 104.8 002.1 5.41E-05 001.7 244.8 -51.0 0.148493 0.030626 0.069464 hargrave 2021-12-09 18:18:19 
TT 620 103.6 -07.0 103.7 000.8 5.28E-05 001.5 245.5 -52.6 0.078660 0.096380 0.062770 hargrave 2021-12-10 16:20:07 
TT 630 106.0 -08.0 106.1 -00.2 5.19E-05 001.5 249.0 -51.2 0.108758 0.042379 0.065277 hargrave 2021-12-12 13:35:26 
TT 640 101.9 -05.3 101.9 002.4 4.91E-05 001.6 241.5 -53.0 0.120284 0.026807 0.060860 hargrave 2021-12-13 12:02:49 
TT 650 102.8 -07.4 102.9 000.4 4.74E-05 002.6 245.2 -53.5 0.204149 0.036961 0.060010 hargrave 2021-12-14 09:33:53 
TT 655 104.0 -09.9 104.2 -02.1 4.55E-05 003.2 249.9 -53.9 0.247639 0.025977 0.060403 hargrave 2021-12-14 18:31:57 
TT 660 103.7 -06.7 103.8 001.1 4.47E-05 002.0 245.1 -52.4 0.148109 0.035647 0.056441 hargrave 2021-12-15 18:13:36 
TT 665 100.8 -05.3 100.9 002.4 4.06E-05 004.4 240.4 -53.8 0.292980 0.097044 0.055673 hargrave 2021-12-16 15:57:16 
TT 670 103.5 -05.8 103.6 002.0 3.74E-05 001.3 243.8 -52.0 0.067289 0.046447 0.039103 hargrave 2021-12-17 14:31:42 
TT 673 102.8 -02.7 102.7 005.1 3.37E-05 002.6 239.1 -50.7 0.140827 0.057412 0.038477 hargrave 2021-12-19 18:02:00 
TT 675 103.0 -03.6 103.0 004.1 2.94E-05 002.0 240.5 -51.1 0.090473 0.043033 0.035993 hargrave 2021-12-20 17:16:37 
TT 679 102.8 -08.9 102.9 -01.2 2.54E-05 000.5 247.4 -54.4 0.018297 0.002081 0.017299 hargrave 2021-12-21 16:43:57 
TT 683 102.3 -13.1 102.6 -05.3 1.92E-05 002.4 253.3 -56.9 0.062693 0.049875 0.016706 hargrave 2021-12-22 15:43:38 
TT 687 097.2 -10.2 097.5 -02.6 1.92E-05 001.6 243.7 -59.6 0.044386 0.026666 0.018088 hargrave 2021-12-23 14:19:19 
