HF1- 28 mag compass orientation (IGRF corrected)
     88 308.8  22.0 207.0   8.0   1.0
NRM    098.2 030.4 096.3 037.9 7.14E-05 005.1 231.2 017.7 0.488553 0.407710 0.093843 hargrave 2021-12-01 10:15:49 
TT 150 099.0 026.1 097.5 033.7 6.74E-05 001.3 233.4 013.9 0.065170 0.102365 0.105774 hargrave 2021-12-01 17:51:39 
TT 300 093.1 025.3 091.2 032.6 6.10E-05 001.6 228.5 011.5 0.068482 0.113825 0.107944 hargrave 2021-12-02 14:06:34 
TT 400 098.3 022.8 097.0 030.3 5.54E-05 004.1 233.9 010.6 0.322162 0.220871 0.078670 hargrave 2021-12-03 12:07:27 
TT 450 094.8 023.6 093.2 030.9 5.22E-05 004.0 230.6 010.3 0.276330 0.233569 0.092650 hargrave 2021-12-04 13:28:01 
TT 500 091.9 024.3 090.1 031.5 4.83E-05 005.9 227.8 010.2 0.374877 0.331128 0.078829 hargrave 2021-12-06 09:41:43 
TT 550 096.9 022.3 095.5 029.8 4.50E-05 002.0 232.8 009.7 0.118048 0.103492 0.041092 hargrave 2021-12-06 17:43:58 
TT 565 091.9 025.4 089.9 032.6 4.37E-05 001.1 227.4 011.2 0.056850 0.056102 0.062662 hargrave 2021-12-07 14:03:51 
TT 580 090.2 025.9 088.1 032.9 4.26E-05 001.7 225.8 011.2 0.096108 0.083236 0.063047 hargrave 2021-12-08 12:03:26 
TT 600 093.8 024.6 092.0 031.9 4.10E-05 002.2 229.3 011.0 0.099731 0.111017 0.059045 hargrave 2021-12-09 09:38:32 
TT 610 094.3 021.0 092.8 028.3 4.08E-05 001.4 230.9 007.7 0.065485 0.056895 0.062070 hargrave 2021-12-09 18:13:35 
TT 620 098.8 020.4 097.7 028.0 3.84E-05 003.6 235.2 008.5 0.194564 0.138887 0.054785 hargrave 2021-12-10 16:15:20 
TT 630 087.9 022.1 086.0 029.0 3.78E-05 002.3 224.9 007.0 0.107809 0.100541 0.044059 hargrave 2021-12-12 13:30:44 
TT 640 094.7 021.8 093.2 029.2 3.67E-05 001.1 231.0 008.6 0.051590 0.034427 0.037919 hargrave 2021-12-13 11:58:06 
TT 650 095.9 022.7 094.4 030.1 3.26E-05 004.4 231.8 009.8 0.206286 0.143455 0.032396 hargrave 2021-12-14 09:29:10 
TT 655 094.6 024.3 093.0 031.6 3.21E-05 002.7 230.2 010.9 0.126875 0.082937 0.029001 hargrave 2021-12-14 18:27:14 
TT 660 094.1 020.1 092.6 027.4 2.80E-05 005.5 231.0 006.8 0.220130 0.157302 0.029237 hargrave 2021-12-15 18:08:50 
TT 665 088.1 025.5 085.9 032.4 2.41E-05 002.5 224.1 010.3 0.076333 0.078795 0.024489 hargrave 2021-12-16 15:52:32 
TT 670 092.0 017.6 090.6 024.8 2.05E-05 001.6 229.9 003.8 0.061701 0.053529 0.022735 hargrave 2021-12-17 14:26:56 
TT 673 093.1 013.7 092.1 021.0 1.37E-05 003.3 232.1 000.4 0.066636 0.047610 0.014466 hargrave 2021-12-19 17:57:18 
TT 675 102.5 015.7 101.8 023.4 9.21E-06 003.2 240.1 005.2 0.046562 0.026571 0.009051 hargrave 2021-12-20 17:11:55 
TT 679 119.1 -19.1 119.1 -11.1 3.34E-06 001.8 268.5 -21.3 0.009368 0.005314 0.003859 hargrave 2021-12-21 15:38:00 
TT 683 076.7 007.4 075.7 013.5 2.63E-06 001.2 218.2 -10.0 0.004240 0.005174 0.003947 hargrave 2021-12-22 15:39:44 
TT 687 340.2 016.7 338.9 010.8 4.17E-06 001.7 124.9 004.6 0.015626 0.006603 0.005184 hargrave 2021-12-23 14:15:25 
