HF1- 90 mag compass orientation (IGRF corrected)
 104.85 336.8  47.0 207.0   8.0   1.0
NRM    285.9 021.6 286.3 013.8 6.83E-05 002.2 069.2 051.2 0.240480 0.120363 0.032547 hargrave 2021-12-04 18:17:31 
TT 150 285.3 016.9 285.7 009.0 6.87E-05 001.4 063.4 048.2 0.157720 0.060988 0.045568 hargrave 2021-12-06 13:30:23 
TT 300 282.9 011.9 283.1 004.2 7.14E-05 001.0 056.0 046.0 0.124704 0.052654 0.053959 hargrave 2021-12-07 09:40:09 
TT 400 282.7 010.7 283.0 002.9 7.34E-05 001.3 054.8 045.1 0.136604 0.088618 0.049548 hargrave 2021-12-07 18:12:48 
TT 450 280.5 009.6 280.7 001.9 7.36E-05 002.9 051.3 045.5 0.300415 0.222466 0.047360 hargrave 2021-12-08 15:48:42 
TT 500 281.4 010.2 281.6 002.5 7.40E-05 002.9 052.8 045.5 0.312762 0.205301 0.059953 hargrave 2021-12-09 14:08:13 
TT 550 280.5 008.3 280.7 000.7 7.30E-05 000.9 050.3 044.5 0.090495 0.069476 0.051212 hargrave 2021-12-10 11:23:41 
TT 565 282.7 008.3 282.8 000.5 7.04E-05 001.5 052.7 043.2 0.144513 0.121231 0.057032 hargrave 2021-12-11 18:17:00 
TT 580 280.4 005.6 280.5 -02.0 6.87E-05 001.0 048.2 042.3 0.097273 0.064294 0.058586 hargrave 2021-12-12 17:56:39 
TT 600 283.6 005.7 283.6 -02.1 6.46E-05 001.2 051.7 040.6 0.114726 0.058918 0.060364 hargrave 2021-12-13 16:24:49 
TT 610 279.2 003.9 279.2 -03.7 6.00E-05 005.0 045.5 041.5 0.381612 0.362464 0.050586 hargrave 2021-12-14 13:14:48 
TT 620 282.3 004.9 282.4 -02.9 6.15E-05 001.4 049.7 040.6 0.124928 0.093950 0.039377 hargrave 2021-12-15 11:25:50 
TT 630 278.8 002.4 278.7 -05.2 6.06E-05 002.3 044.0 040.4 0.163731 0.181147 0.038418 hargrave 2021-12-16 11:42:57 
TT 640 282.7 002.0 282.7 -05.7 6.19E-05 006.8 048.1 038.0 0.550759 0.498558 0.053776 hargrave 2021-12-17 10:19:13 
TT 650 280.3 002.1 280.2 -05.6 5.40E-05 002.9 045.5 039.4 0.199843 0.188471 0.042101 hargrave 2021-12-17 18:45:14 
TT 655 276.2 001.9 276.1 -05.6 5.23E-05 002.3 040.7 041.3 0.144903 0.151438 0.043948 hargrave 2021-12-20 13:18:02 
TT 660 280.0 002.8 280.0 -04.9 4.69E-05 001.3 045.7 040.1 0.099056 0.049809 0.033696 hargrave 2021-12-21 11:31:09 
TT 665 278.1 008.8 278.3 001.2 3.47E-05 003.4 047.8 046.2 0.050348 0.264221 0.037731 hargrave 2021-12-22 11:38:36 
TT 670 274.8 006.8 274.9 -00.6 2.94E-05 002.6 042.3 046.2 0.094640 0.095199 0.031309 hargrave 2021-12-23 10:42:31 
TT 672 280.4 012.1 280.7 004.4 2.30E-05 001.4 053.3 047.6 0.022244 0.051599 0.021596 hargrave 2021-12-23 17:15:11 
TT 675 266.9 025.2 268.4 018.2 1.16E-05 002.1 049.2 065.8 0.040638 0.008106 0.008239 hargrave 2021-12-24 17:59:56 
TT 678 265.8 033.2 268.0 026.2 9.54E-06 001.4 062.8 072.2 0.021217 0.008730 0.003325 hargrave 2021-12-27 10:48:57 
TT 682 105.8 046.9 103.7 054.7 4.39E-06 005.0 205.6 006.3 0.016813 0.035161 0.002188 hargrave 2021-12-28 10:27:19 
TT 685 304.4 -28.4 305.1 -36.3 6.82E-06 001.9 048.0 001.2 0.017853 0.015478 0.005506 hargrave 2021-12-28 17:38:32 
TT 691 040.2 -50.7 049.2 -48.2 4.95E-06 001.0 057.7 -70.4 0.004341 0.009183 0.006703 hargrave 2021-12-30 10:38:21 
