HF1- 57 mag compass orientation (IGRF corrected)
   96.1  25.8  45.0 207.0   8.0   1.0
NRM    105.8 017.1 105.2 025.0 1.13E-04 000.8 169.3 -27.2 0.070339 0.106842 0.106777 hargrave 2021-12-01 11:06:43 
TT 150 104.6 014.6 104.0 022.4 1.11E-04 001.0 167.5 -29.5 0.075583 0.155973 0.093221 hargrave 2021-12-01 18:42:19 
TT 300 103.8 013.2 103.3 021.0 1.05E-04 003.1 166.4 -30.8 0.186827 0.542911 0.094095 hargrave 2021-12-02 14:58:54 
TT 400 103.6 012.2 103.0 020.0 1.00E-04 000.7 165.9 -31.7 0.077525 0.090115 0.066473 hargrave 2021-12-03 12:57:46 
TT 450 105.1 012.8 104.6 020.6 9.61E-05 000.9 167.8 -31.4 0.065064 0.136784 0.076547 hargrave 2021-12-04 14:18:18 
TT 500 104.3 012.3 103.8 020.1 9.34E-05 001.6 166.8 -31.8 0.098054 0.237033 0.070310 hargrave 2021-12-06 10:32:05 
TT 550 107.2 011.3 106.8 019.1 8.65E-05 000.7 169.9 -33.2 0.052633 0.089017 0.059996 hargrave 2021-12-06 18:33:37 
TT 565 104.3 011.0 103.8 018.8 8.45E-05 000.8 166.5 -33.0 0.057735 0.096921 0.067172 hargrave 2021-12-07 14:53:59 
TT 580 107.5 011.7 107.1 019.6 8.16E-05 003.2 170.3 -32.8 0.098831 0.441548 0.067536 hargrave 2021-12-08 12:53:49 
TT 600 102.9 011.1 102.4 018.8 7.66E-05 002.1 164.9 -32.7 0.094843 0.256347 0.058185 hargrave 2021-12-09 10:28:49 
TT 610 109.6 013.6 109.3 021.6 7.34E-05 000.9 173.0 -31.1 0.053551 0.085722 0.066843 hargrave 2021-12-09 19:03:49 
TT 620 105.1 013.1 104.6 020.9 7.13E-05 001.2 167.8 -31.1 0.050547 0.135226 0.055986 hargrave 2021-12-10 17:05:34 
TT 630 108.0 012.0 107.6 019.9 6.98E-05 000.9 170.9 -32.6 0.049290 0.093967 0.059766 hargrave 2021-12-12 14:20:06 
TT 640 107.1 012.1 106.7 019.9 6.80E-05 000.9 169.9 -32.4 0.053958 0.092003 0.043734 hargrave 2021-12-13 12:49:17 
TT 650 106.8 013.3 106.4 021.2 6.19E-05 000.9 169.8 -31.1 0.049363 0.080496 0.055441 hargrave 2021-12-14 10:18:32 
TT 655 105.7 012.3 105.2 020.1 6.09E-05 000.8 168.3 -32.0 0.045929 0.066749 0.053509 hargrave 2021-12-14 19:16:38 
TT 660 106.8 013.2 106.3 021.1 5.10E-05 001.0 169.7 -31.2 0.043562 0.078154 0.045301 hargrave 2021-12-15 18:58:13 
TT 665 113.6 015.8 113.4 023.8 4.74E-05 000.9 177.6 -29.2 0.035603 0.055126 0.050553 hargrave 2021-12-16 16:42:12 
TT 670 110.6 013.0 110.3 021.0 3.91E-05 001.1 174.0 -31.8 0.041923 0.067288 0.029797 hargrave 2021-12-17 15:16:22 
TT 673 105.5 012.8 105.0 020.7 3.35E-05 002.7 168.2 -31.4 0.049434 0.151635 0.023533 hargrave 2021-12-19 18:46:45 
TT 675 118.0 015.1 118.1 023.1 2.23E-05 002.5 182.5 -29.9 0.011083 0.093804 0.019195 hargrave 2021-12-20 18:01:26 
TT 679 115.1 023.6 114.9 031.6 1.22E-05 001.7 179.3 -21.4 0.018103 0.030549 0.015456 hargrave 2021-12-21 16:19:32 
TT 683 143.1 -05.9 143.0 001.3 5.21E-06 001.2 219.6 -44.2 0.007765 0.008970 0.002318 hargrave 2021-12-22 16:20:59 
TT 687 049.2 -37.1 054.4 -33.8 2.96E-06 002.8 074.5 -40.6 0.013654 0.004982 0.003233 hargrave 2021-12-23 14:56:58 
