HF1- 97 mag compass orientation (IGRF corrected)
 108.48 284.8  84.0 207.0   8.0   1.0
NRM    065.7 -03.8 065.8 001.2 1.01E-04 000.5 270.0 -39.3 0.084950 0.056381 0.058719 hargrave 2021-12-04 18:25:09 
TT 150 065.5 -02.6 065.6 002.4 1.00E-04 000.7 268.4 -39.3 0.111478 0.051068 0.070916 hargrave 2021-12-06 13:38:02 
TT 300 065.2 -07.0 065.7 -02.0 9.60E-05 000.7 274.1 -39.9 0.087999 0.093373 0.049287 hargrave 2021-12-07 09:47:50 
TT 400 063.5 -01.9 063.4 002.9 8.98E-05 000.9 267.2 -41.3 0.129071 0.067721 0.053067 hargrave 2021-12-07 18:21:17 
TT 450 063.4 -02.2 063.4 002.5 8.48E-05 001.7 267.7 -41.4 0.251395 0.059884 0.051851 hargrave 2021-12-08 15:56:21 
TT 500 062.5 -00.4 062.3 004.2 7.86E-05 003.6 265.1 -42.1 0.493720 0.064017 0.044318 hargrave 2021-12-09 14:16:49 
TT 550 058.1 -19.6 060.2 -15.3 6.93E-05 022.8 292.0 -45.8 2.713117 1.053548 0.046948 hargrave 2021-12-10 11:31:22 
TT 550 060.7 007.7 059.5 012.1 7.42E-05 000.5 253.9 -42.2 0.061915 0.026899 0.037408 hargrave 2021-12-10 13:09:47 
TT 565 062.2 001.4 061.8 006.0 7.06E-05 002.5 262.7 -42.1 0.302767 0.081302 0.041132 hargrave 2021-12-11 18:25:29 
TT 580 061.9 000.3 061.6 004.9 7.01E-05 002.0 264.0 -42.6 0.243705 0.044689 0.041440 hargrave 2021-12-12 18:04:23 
TT 600 059.8 000.9 059.4 005.2 6.61E-05 000.5 262.8 -44.6 0.053234 0.051027 0.034429 hargrave 2021-12-13 16:32:30 
TT 610 059.9 -00.8 059.7 003.6 6.38E-05 004.8 265.1 -44.7 0.528343 0.060033 0.038940 hargrave 2021-12-14 13:22:27 
TT 620 058.7 002.0 058.3 006.2 6.37E-05 001.6 261.0 -45.4 0.170003 0.060472 0.034560 hargrave 2021-12-15 11:33:32 
TT 630 058.9 000.1 058.6 004.3 5.98E-05 000.5 263.7 -45.6 0.050190 0.051692 0.032499 hargrave 2021-12-16 11:50:38 
TT 640 058.5 -01.8 058.5 002.4 5.86E-05 003.0 266.3 -46.2 0.304885 0.040195 0.035733 hargrave 2021-12-17 10:26:57 
TT 650 059.3 -01.5 059.2 002.7 5.93E-05 001.9 266.1 -45.4 0.195919 0.057659 0.032517 hargrave 2021-12-17 18:52:54 
TT 655 058.0 000.2 057.8 004.4 5.62E-05 005.9 263.3 -46.4 0.576948 0.068463 0.032780 hargrave 2021-12-20 13:26:31 
TT 660 058.1 -02.5 058.1 001.6 5.44E-05 001.5 267.3 -46.7 0.139237 0.056774 0.035063 hargrave 2021-12-21 11:37:19 
TT 665 058.4 -00.2 058.2 004.0 5.20E-05 001.7 264.0 -46.1 0.147358 0.069553 0.036959 hargrave 2021-12-22 11:45:43 
TT 670 057.7 -00.3 057.5 003.8 5.06E-05 005.4 264.0 -46.8 0.475183 0.067255 0.029415 hargrave 2021-12-23 10:49:33 
TT 672 057.8 -02.6 057.9 001.5 4.43E-05 001.6 267.4 -47.0 0.116010 0.057891 0.024538 hargrave 2021-12-23 17:21:27 
TT 675 057.9 -04.2 058.2 -00.1 4.22E-05 003.1 269.8 -47.0 0.218441 0.088799 0.024316 hargrave 2021-12-24 18:06:13 
TT 678 056.3 -02.0 056.3 002.0 4.01E-05 001.0 266.2 -48.4 0.063196 0.051030 0.023457 hargrave 2021-12-27 10:55:15 
TT 682 058.3 -01.0 058.2 003.2 3.39E-05 003.6 265.1 -46.3 0.212989 0.054106 0.020505 hargrave 2021-12-28 10:33:34 
TT 685 054.7 003.2 054.1 006.9 2.56E-05 000.8 258.0 -49.1 0.034008 0.007803 0.014797 hargrave 2021-12-28 17:44:47 
TT 691 063.8 006.1 062.8 010.9 1.29E-05 003.7 256.9 -39.6 0.080128 0.028520 0.008437 hargrave 2021-12-30 10:45:58 
