HF1- 121 mag compass orientation (IGRF corrected)
 101.75 280.8  66.0 208.5   9.0   1.0
NRM    112.5 046.1 111.2 055.0 2.71E-04 003.3 228.5 024.9 1.214577 0.815050 0.489772 hargrave 2021-12-04 18:59:28 
TT 150 112.7 045.8 111.5 054.7 2.65E-04 003.5 228.8 025.0 1.298969 0.831309 0.543658 hargrave 2021-12-06 14:12:36 
TT 300 113.3 045.7 112.2 054.7 2.57E-04 003.0 229.0 025.4 1.004290 0.636334 0.592202 hargrave 2021-12-07 10:22:40 
TT 400 113.2 047.9 112.0 056.9 2.47E-04 002.4 226.6 025.7 0.775256 0.382130 0.549290 hargrave 2021-12-07 18:57:30 
TT 450 113.4 047.9 112.2 056.9 2.40E-04 001.7 226.6 025.8 0.487034 0.157010 0.519159 hargrave 2021-12-08 16:30:54 
TT 500 113.0 049.2 111.7 058.1 2.30E-04 002.1 225.1 025.7 0.625546 0.349905 0.454829 hargrave 2021-12-09 14:51:31 
TT 550 113.5 046.7 112.4 055.7 2.19E-04 004.3 228.0 025.7 1.319377 0.918065 0.421366 hargrave 2021-12-10 12:06:52 
TT 565 113.0 048.9 111.7 057.8 2.13E-04 004.4 225.5 025.7 1.231004 0.993498 0.465305 hargrave 2021-12-11 19:01:03 
TT 580 113.0 047.4 111.8 056.3 2.09E-04 002.0 227.1 025.5 0.505667 0.180501 0.480394 hargrave 2021-12-12 18:39:04 
TT 600 113.1 049.3 111.8 058.3 2.02E-04 002.2 225.1 025.8 0.573657 0.297146 0.419195 hargrave 2021-12-13 17:07:15 
TT 610 113.9 046.1 112.9 055.1 1.98E-04 002.4 228.7 025.9 0.659308 0.329366 0.408122 hargrave 2021-12-14 13:57:06 
TT 620 113.4 049.5 112.2 058.5 1.95E-04 002.8 224.8 026.0 0.726419 0.472721 0.377643 hargrave 2021-12-15 12:09:18 
TT 630 113.9 047.7 112.9 056.7 1.90E-04 003.8 226.9 026.1 0.998971 0.664044 0.407727 hargrave 2021-12-16 12:25:29 
TT 640 113.7 047.6 112.6 056.6 1.84E-04 001.4 227.0 026.0 0.120573 0.174060 0.418631 hargrave 2021-12-17 11:01:43 
TT 650 115.3 045.9 114.6 054.9 1.61E-04 004.6 229.0 026.8 1.025067 0.693099 0.330517 hargrave 2021-12-17 19:28:26 
TT 655 115.3 050.0 114.5 059.0 1.48E-04 001.9 224.5 027.3 0.353700 0.151750 0.312321 hargrave 2021-12-20 14:02:06 
TT 660 115.6 046.3 115.0 055.3 1.37E-04 007.8 228.6 027.1 1.472786 1.164632 0.210883 hargrave 2021-12-21 12:06:35 
TT 665 117.3 045.8 117.0 054.8 1.03E-04 007.2 229.3 028.2 1.000794 0.825033 0.168900 hargrave 2021-12-22 12:14:53 
TT 670 116.9 046.3 116.6 055.3 7.99E-05 003.7 228.7 028.0 0.414808 0.296806 0.122028 hargrave 2021-12-23 11:18:23 
TT 672 117.4 049.4 117.1 058.4 5.75E-05 004.1 225.3 028.6 0.300982 0.270848 0.063445 hargrave 2021-12-23 17:50:13 
TT 675 113.6 047.7 112.5 056.7 2.38E-05 003.3 226.8 025.9 0.109649 0.079935 0.038077 hargrave 2021-12-24 18:34:44 
TT 678 127.4 029.9 128.4 038.8 9.45E-06 001.6 249.0 033.9 0.022561 0.006865 0.012383 hargrave 2021-12-27 11:24:09 
TT 682 062.5 051.4 051.8 055.7 4.53E-06 003.1 209.3 -02.0 0.016512 0.020020 0.007588 hargrave 2021-12-28 11:02:29 
TT 685 055.8 061.7 038.9 064.6 2.38E-06 003.3 199.6 003.0 0.005109 0.012872 0.002285 hargrave 2021-12-28 18:13:06 
TT 691 062.1 042.3 054.4 046.8 3.40E-06 003.7 215.7 -08.5 0.010819 0.021110 0.003243 hargrave 2021-12-30 11:20:14 
