HF1- 58 mag compass orientation (IGRF corrected)
  96.52  24.8  68.0 207.0   8.0   1.0
NRM    092.7 006.4 092.1 013.7 1.01E-04 002.5 140.2 -54.3 0.386865 0.122982 0.202437 hargrave 2021-12-01 11:08:31 
TT 150 096.2 005.4 095.7 012.9 1.01E-04 002.2 144.2 -57.1 0.271948 0.218765 0.166675 hargrave 2021-12-01 18:44:06 
TT 300 093.9 002.3 093.6 009.6 9.77E-05 002.4 137.4 -58.3 0.328526 0.182778 0.158961 hargrave 2021-12-02 15:00:41 
TT 400 096.8 004.4 096.4 011.9 9.27E-05 001.2 144.2 -58.3 0.080625 0.170197 0.061944 hargrave 2021-12-03 12:59:33 
TT 450 096.3 004.3 095.9 011.7 8.79E-05 002.7 143.2 -58.1 0.392176 0.083144 0.130103 hargrave 2021-12-04 14:20:05 
TT 500 097.9 005.5 097.4 013.0 8.37E-05 002.5 146.9 -57.9 0.318090 0.147820 0.085762 hargrave 2021-12-06 10:33:55 
TT 550 097.0 004.9 096.6 012.5 7.86E-05 001.4 145.0 -57.9 0.149952 0.117108 0.072845 hargrave 2021-12-06 18:35:24 
TT 565 098.1 005.4 097.7 013.0 7.61E-05 001.4 147.3 -58.1 0.116618 0.143724 0.063867 hargrave 2021-12-07 14:55:47 
TT 580 096.8 005.1 096.4 012.6 7.48E-05 002.0 144.9 -57.7 0.234451 0.083181 0.080537 hargrave 2021-12-08 12:55:37 
TT 600 097.9 005.2 097.4 012.8 7.10E-05 005.6 146.7 -58.1 0.532188 0.448133 0.076214 hargrave 2021-12-09 10:30:37 
TT 610 097.5 005.7 097.1 013.3 6.83E-05 003.1 146.6 -57.5 0.321263 0.183536 0.064367 hargrave 2021-12-09 19:05:36 
TT 620 098.5 005.7 098.1 013.3 6.80E-05 003.1 148.2 -58.0 0.302317 0.203418 0.054041 hargrave 2021-12-10 17:07:23 
TT 630 096.1 003.4 095.8 010.9 6.73E-05 002.7 142.0 -58.7 0.284293 0.118209 0.067549 hargrave 2021-12-12 14:21:54 
TT 640 097.8 005.3 097.3 012.9 6.56E-05 002.9 146.6 -58.0 0.266649 0.200696 0.041347 hargrave 2021-12-13 12:51:05 
TT 650 100.4 006.9 100.0 014.6 6.09E-05 001.4 152.4 -57.8 0.076131 0.135443 0.021561 hargrave 2021-12-14 10:20:20 
TT 655 095.2 004.1 094.8 011.5 5.93E-05 002.3 141.3 -57.6 0.220825 0.093792 0.047534 hargrave 2021-12-14 19:18:25 
TT 660 098.2 003.7 097.9 011.3 5.64E-05 002.1 145.7 -59.6 0.093910 0.175393 0.062615 hargrave 2021-12-15 19:00:05 
TT 665 102.5 005.6 102.2 013.3 5.33E-05 002.5 155.0 -59.9 0.201430 0.104115 0.049325 hargrave 2021-12-16 16:44:00 
TT 670 097.1 003.2 096.8 010.8 4.72E-05 002.2 143.4 -59.4 0.179963 0.040857 0.043583 hargrave 2021-12-17 15:18:09 
TT 673 098.2 003.3 097.9 010.8 4.29E-05 003.2 145.3 -60.0 0.234066 0.054318 0.058528 hargrave 2021-12-19 18:48:32 
TT 675 099.4 000.8 099.2 008.4 1.53E-05 069.6 144.7 -62.7 0.611258 0.433581 1.451626 hargrave 2021-12-20 18:04:01 
TT 675 097.0 -00.0 096.8 007.5 2.69E-05 001.0 139.4 -62.0 0.011705 0.044388 0.009521 hargrave 2021-12-20 18:20:44 
TT 679 099.3 000.8 099.1 008.5 1.48E-05 001.8 144.5 -62.6 0.041953 0.023065 0.008762 hargrave 2021-12-21 16:21:04 
TT 683 102.3 -07.5 102.5 000.2 7.01E-06 002.7 138.4 -71.2 0.029471 0.016268 0.004521 hargrave 2021-12-22 16:22:29 
TT 687 071.8 -42.7 076.3 -36.8 5.44E-07 003.5 049.6 -48.8 0.002511 0.002303 0.000973 hargrave 2021-12-23 14:58:31 
