HF1- 33 mag compass orientation (IGRF corrected)
  88.92 337.8  70.0 207.0   8.0   1.0
NRM    116.0 005.9 116.0 013.9 4.15E-05 002.4 246.4 -36.0 0.082795 0.066064 0.145039 hargrave 2021-12-01 10:24:46 
TT 150 112.6 003.5 112.5 011.5 2.08E-05 070.7 246.9 -40.1 0.666550 1.562221 1.430618 hargrave 2021-12-01 18:00:35 
TT 150 112.4 008.9 112.3 016.9 4.16E-05 003.9 240.9 -37.4 0.214584 0.041128 0.184189 hargrave 2021-12-02 08:46:53 
TT 300 109.9 007.1 109.7 015.1 3.94E-05 006.0 241.0 -40.5 0.255809 0.271039 0.183958 hargrave 2021-12-02 14:16:17 
TT 400 103.6 002.3 103.4 010.1 1.89E-05 059.8 241.7 -48.4 0.635275 1.178205 1.506872 hargrave 2021-12-03 12:16:26 
TT 400 106.4 003.5 106.2 011.4 3.76E-05 003.7 242.5 -45.4 0.066430 0.183748 0.154342 hargrave 2021-12-03 18:44:26 
TT 450 105.2 -02.0 105.2 005.8 1.78E-05 045.4 248.6 -49.3 0.451040 1.151950 1.440155 hargrave 2021-12-04 13:37:03 
TT 450 110.4 000.8 110.3 008.8 3.53E-05 001.1 248.6 -43.4 0.067801 0.039013 0.012203 hargrave 2021-12-04 14:50:50 
TT 500 108.5 -06.5 108.6 001.4 3.36E-05 003.7 256.9 -48.3 0.085810 0.139810 0.154100 hargrave 2021-12-06 09:50:44 
TT 550 107.0 -05.8 107.0 002.1 3.03E-05 003.5 255.0 -49.4 0.051065 0.136519 0.123086 hargrave 2021-12-06 17:52:54 
TT 565 102.7 -06.6 102.8 001.1 1.48E-05 070.2 253.3 -53.6 0.271524 0.900425 1.274398 hargrave 2021-12-07 14:12:52 
TT 565 103.6 -03.9 103.6 003.9 2.94E-05 004.3 249.9 -51.6 0.201264 0.039248 0.088143 hargrave 2021-12-07 15:28:46 
TT 580 104.5 -10.6 104.7 -02.8 1.40E-05 061.0 260.7 -53.5 0.146210 0.879286 1.202360 hargrave 2021-12-08 12:12:28 
TT 580 104.3 000.1 104.2 007.9 2.77E-05 001.4 245.1 -49.0 0.058214 0.037748 0.016584 hargrave 2021-12-08 13:06:45 
TT 600 105.5 -07.0 105.6 000.9 1.26E-05 064.7 255.7 -51.2 0.208702 0.815547 1.045284 hargrave 2021-12-09 09:47:30 
TT 600 108.4 -00.5 108.3 007.4 2.51E-05 001.2 248.9 -45.8 0.051795 0.010909 0.016409 hargrave 2021-12-09 10:42:43 
TT 610 108.4 -09.5 108.5 -01.6 2.48E-05 003.6 261.1 -49.5 0.122226 0.058744 0.080947 hargrave 2021-12-09 18:22:35 
TT 620 107.4 -07.4 107.5 000.5 2.42E-05 003.3 257.5 -49.6 0.085726 0.085087 0.078804 hargrave 2021-12-10 16:24:24 
TT 630 108.1 -09.6 108.2 -01.7 2.38E-05 002.6 261.0 -49.8 0.019796 0.073669 0.079771 hargrave 2021-12-12 13:39:42 
TT 640 108.0 -15.3 108.3 -07.4 2.16E-05 004.6 269.7 -51.5 0.133894 0.080999 0.079402 hargrave 2021-12-13 12:07:05 
TT 650 106.0 -11.1 106.2 -03.2 2.06E-05 002.4 262.2 -52.2 0.040656 0.046704 0.067893 hargrave 2021-12-14 09:38:10 
TT 655 102.9 -09.1 103.1 -01.3 2.08E-05 002.4 257.3 -54.4 0.030787 0.055405 0.064312 hargrave 2021-12-14 18:36:14 
TT 660 105.9 -10.4 106.1 -02.6 1.74E-05 003.0 261.1 -52.1 0.036918 0.059716 0.063911 hargrave 2021-12-15 18:17:55 
TT 665 103.4 -06.0 103.5 001.8 1.70E-05 002.6 252.9 -52.7 0.023754 0.050676 0.059730 hargrave 2021-12-16 16:01:33 
TT 670 105.3 -07.7 105.4 000.2 1.51E-05 004.6 256.6 -51.7 0.088077 0.063369 0.057506 hargrave 2021-12-17 14:35:58 
TT 673 110.6 -16.6 110.8 -08.6 5.34E-06 059.3 272.4 -49.3 0.019825 0.371992 0.433304 hargrave 2021-12-19 18:06:15 
TT 673 114.6 -10.1 114.6 -02.1 1.07E-05 001.2 264.8 -43.9 0.020218 0.007123 0.007721 hargrave 2021-12-20 08:45:04 
TT 675 102.4 -07.3 102.5 000.5 2.99E-06 043.3 254.1 -54.2 0.051222 0.179816 0.259418 hargrave 2021-12-20 17:20:52 
TT 675 107.4 -04.6 107.4 003.3 5.99E-06 001.1 253.6 -48.5 0.011512 0.002590 0.004926 hargrave 2021-12-20 18:19:03 
TT 679 082.5 -00.5 082.3 006.1 1.35E-06 045.6 218.2 -65.8 0.046539 0.036555 0.131047 hargrave 2021-12-21 15:46:04 
TT 679 090.9 -05.4 091.0 001.8 2.69E-06 000.4 240.0 -63.2 0.001487 0.001195 0.002050 hargrave 2021-12-21 16:34:32 
TT 683 122.7 -11.4 122.6 -03.4 9.10E-07 044.3 269.5 -36.7 0.002385 0.077561 0.057273 hargrave 2021-12-22 15:47:07 
TT 683 122.2 -04.7 122.2 003.2 1.82E-06 004.6 261.5 -35.0 0.012481 0.003618 0.006798 hargrave 2021-12-22 17:37:15 
TT 687 356.0 040.3 350.7 035.9 9.02E-07 004.9 133.6 -00.1 0.007533 0.003238 0.002343 hargrave 2021-12-23 14:22:50 
