HF1- 109 sun compass orientation
 112.68 344.6  76.0 208.5   9.0   1.0
NRM    074.1 -10.6 074.9 -04.1 4.14E-05 000.4 171.6 -86.6 0.013710 0.023022 0.005059 hargrave 2021-12-04 18:41:54 
TT 150 070.6 -10.3 071.4 -04.2 4.12E-05 000.4 132.8 -84.6 0.012542 0.023319 0.019689 hargrave 2021-12-06 13:54:53 
TT 300 067.8 -09.6 068.6 -03.8 3.91E-05 001.2 122.4 -82.0 0.056154 0.059210 0.038697 hargrave 2021-12-07 10:04:51 
TT 400 066.4 -09.1 067.2 -03.5 3.46E-05 001.2 120.7 -80.6 0.053665 0.045858 0.026399 hargrave 2021-12-07 18:39:51 
TT 450 065.3 -08.4 066.0 -03.0 3.24E-05 001.5 120.8 -79.3 0.067152 0.050518 0.027836 hargrave 2021-12-08 16:13:13 
TT 500 063.2 -10.2 064.2 -05.0 3.09E-05 001.4 107.7 -78.2 0.063326 0.038946 0.026687 hargrave 2021-12-09 14:33:45 
TT 550 065.0 -08.3 065.7 -02.9 2.88E-05 001.3 120.5 -79.0 0.055213 0.034288 0.021974 hargrave 2021-12-10 11:49:10 
TT 565 063.1 -09.1 063.9 -03.9 2.82E-05 001.5 112.0 -77.7 0.059864 0.039883 0.025278 hargrave 2021-12-11 18:42:28 
TT 580 064.1 -09.3 065.0 -04.0 2.75E-05 001.6 113.3 -78.7 0.065055 0.040054 0.021338 hargrave 2021-12-12 18:21:19 
TT 600 062.3 -08.8 063.1 -03.7 2.47E-05 001.4 112.2 -76.9 0.049918 0.035594 0.020569 hargrave 2021-12-13 16:49:27 
TT 610 064.8 -07.8 065.4 -02.4 2.42E-05 000.9 121.8 -78.6 0.020812 0.030160 0.021021 hargrave 2021-12-14 13:39:23 
TT 620 062.5 -09.6 063.4 -04.5 2.35E-05 000.6 109.2 -77.4 0.019876 0.014528 0.020451 hargrave 2021-12-15 11:50:52 
TT 630 066.2 -07.5 066.8 -02.0 2.28E-05 002.0 127.1 -79.5 0.060803 0.053050 0.022056 hargrave 2021-12-16 12:07:40 
TT 640 064.3 -06.2 064.8 -00.9 2.20E-05 001.0 126.4 -77.2 0.015449 0.032496 0.023742 hargrave 2021-12-17 10:43:56 
TT 650 064.0 -05.7 064.4 -00.4 2.11E-05 000.8 127.5 -76.7 0.021714 0.020942 0.022947 hargrave 2021-12-17 19:09:49 
TT 655 063.5 -09.4 064.4 -04.2 1.96E-05 000.8 111.7 -78.2 0.019628 0.018884 0.021907 hargrave 2021-12-20 13:43:27 
TT 660 068.2 -03.2 068.2 002.6 1.85E-05 001.5 149.0 -77.5 0.033303 0.032735 0.005292 hargrave 2021-12-21 11:51:15 
TT 665 064.1 -02.9 064.1 002.3 1.47E-05 001.1 136.0 -74.8 0.014631 0.024761 0.004734 hargrave 2021-12-22 11:59:57 
TT 670 070.9 -02.8 070.9 003.3 1.53E-05 001.7 161.8 -78.2 0.009812 0.045279 0.004300 hargrave 2021-12-23 11:03:43 
TT 672 068.8 -02.9 068.8 002.9 1.28E-05 000.9 152.2 -77.5 0.008201 0.018663 0.004130 hargrave 2021-12-23 17:35:33 
TT 675 063.4 001.8 062.8 006.9 9.30E-06 001.2 144.2 -70.7 0.006382 0.018416 0.006221 hargrave 2021-12-24 18:20:04 
TT 678 072.9 -15.9 074.3 -09.5 7.43E-06 000.6 039.8 -87.5 0.003258 0.007359 0.001993 hargrave 2021-12-27 11:09:22 
TT 682 084.0 019.4 081.8 026.7 4.28E-06 001.2 195.7 -55.3 0.006084 0.004932 0.005706 hargrave 2021-12-28 10:47:42 
TT 685 101.0 028.9 099.1 037.4 3.51E-06 001.5 210.6 -40.1 0.004985 0.008894 0.003155 hargrave 2021-12-28 17:58:36 
TT 691 180.7 -09.2 179.7 -04.9 2.03E-06 002.7 283.1 013.1 0.010787 0.006654 0.002803 hargrave 2021-12-30 11:02:44 
