HF1- 74 mag compass orientation (IGRF corrected)
  99.19 330.8  42.0 208.5   9.0   1.0
NRM    046.3 014.6 043.8 017.2 3.60E-05 001.5 164.3 -26.1 0.036112 0.087418 0.031525 hargrave 2021-12-04 17:55:33 
TT 150 045.5 009.1 043.9 011.6 3.43E-05 001.3 162.3 -31.3 0.037400 0.065916 0.031593 hargrave 2021-12-06 13:08:26 
TT 300 045.4 007.3 044.1 009.8 3.13E-05 002.1 161.7 -33.1 0.060658 0.098845 0.025305 hargrave 2021-12-07 09:17:50 
TT 400 040.0 004.1 039.2 005.8 2.82E-05 002.7 154.4 -34.8 0.053371 0.122023 0.022881 hargrave 2021-12-07 17:49:54 
TT 450 040.3 004.7 039.4 006.5 2.68E-05 001.2 155.0 -34.3 0.033023 0.049736 0.021470 hargrave 2021-12-08 15:26:43 
TT 500 039.1 004.6 038.3 006.2 2.46E-05 002.0 153.6 -34.1 0.060025 0.069086 0.021431 hargrave 2021-12-09 13:46:01 
TT 550 042.2 007.2 040.9 009.2 2.28E-05 001.7 158.0 -32.4 0.037449 0.058453 0.020259 hargrave 2021-12-10 11:01:26 
TT 565 034.5 005.0 033.6 005.9 2.17E-05 004.1 148.6 -32.2 0.095367 0.127005 0.022907 hargrave 2021-12-11 17:54:56 
TT 580 032.4 004.4 031.7 005.0 2.02E-05 001.5 146.0 -32.0 0.040079 0.040878 0.021081 hargrave 2021-12-12 17:34:26 
TT 600 027.8 005.1 027.0 004.9 2.04E-05 001.8 141.4 -29.5 0.050528 0.046098 0.020559 hargrave 2021-12-13 16:02:45 
TT 610 025.9 005.7 025.0 005.2 2.00E-05 001.7 139.7 -28.2 0.049109 0.042012 0.020018 hargrave 2021-12-14 12:52:49 
TT 620 024.3 003.9 023.7 003.2 2.04E-05 001.8 137.2 -29.1 0.050230 0.045089 0.020839 hargrave 2021-12-15 11:02:10 
TT 630 023.6 005.3 022.8 004.5 1.91E-05 001.2 137.3 -27.5 0.038478 0.030850 0.016725 hargrave 2021-12-16 11:20:54 
TT 640 024.5 004.2 023.9 003.5 1.87E-05 002.2 137.6 -28.9 0.054540 0.051935 0.020230 hargrave 2021-12-17 09:56:59 
TT 650 017.5 -02.5 018.0 -04.2 1.74E-05 001.5 126.7 -31.2 0.041645 0.026804 0.017053 hargrave 2021-12-17 18:23:03 
TT 655 031.9 -01.5 032.1 -01.0 1.84E-05 001.2 142.7 -37.2 0.033052 0.029660 0.016377 hargrave 2021-12-20 12:55:03 
TT 660 027.6 -05.7 028.5 -05.8 1.93E-05 001.1 135.4 -39.1 0.031295 0.018049 0.019650 hargrave 2021-12-21 11:13:15 
TT 665 024.6 -07.9 025.9 -08.4 1.88E-05 001.6 130.6 -39.6 0.044051 0.037818 0.019040 hargrave 2021-12-22 11:20:05 
TT 670 025.7 -09.6 027.3 -09.9 1.82E-05 001.9 130.7 -41.6 0.046256 0.044531 0.021574 hargrave 2021-12-23 10:24:26 
TT 672 026.5 -10.8 028.2 -11.0 1.89E-05 001.8 130.8 -43.0 0.049756 0.032849 0.015829 hargrave 2021-12-23 16:57:05 
TT 675 037.4 -13.6 039.4 -12.0 1.25E-05 001.1 142.6 -50.5 0.021503 0.012547 0.011497 hargrave 2021-12-24 17:41:51 
TT 678 043.8 -01.0 043.8 001.4 1.06E-05 002.0 157.3 -40.8 0.018890 0.035616 0.009661 hargrave 2021-12-27 10:30:48 
TT 682 069.0 -00.0 068.6 005.8 3.91E-06 001.2 191.0 -41.5 0.008073 0.006471 0.003663 hargrave 2021-12-28 10:08:57 
TT 685 020.8 -07.6 022.1 -08.7 3.81E-06 001.3 126.8 -37.3 0.007569 0.005459 0.003395 hargrave 2021-12-28 17:20:42 
TT 691 159.3 016.2 161.4 022.9 3.78E-06 002.6 265.1 017.6 0.016076 0.008463 0.004095 hargrave 2021-12-30 10:16:27 
