HF1- 81 mag compass orientation (IGRF corrected)
 101.66   0.8  39.0 208.5   9.0   1.0
NRM    103.8 042.2 101.2 050.9 1.80E-04 002.8 189.6 003.9 0.152635 0.846737 0.233737 hargrave 2021-12-04 18:04:00 
TT 150 107.8 041.0 106.0 049.8 1.73E-04 005.3 192.8 003.2 0.389160 1.527634 0.257584 hargrave 2021-12-06 13:16:51 
TT 300 107.3 041.2 105.4 050.0 1.67E-04 002.8 192.4 003.3 0.244124 0.723251 0.280275 hargrave 2021-12-07 09:26:24 
TT 400 102.2 042.4 099.3 051.0 1.58E-04 001.9 188.4 003.9 0.079719 0.431907 0.281810 hargrave 2021-12-07 17:59:14 
TT 450 112.7 040.9 111.7 049.8 1.52E-04 001.7 196.4 003.9 0.137377 0.370283 0.232258 hargrave 2021-12-08 15:35:09 
TT 500 112.0 041.4 110.9 050.3 1.44E-04 002.1 195.8 004.2 0.159010 0.445799 0.222859 hargrave 2021-12-09 13:54:31 
TT 550 110.4 041.9 108.9 050.8 1.36E-04 001.0 194.5 004.5 0.037014 0.090389 0.212603 hargrave 2021-12-10 11:10:04 
TT 565 113.5 041.6 112.6 050.6 1.32E-04 000.9 196.8 004.7 0.051420 0.106999 0.193327 hargrave 2021-12-11 18:03:24 
TT 580 106.7 042.4 104.6 051.2 1.29E-04 002.9 191.7 004.4 0.121085 0.609730 0.214293 hargrave 2021-12-12 17:42:57 
TT 600 111.7 041.7 110.5 050.6 1.23E-04 002.0 195.5 004.5 0.141880 0.341069 0.214511 hargrave 2021-12-13 16:11:15 
TT 610 110.4 042.0 108.9 050.9 1.20E-04 002.7 194.5 004.6 0.169210 0.515336 0.183427 hargrave 2021-12-14 13:01:16 
TT 620 109.4 042.6 107.7 051.5 1.17E-04 002.7 193.6 005.0 0.148751 0.508440 0.160649 hargrave 2021-12-15 11:11:33 
TT 630 105.4 042.9 103.0 051.6 1.16E-04 001.5 190.7 004.8 0.057606 0.241817 0.194029 hargrave 2021-12-16 11:29:22 
TT 640 113.4 041.9 112.5 050.9 1.11E-04 001.6 196.7 005.0 0.070238 0.247555 0.184601 hargrave 2021-12-17 10:05:33 
TT 650 106.3 042.6 104.1 051.4 1.01E-04 004.5 191.4 004.6 0.152334 0.759520 0.165060 hargrave 2021-12-17 18:31:35 
TT 655 105.6 043.5 103.2 052.2 9.25E-05 001.1 190.7 005.4 0.044976 0.083342 0.151048 hargrave 2021-12-20 13:03:33 
TT 660 116.2 041.2 115.8 050.2 8.33E-05 003.4 198.9 004.8 0.114762 0.457385 0.145862 hargrave 2021-12-21 11:20:02 
TT 665 115.6 042.1 115.1 051.1 6.77E-05 002.4 198.2 005.6 0.139823 0.233918 0.121742 hargrave 2021-12-22 11:27:10 
TT 670 114.5 040.0 113.8 049.0 3.99E-05 002.4 198.0 003.3 0.047919 0.149257 0.079777 hargrave 2021-12-23 10:31:20 
TT 672 113.1 042.7 112.1 051.7 2.78E-05 001.6 196.3 005.7 0.062641 0.069493 0.048084 hargrave 2021-12-23 17:03:58 
TT 675 108.0 039.1 106.3 047.9 8.14E-06 002.3 193.3 001.4 0.014616 0.024702 0.018414 hargrave 2021-12-24 17:48:50 
TT 678 092.4 040.2 088.3 048.1 5.84E-06 003.3 181.2 001.2 0.009927 0.031196 0.011075 hargrave 2021-12-27 10:37:45 
TT 682 133.3 039.8 135.7 048.5 2.96E-06 002.2 211.6 008.1 0.004253 0.010810 0.007529 hargrave 2021-12-28 10:15:58 
TT 685 007.3 007.8 006.4 004.5 1.85E-06 001.3 099.9 002.0 0.003905 0.007046 0.001820 hargrave 2021-12-28 17:27:29 
TT 691 076.3 049.1 067.9 055.3 1.60E-06 003.8 170.4 010.9 0.003514 0.010902 0.001978 hargrave 2021-12-30 10:24:52 
