HF1- 89 mag compass orientation (IGRF corrected)
 103.32 343.8  72.0 207.0   8.0   1.0
NRM    176.1 061.8 190.8 065.0 6.26E-05 003.5 209.8 021.6 0.188358 0.321746 0.086515 hargrave 2021-12-04 18:16:00 
TT 150 177.7 058.5 190.5 061.6 5.82E-05 002.3 213.3 022.5 0.124098 0.171127 0.099490 hargrave 2021-12-06 13:28:51 
TT 300 182.1 061.0 196.6 063.4 5.56E-05 001.9 210.4 024.5 0.080897 0.158661 0.064606 hargrave 2021-12-07 09:38:38 
TT 400 187.5 057.5 200.2 059.3 5.23E-05 003.7 213.8 027.8 0.196552 0.266885 0.071000 hargrave 2021-12-07 18:11:17 
TT 450 189.6 058.8 203.0 060.3 5.08E-05 001.1 212.1 028.6 0.042598 0.074553 0.056138 hargrave 2021-12-08 15:47:11 
TT 500 191.1 055.5 202.9 056.9 4.89E-05 001.6 215.6 030.1 0.067131 0.115947 0.053486 hargrave 2021-12-09 14:06:38 
TT 550 193.5 060.4 207.9 061.3 4.67E-05 001.1 209.7 030.1 0.049914 0.062123 0.057566 hargrave 2021-12-10 11:22:10 
TT 565 195.9 060.2 210.1 060.8 4.40E-05 002.3 209.5 031.3 0.072134 0.156808 0.042633 hargrave 2021-12-11 18:15:30 
TT 580 193.6 059.5 207.4 060.4 4.50E-05 006.5 210.7 030.4 0.239103 0.447696 0.062946 hargrave 2021-12-12 17:55:07 
TT 600 199.2 061.8 214.2 061.8 4.40E-05 001.8 207.1 032.2 0.054421 0.118033 0.056148 hargrave 2021-12-13 16:23:18 
TT 610 195.4 059.5 209.2 060.1 4.06E-05 003.2 210.4 031.3 0.116754 0.198169 0.054679 hargrave 2021-12-14 13:13:18 
TT 620 202.4 061.9 217.3 061.5 3.83E-05 001.6 206.2 033.5 0.052526 0.091581 0.039467 hargrave 2021-12-15 11:24:05 
TT 630 210.1 062.3 224.7 060.8 4.00E-05 001.8 203.5 036.4 0.051623 0.109001 0.051227 hargrave 2021-12-16 11:41:26 
TT 640 216.5 062.2 230.4 059.9 3.88E-05 002.1 201.3 038.8 0.045860 0.126490 0.048391 hargrave 2021-12-17 10:17:42 
TT 650 218.9 060.8 231.8 058.2 3.59E-05 001.1 201.6 040.6 0.033752 0.045978 0.051421 hargrave 2021-12-17 18:43:44 
TT 655 212.3 064.9 228.4 063.0 3.37E-05 001.2 200.2 035.6 0.035442 0.046049 0.050773 hargrave 2021-12-20 13:16:27 
TT 660 218.7 064.0 233.4 061.4 3.20E-05 002.3 198.7 038.2 0.063972 0.112568 0.067791 hargrave 2021-12-21 11:29:57 
TT 665 203.6 074.7 231.2 073.2 2.36E-05 004.9 193.2 027.3 0.447379 0.133938 0.048566 hargrave 2021-12-22 11:37:20 
TT 670 209.3 066.2 226.6 064.7 2.01E-05 002.5 199.9 033.8 0.022101 0.072617 0.044989 hargrave 2021-12-23 10:41:18 
TT 672 206.9 063.0 222.2 061.9 1.66E-05 001.6 203.8 034.8 0.018735 0.025227 0.039756 hargrave 2021-12-23 17:13:58 
TT 675 228.4 065.3 242.5 061.4 9.97E-06 002.1 193.5 039.8 0.013913 0.025178 0.029678 hargrave 2021-12-24 17:58:44 
TT 678 251.8 061.7 260.4 055.6 6.13E-06 002.0 181.4 046.3 0.015486 0.010170 0.011664 hargrave 2021-12-27 10:47:44 
TT 682 148.4 067.3 162.4 073.6 4.27E-06 005.1 202.3 010.8 0.018782 0.034246 0.006007 hargrave 2021-12-28 10:26:04 
TT 685 133.2 023.7 134.4 031.3 2.20E-06 001.7 236.3 -18.6 0.005030 0.002508 0.004864 hargrave 2021-12-28 17:37:19 
TT 691 186.7 -11.3 185.4 -08.4 2.48E-06 002.7 288.6 017.6 0.011591 0.004318 0.002384 hargrave 2021-12-30 10:36:50 
