HF1- 124 sun compass orientation
 101.86 281.6  33.0 208.5   9.0   1.0
NRM    093.8 039.3 090.0 047.4 1.18E-04 002.5 240.5 028.3 0.438412 0.257615 0.124050 hargrave 2021-12-04 19:06:34 
TT 150 097.6 035.9 094.7 044.2 1.15E-04 004.2 245.6 027.5 0.765999 0.350099 0.091372 hargrave 2021-12-06 14:19:47 
TT 300 092.2 039.9 088.1 047.8 1.10E-04 004.5 239.0 028.0 0.725898 0.475653 0.101667 hargrave 2021-12-07 10:29:53 
TT 400 093.5 040.2 089.5 048.2 1.04E-04 001.4 239.7 028.9 0.188483 0.154538 0.096850 hargrave 2021-12-07 19:04:42 
TT 450 097.8 038.4 094.7 046.7 1.01E-04 000.7 244.0 029.5 0.044597 0.087172 0.087976 hargrave 2021-12-08 16:38:03 
TT 500 097.7 039.4 094.4 047.7 9.65E-05 007.2 243.2 030.2 1.097352 0.535581 0.090549 hargrave 2021-12-09 14:58:47 
TT 550 099.0 038.5 096.0 046.9 9.03E-05 002.0 244.7 030.2 0.284553 0.132751 0.087208 hargrave 2021-12-10 12:14:04 
TT 565 099.4 038.9 096.4 047.3 8.66E-05 007.3 244.7 030.7 0.993864 0.489403 0.078455 hargrave 2021-12-11 19:08:14 
TT 580 094.1 041.5 090.0 049.6 8.52E-05 001.5 239.2 030.2 0.179530 0.121967 0.079258 hargrave 2021-12-12 18:46:16 
TT 600 093.9 042.0 089.7 050.0 8.27E-05 005.3 238.7 030.5 0.664270 0.384761 0.081350 hargrave 2021-12-13 17:14:26 
TT 610 096.6 039.8 093.1 048.1 8.16E-05 004.7 242.1 030.0 0.598260 0.309589 0.080622 hargrave 2021-12-14 14:04:20 
TT 620 092.6 042.3 088.2 050.2 7.96E-05 000.8 237.6 030.1 0.051790 0.077370 0.076288 hargrave 2021-12-15 12:16:50 
TT 630 095.5 040.8 091.7 049.0 7.80E-05 006.1 240.6 030.3 0.726772 0.416801 0.084557 hargrave 2021-12-16 12:32:41 
TT 640 099.9 038.6 097.0 047.1 7.51E-05 006.8 245.3 030.7 0.801656 0.385391 0.077873 hargrave 2021-12-17 11:08:56 
TT 650 094.1 041.5 090.0 049.6 6.86E-05 001.4 239.2 030.2 0.145912 0.076183 0.074952 hargrave 2021-12-17 19:35:36 
TT 655 097.5 040.3 094.1 048.6 6.39E-05 006.1 242.4 030.8 0.608921 0.312086 0.070963 hargrave 2021-12-20 14:09:15 
TT 660 094.0 040.3 090.1 048.4 6.25E-05 004.6 240.0 029.2 0.458055 0.228358 0.102450 hargrave 2021-12-21 12:12:37 
TT 665 097.1 040.6 093.6 048.9 5.43E-05 002.4 241.9 030.9 0.180296 0.163816 0.067298 hargrave 2021-12-22 12:21:02 
TT 670 090.9 042.3 086.2 050.1 5.00E-05 002.4 236.5 029.3 0.175449 0.105228 0.065150 hargrave 2021-12-23 11:25:07 
TT 672 097.9 041.2 094.4 049.5 4.49E-05 003.0 242.0 031.7 0.224432 0.090977 0.056506 hargrave 2021-12-23 17:56:15 
TT 675 094.6 042.2 090.5 050.3 2.27E-05 001.8 239.0 030.9 0.063947 0.049459 0.035895 hargrave 2021-12-24 18:40:02 
TT 678 091.0 039.4 086.8 047.2 1.16E-05 005.0 238.5 027.1 0.084053 0.058617 0.009940 hargrave 2021-12-27 11:29:27 
TT 682 079.8 024.7 076.7 031.6 4.84E-06 002.7 238.8 009.6 0.021397 0.012132 0.004470 hargrave 2021-12-28 11:07:53 
TT 685 033.0 001.6 032.7 002.3 1.59E-06 008.2 204.6 -28.9 0.009075 0.020905 0.002147 hargrave 2021-12-28 18:18:26 
TT 691 042.2 -70.9 063.7 -67.1 9.93E-07 001.8 329.0 -71.1 0.002520 0.002006 0.001388 hargrave 2021-12-30 11:26:33 
