HF1- 59 mag compass orientation (IGRF corrected)
  96.57  20.8  70.0 207.0   8.0   1.0
NRM    092.0 024.2 090.1 031.3 9.59E-05 002.4 156.6 -42.2 0.148440 0.362404 0.109899 hargrave 2021-12-01 11:10:15 
TT 150 094.0 022.4 092.4 029.8 9.34E-05 002.3 158.0 -44.5 0.113490 0.338010 0.120187 hargrave 2021-12-01 18:45:50 
TT 300 093.3 021.3 091.7 028.6 8.83E-05 001.7 156.5 -45.3 0.096254 0.233706 0.117347 hargrave 2021-12-02 15:02:25 
TT 400 092.6 020.9 091.0 028.1 8.26E-05 002.0 155.4 -45.4 0.115181 0.260776 0.099444 hargrave 2021-12-03 13:01:18 
TT 450 094.7 021.4 093.2 028.8 7.84E-05 001.7 158.3 -45.7 0.083954 0.196030 0.094955 hargrave 2021-12-04 14:21:50 
TT 500 094.4 021.4 093.0 028.8 7.48E-05 001.2 158.0 -45.6 0.066326 0.121385 0.087829 hargrave 2021-12-06 10:35:40 
TT 550 096.6 022.0 095.2 029.4 6.90E-05 001.0 160.9 -45.8 0.045441 0.094097 0.072682 hargrave 2021-12-06 18:37:07 
TT 565 094.4 021.3 092.9 028.7 6.77E-05 001.5 157.9 -45.7 0.057720 0.150523 0.081970 hargrave 2021-12-07 14:57:31 
TT 580 098.2 021.9 096.9 029.5 6.57E-05 003.4 163.0 -46.3 0.104222 0.366933 0.077971 hargrave 2021-12-08 12:57:22 
TT 600 097.4 021.5 096.1 029.0 6.33E-05 003.1 161.8 -46.5 0.122368 0.320623 0.074654 hargrave 2021-12-09 10:32:21 
TT 610 094.8 021.0 093.4 028.4 6.04E-05 002.3 158.2 -46.1 0.088498 0.217416 0.069773 hargrave 2021-12-09 19:07:22 
TT 620 097.0 021.0 095.7 028.5 5.93E-05 001.8 161.0 -46.8 0.072416 0.163347 0.066901 hargrave 2021-12-10 17:09:11 
TT 630 096.1 020.2 094.8 027.6 5.89E-05 001.7 159.4 -47.3 0.061961 0.153353 0.063111 hargrave 2021-12-12 14:23:38 
TT 640 096.8 019.6 095.5 027.1 5.73E-05 002.3 160.0 -48.1 0.071064 0.210451 0.064690 hargrave 2021-12-13 12:52:51 
TT 650 095.2 017.8 094.0 025.2 5.57E-05 001.3 156.9 -49.2 0.061083 0.102327 0.058243 hargrave 2021-12-14 10:22:05 
TT 655 093.3 016.8 092.0 024.1 5.55E-05 002.4 153.7 -49.4 0.088548 0.205679 0.063599 hargrave 2021-12-14 19:20:10 
TT 660 089.7 012.9 088.6 020.0 5.36E-05 000.9 146.0 -51.1 0.066671 0.040488 0.051483 hargrave 2021-12-15 19:01:53 
TT 665 093.0 014.9 091.8 022.2 5.13E-05 000.9 152.0 -50.9 0.050601 0.051823 0.058159 hargrave 2021-12-16 16:45:45 
TT 670 088.5 010.8 087.5 017.8 4.67E-05 001.3 142.5 -52.2 0.071135 0.074780 0.051244 hargrave 2021-12-17 15:19:54 
TT 673 093.2 011.5 092.3 018.8 3.66E-05 001.7 149.7 -54.0 0.054533 0.089672 0.042614 hargrave 2021-12-19 18:50:17 
TT 675 088.2 007.6 087.4 014.5 2.04E-05 001.5 138.9 -54.6 0.031087 0.042316 0.032488 hargrave 2021-12-20 18:05:46 
TT 679 089.9 004.9 089.3 012.0 9.42E-06 001.6 138.2 -57.7 0.012458 0.013212 0.029371 hargrave 2021-12-21 16:22:31 
TT 683 095.7 007.2 095.1 014.7 3.86E-06 001.5 149.9 -59.0 0.005350 0.007652 0.005404 hargrave 2021-12-22 16:23:55 
TT 687 088.5 026.4 086.3 033.4 2.07E-06 002.2 154.2 -38.8 0.005000 0.007156 0.002501 hargrave 2021-12-23 14:59:59 
