HF1- 41 mag compass orientation (IGRF corrected)
  89.58 357.8  83.0 208.5   9.0   1.0
NRM    095.3 004.0 094.8 012.3 8.95E-05 000.7 214.4 -76.7 0.065314 0.070180 0.063699 hargrave 2021-12-01 10:37:23 
TT 150 096.3 001.6 096.0 009.9 8.93E-05 000.9 224.7 -77.9 0.118030 0.054937 0.063067 hargrave 2021-12-01 18:13:09 
TT 300 096.7 000.2 096.4 008.6 8.83E-05 000.4 231.4 -78.6 0.032688 0.036179 0.060003 hargrave 2021-12-02 14:29:37 
TT 400 095.5 001.0 095.2 009.3 8.61E-05 002.1 224.4 -78.9 0.282765 0.139959 0.053191 hargrave 2021-12-03 12:29:07 
TT 450 096.3 000.2 096.0 008.5 8.43E-05 000.8 230.1 -78.9 0.111890 0.028674 0.048627 hargrave 2021-12-04 13:49:43 
TT 500 096.4 000.5 096.1 008.8 8.24E-05 000.9 229.0 -78.6 0.111496 0.042844 0.054780 hargrave 2021-12-06 10:03:26 
TT 550 096.9 000.1 096.7 008.5 7.77E-05 001.3 232.2 -78.5 0.165083 0.039281 0.057321 hargrave 2021-12-06 18:05:25 
TT 565 097.5 -00.4 097.3 008.0 7.63E-05 001.7 236.1 -78.3 0.208965 0.067086 0.040638 hargrave 2021-12-07 14:25:25 
TT 580 098.0 -00.7 097.8 007.7 7.50E-05 001.7 238.8 -78.0 0.207426 0.064520 0.039382 hargrave 2021-12-08 12:25:08 
TT 600 096.7 -00.8 096.5 007.6 7.19E-05 002.0 235.6 -79.2 0.239090 0.088332 0.048377 hargrave 2021-12-09 10:00:07 
TT 610 094.8 000.9 094.5 009.1 6.77E-05 000.7 221.8 -79.5 0.063033 0.034986 0.040797 hargrave 2021-12-09 18:35:14 
TT 620 095.1 000.7 094.8 009.0 6.51E-05 000.8 223.6 -79.4 0.083018 0.036750 0.034875 hargrave 2021-12-10 16:37:01 
TT 630 095.8 -00.5 095.6 007.8 6.39E-05 000.9 230.9 -79.7 0.090127 0.027317 0.035466 hargrave 2021-12-12 13:52:19 
TT 640 094.9 -01.4 094.7 006.8 6.04E-05 001.8 232.2 -81.0 0.181831 0.060363 0.035532 hargrave 2021-12-13 12:20:31 
TT 650 094.2 000.9 093.9 009.1 5.49E-05 001.3 219.2 -79.9 0.103828 0.062666 0.041851 hargrave 2021-12-14 09:50:49 
TT 655 095.7 -02.2 095.6 006.1 4.90E-05 001.5 238.7 -80.8 0.120422 0.036391 0.035486 hargrave 2021-12-14 18:48:57 
TT 660 095.4 001.1 095.1 009.4 4.27E-05 001.4 223.1 -78.9 0.091094 0.048383 0.034564 hargrave 2021-12-15 18:30:32 
TT 665 095.2 000.9 094.9 009.2 3.97E-05 001.0 223.4 -79.2 0.053298 0.041181 0.034715 hargrave 2021-12-16 16:14:16 
TT 670 093.3 000.1 093.0 008.2 3.42E-05 001.3 218.1 -81.0 0.061344 0.047278 0.029835 hargrave 2021-12-17 14:48:37 
TT 673 091.7 002.6 091.2 010.6 2.77E-05 001.5 202.2 -79.6 0.049114 0.054535 0.027021 hargrave 2021-12-19 18:18:52 
TT 675 100.1 -06.8 100.2 001.7 1.96E-05 001.8 269.6 -77.8 0.047844 0.035462 0.024572 hargrave 2021-12-20 17:33:31 
TT 679 095.3 -13.4 095.9 -05.1 1.17E-05 000.4 311.6 -80.2 0.007783 0.004311 0.003640 hargrave 2021-12-21 15:56:29 
TT 683 123.5 013.3 123.8 022.3 1.02E-05 001.9 240.2 -49.1 0.029241 0.019624 0.013800 hargrave 2021-12-22 15:57:40 
TT 687 090.0 -37.3 092.7 -29.3 2.62E-06 002.8 356.6 -59.6 0.003441 0.010808 0.007719 hargrave 2021-12-23 14:33:25 
