HF1- 80 mag compass orientation (IGRF corrected)
   99.9 332.8  78.0 208.5   9.0   1.0
NRM    087.3 042.3 082.1 049.8 8.27E-05 001.9 201.0 -31.2 0.066811 0.229390 0.154313 hargrave 2021-12-04 18:02:33 
TT 150 088.3 040.9 083.5 048.5 7.90E-05 001.6 202.6 -32.1 0.074726 0.189420 0.086699 hargrave 2021-12-06 13:15:25 
TT 300 091.6 039.9 087.4 047.8 7.36E-05 001.4 205.7 -31.6 0.074211 0.129236 0.125036 hargrave 2021-12-07 09:24:59 
TT 400 087.1 042.8 081.8 050.3 6.62E-05 003.3 200.6 -30.8 0.095353 0.352115 0.132883 hargrave 2021-12-07 17:57:48 
TT 450 088.3 043.1 083.1 050.7 6.27E-05 001.4 201.3 -30.2 0.074619 0.057479 0.125436 hargrave 2021-12-08 15:33:44 
TT 500 089.0 043.2 083.9 050.8 5.88E-05 001.9 201.8 -29.8 0.090608 0.132826 0.122551 hargrave 2021-12-09 13:53:05 
TT 550 082.2 045.8 075.5 052.7 5.46E-05 002.3 195.4 -29.6 0.046949 0.182689 0.124093 hargrave 2021-12-10 11:08:35 
TT 565 084.6 045.2 078.4 052.4 5.26E-05 002.4 197.5 -29.5 0.052554 0.183202 0.121349 hargrave 2021-12-11 18:01:58 
TT 580 082.9 046.7 076.1 053.7 5.12E-05 005.6 195.6 -28.6 0.108995 0.480616 0.108931 hargrave 2021-12-12 17:41:31 
TT 600 081.9 043.8 075.7 050.7 5.01E-05 005.9 196.1 -31.5 0.123139 0.496472 0.102989 hargrave 2021-12-13 16:09:49 
TT 610 081.8 043.4 075.6 050.3 4.86E-05 005.5 196.2 -31.9 0.116722 0.468608 0.097135 hargrave 2021-12-14 12:59:50 
TT 620 080.8 045.1 074.1 051.9 4.74E-05 001.9 194.7 -30.6 0.044563 0.123170 0.097131 hargrave 2021-12-15 11:10:02 
TT 630 080.1 045.9 073.1 052.6 4.56E-05 005.4 193.8 -30.0 0.086890 0.414287 0.106041 hargrave 2021-12-16 11:27:56 
TT 640 084.8 045.8 078.5 053.0 4.43E-05 001.4 197.4 -28.9 0.048395 0.061030 0.080371 hargrave 2021-12-17 10:04:07 
TT 650 080.5 045.7 073.6 052.5 4.24E-05 003.4 194.2 -30.1 0.081563 0.222925 0.097819 hargrave 2021-12-17 18:30:05 
TT 655 078.8 046.5 071.5 053.1 4.00E-05 003.6 192.6 -29.8 0.055887 0.228382 0.094941 hargrave 2021-12-20 13:02:08 
TT 660 087.3 045.8 081.4 053.3 3.82E-05 002.3 199.1 -28.1 0.074290 0.101626 0.099421 hargrave 2021-12-21 11:18:53 
TT 665 085.0 046.6 078.5 053.8 3.50E-05 002.3 197.1 -28.1 0.072789 0.111581 0.092287 hargrave 2021-12-22 11:25:58 
TT 670 085.2 045.7 079.0 053.0 1.97E-05 002.5 197.7 -28.9 0.033382 0.052758 0.066347 hargrave 2021-12-23 10:30:08 
TT 672 071.7 045.0 064.0 050.7 1.39E-05 003.0 187.4 -32.4 0.035028 0.051754 0.048707 hargrave 2021-12-23 17:02:49 
TT 675 104.5 053.0 100.6 061.7 5.59E-06 003.9 204.6 -15.9 0.020961 0.031035 0.013578 hargrave 2021-12-24 17:47:42 
TT 678 081.8 054.1 072.4 060.9 4.76E-06 002.7 191.9 -22.0 0.009220 0.020038 0.011201 hargrave 2021-12-27 10:36:33 
TT 682 052.1 -00.9 052.0 002.7 2.58E-06 002.1 135.4 -74.6 0.007816 0.003846 0.004314 hargrave 2021-12-28 10:14:50 
TT 685 337.2 015.6 336.0 008.5 2.57E-06 002.1 106.2 -00.9 0.009524 0.003262 0.004093 hargrave 2021-12-28 17:26:21 
TT 691 017.3 050.5 007.2 048.0 2.13E-06 002.7 151.8 -16.0 0.007844 0.004765 0.006423 hargrave 2021-12-30 10:23:27 
