HF1- 87 mag compass orientation (IGRF corrected)
 102.02 341.8  54.0 207.0   8.0   1.0
NRM    122.4 046.1 123.4 054.1 1.04E-04 001.0 212.5 003.9 0.084939 0.154975 0.084206 hargrave 2021-12-04 18:13:07 
TT 150 121.8 044.9 122.7 052.9 1.00E-04 004.7 212.9 002.7 0.447083 0.681011 0.127361 hargrave 2021-12-06 13:25:57 
TT 300 118.8 046.3 119.1 054.3 9.64E-05 003.0 210.4 002.5 0.206858 0.452166 0.107033 hargrave 2021-12-07 09:35:45 
TT 400 125.8 043.3 127.2 051.2 9.02E-05 003.8 216.1 003.3 0.359056 0.483923 0.086198 hargrave 2021-12-07 18:08:22 
TT 450 122.0 045.1 122.9 053.0 8.79E-05 003.6 212.9 002.9 0.291447 0.471159 0.079613 hargrave 2021-12-08 15:44:17 
TT 500 127.2 042.7 128.8 050.6 8.44E-05 002.2 217.3 003.5 0.176190 0.263466 0.072059 hargrave 2021-12-09 14:03:42 
TT 550 125.0 043.6 126.3 051.5 8.06E-05 000.6 215.5 003.1 0.056100 0.065631 0.067551 hargrave 2021-12-10 11:19:16 
TT 565 127.2 042.7 128.8 050.6 7.72E-05 003.1 217.3 003.5 0.234672 0.340632 0.064689 hargrave 2021-12-11 18:12:35 
TT 580 126.8 042.7 128.4 050.6 7.46E-05 002.4 217.1 003.3 0.201109 0.240963 0.063599 hargrave 2021-12-12 17:52:10 
TT 600 129.7 042.4 131.7 050.1 7.21E-05 001.4 218.9 004.5 0.117000 0.133316 0.060993 hargrave 2021-12-13 16:20:23 
TT 610 129.4 040.5 131.2 048.3 7.01E-05 000.6 220.0 003.0 0.052375 0.061768 0.059881 hargrave 2021-12-14 13:10:24 
TT 620 126.9 042.6 128.5 050.5 6.82E-05 008.0 217.2 003.3 0.573932 0.770152 0.062615 hargrave 2021-12-15 11:21:04 
TT 620 129.4 041.6 131.2 049.4 6.87E-05 000.6 219.2 003.8 0.068661 0.064243 0.042302 hargrave 2021-12-15 14:46:09 
TT 630 127.9 042.7 129.6 050.5 6.68E-05 003.1 217.7 003.8 0.218182 0.288305 0.063565 hargrave 2021-12-16 11:38:32 
TT 640 127.9 042.8 129.6 050.6 6.39E-05 000.7 217.6 003.9 0.041262 0.051929 0.060013 hargrave 2021-12-17 10:14:43 
TT 650 123.6 043.5 124.7 051.4 5.70E-05 003.6 214.8 002.4 0.188411 0.302622 0.061839 hargrave 2021-12-17 18:40:45 
TT 655 126.8 041.5 128.3 049.4 5.07E-05 003.1 217.9 002.4 0.186677 0.206532 0.048012 hargrave 2021-12-20 13:13:33 
TT 660 127.9 042.0 129.6 049.8 4.85E-05 001.2 218.2 003.3 0.061865 0.100935 0.053902 hargrave 2021-12-21 11:27:35 
TT 665 126.5 045.9 128.2 053.7 3.34E-05 001.4 214.8 005.5 0.061837 0.107784 0.034766 hargrave 2021-12-22 11:34:54 
TT 670 127.5 041.4 129.1 049.3 2.44E-05 001.3 218.3 002.7 0.108889 0.068183 0.025617 hargrave 2021-12-23 10:38:58 
TT 672 124.2 046.3 125.5 054.2 1.71E-05 003.1 213.3 004.8 0.054764 0.076451 0.023798 hargrave 2021-12-23 17:11:36 
TT 675 044.5 083.2 344.7 081.2 6.44E-06 001.8 176.4 029.9 0.011367 0.018843 0.009796 hargrave 2021-12-24 17:56:24 
TT 678 099.6 034.7 097.6 042.3 3.84E-06 003.9 203.4 -14.7 0.008890 0.026537 0.003551 hargrave 2021-12-27 10:45:19 
TT 682 065.0 039.7 059.1 044.3 2.85E-06 005.5 174.6 -14.0 0.008078 0.026742 0.004030 hargrave 2021-12-28 10:23:43 
TT 685 260.3 059.2 266.9 052.6 7.18E-07 004.8 169.2 066.1 0.002257 0.005548 0.002186 hargrave 2021-12-28 17:34:59 
TT 691 170.9 008.1 172.1 012.8 1.00E-06 001.2 268.7 012.1 0.001585 0.001864 0.001170 hargrave 2021-12-30 10:33:58 
