HF1- 1 sun compass orientation
  80.05 297.2   9.0 207.0   8.0   1.0
NRM    083.4 -06.6 083.6 000.1 5.18E-05 003.4 237.4 -11.5 0.201607 0.092878 0.223801 hargrave 2021-12-01 09:34:34 
TT 150 083.7 -10.9 084.3 -04.2 5.25E-05 002.9 238.3 -15.8 0.189320 0.075677 0.174718 hargrave 2021-12-01 17:10:23 
TT 300 076.3 -18.4 077.7 -12.2 5.32E-05 002.6 231.8 -24.1 0.090769 0.140145 0.185221 hargrave 2021-12-02 13:25:28 
TT 400 072.2 -22.6 074.2 -16.8 5.02E-05 002.0 228.2 -28.8 0.099015 0.048796 0.140186 hargrave 2021-12-03 11:26:02 
TT 450 068.4 -24.3 070.7 -18.9 4.78E-05 003.0 224.4 -30.9 0.062560 0.160139 0.181540 hargrave 2021-12-04 12:47:23 
TT 500 070.1 -26.6 072.6 -21.0 4.62E-05 002.5 226.5 -33.0 0.142779 0.118952 0.083979 hargrave 2021-12-06 09:01:04 
TT 550 065.9 -29.1 068.9 -23.9 4.21E-05 002.5 222.4 -35.9 0.099482 0.058881 0.148726 hargrave 2021-12-06 17:03:34 
TT 565 065.0 -27.8 067.9 -22.7 4.04E-05 002.5 221.3 -34.7 0.056457 0.086470 0.155272 hargrave 2021-12-07 13:23:15 
TT 580 062.7 -27.8 065.7 -23.0 4.00E-05 001.6 218.8 -35.0 0.053875 0.046640 0.106944 hargrave 2021-12-08 11:21:57 
TT 600 059.6 -27.0 062.7 -22.5 3.68E-05 002.6 215.4 -34.5 0.075706 0.070564 0.131853 hargrave 2021-12-09 08:57:14 
TT 610 059.0 -28.1 062.3 -23.6 3.75E-05 003.5 214.9 -35.6 0.091651 0.183301 0.109402 hargrave 2021-12-09 17:33:02 
TT 620 060.5 -27.4 063.6 -22.8 3.50E-05 003.0 216.4 -34.8 0.066687 0.100526 0.142957 hargrave 2021-12-10 15:34:08 
TT 630 060.6 -27.4 063.7 -22.8 3.71E-05 002.9 216.5 -34.8 0.105361 0.063313 0.148530 hargrave 2021-12-12 12:49:22 
TT 640 057.5 -29.1 061.0 -24.9 3.41E-05 002.8 213.4 -36.8 0.070104 0.084614 0.133277 hargrave 2021-12-13 11:16:00 
TT 650 057.7 -30.9 061.4 -26.6 3.32E-05 002.6 213.8 -38.5 0.073025 0.076779 0.108960 hargrave 2021-12-14 08:48:37 
TT 655 056.1 -33.9 060.4 -29.7 3.25E-05 003.1 212.5 -41.6 0.114403 0.051654 0.125382 hargrave 2021-12-14 17:46:46 
TT 660 050.7 -26.9 054.1 -23.5 2.28E-05 003.6 205.8 -35.1 0.071465 0.082423 0.102863 hargrave 2021-12-15 17:28:16 
TT 665 045.2 -35.3 050.2 -32.5 1.68E-05 004.4 200.4 -43.8 0.068904 0.091252 0.073410 hargrave 2021-12-16 15:11:07 
TT 670 055.8 -34.2 060.1 -30.1 1.77E-05 004.0 212.2 -42.0 0.053631 0.100637 0.057985 hargrave 2021-12-17 13:47:06 
TT 673 050.7 -28.8 054.4 -25.4 7.65E-06 006.1 205.9 -37.0 0.049923 0.047033 0.052148 hargrave 2021-12-19 17:16:53 
TT 675 045.2 -09.9 046.3 -07.3 3.15E-06 006.8 198.7 -18.4 0.008554 0.007926 0.037609 hargrave 2021-12-20 16:32:17 
TT 679 307.2 -29.7 308.2 -37.6 2.93E-06 002.8 094.8 -30.9 0.005297 0.005364 0.015737 hargrave 2021-12-21 15:05:26 
TT 683 078.0 021.9 075.6 028.1 2.81E-06 008.0 228.4 016.1 0.020988 0.013485 0.031510 hargrave 2021-12-22 15:07:04 
TT 687 324.9 -02.2 325.3 -09.2 5.21E-06 002.2 117.1 -06.3 0.020477 0.006640 0.009335 hargrave 2021-12-23 13:42:46 
