HF1- 98 sun compass orientation
 110.92 324.1  52.0 207.0   8.0   1.0
NRM    103.1 043.1 100.9 050.8 4.11E-05 001.2 213.5 002.5 0.057316 0.082317 0.036152 hargrave 2021-12-04 18:27:54 
TT 150 098.2 044.8 095.0 052.3 4.01E-05 001.9 209.6 001.8 0.107289 0.097835 0.037463 hargrave 2021-12-06 13:40:49 
TT 300 107.4 042.1 105.9 049.9 3.51E-05 001.8 216.6 003.6 0.092770 0.052599 0.054143 hargrave 2021-12-07 09:50:36 
TT 400 114.8 045.1 114.4 053.1 3.12E-05 001.5 218.6 009.4 0.071546 0.058270 0.023229 hargrave 2021-12-07 18:24:10 
TT 450 112.1 048.7 111.1 056.7 2.88E-05 001.5 214.7 010.8 0.034577 0.070326 0.031414 hargrave 2021-12-08 15:59:07 
TT 500 113.4 052.2 112.6 060.2 2.70E-05 005.8 212.9 013.9 0.151816 0.231266 0.020695 hargrave 2021-12-09 14:19:36 
TT 550 105.8 057.1 102.6 064.9 2.50E-05 007.8 206.1 014.6 0.159637 0.303864 0.026504 hargrave 2021-12-10 11:35:01 
TT 565 121.4 048.0 122.3 055.9 2.36E-05 001.4 219.7 014.7 0.038299 0.053809 0.015745 hargrave 2021-12-11 18:28:17 
TT 580 123.9 048.0 125.3 055.9 2.35E-05 006.9 220.8 016.0 0.189656 0.211022 0.021690 hargrave 2021-12-12 18:07:11 
TT 600 115.3 056.8 114.9 064.8 2.00E-05 006.1 210.3 017.9 0.108609 0.186618 0.013476 hargrave 2021-12-13 16:35:16 
TT 610 119.5 052.4 120.1 060.4 2.11E-05 001.9 215.4 016.7 0.049617 0.060469 0.013865 hargrave 2021-12-14 13:25:14 
TT 620 121.2 054.9 122.3 062.9 2.09E-05 004.4 214.1 019.1 0.093819 0.134146 0.017309 hargrave 2021-12-15 11:36:26 
TT 630 126.5 055.9 129.1 063.8 1.97E-05 003.1 215.2 022.1 0.065676 0.088410 0.019866 hargrave 2021-12-16 11:53:25 
TT 640 127.6 054.3 130.3 062.2 1.97E-05 002.6 217.0 021.7 0.058355 0.077242 0.013797 hargrave 2021-12-17 10:29:43 
TT 650 132.5 056.1 136.7 063.7 2.00E-05 001.8 217.1 025.0 0.042678 0.056135 0.018538 hargrave 2021-12-17 18:55:42 
TT 655 141.3 056.6 147.7 063.7 1.73E-05 001.7 219.2 029.5 0.028857 0.044653 0.018329 hargrave 2021-12-20 13:29:19 
TT 660 148.3 055.7 156.0 062.3 1.82E-05 001.4 221.9 032.8 0.045054 0.019874 0.010482 hargrave 2021-12-21 11:39:35 
TT 665 161.5 063.4 175.6 068.4 1.05E-05 002.3 214.5 041.0 0.020634 0.038583 0.008004 hargrave 2021-12-22 11:48:04 
TT 670 143.0 057.7 150.2 064.6 9.77E-06 001.5 218.5 030.8 0.022269 0.013444 0.007746 hargrave 2021-12-23 10:51:54 
TT 672 144.1 065.0 154.9 071.8 7.96E-06 002.8 210.6 033.9 0.021262 0.034983 0.009663 hargrave 2021-12-23 17:23:47 
TT 675 166.5 057.7 177.9 062.3 7.26E-06 002.4 222.4 042.9 0.022970 0.022568 0.004067 hargrave 2021-12-24 18:08:34 
TT 678 149.8 003.2 150.3 009.9 2.68E-06 003.2 271.0 006.4 0.014777 0.005106 0.002524 hargrave 2021-12-27 10:57:32 
TT 682 158.8 022.8 161.4 028.7 3.14E-06 004.0 259.7 025.0 0.022375 0.006694 0.002754 hargrave 2021-12-28 10:35:53 
TT 685 281.2 003.6 281.2 -04.1 1.55E-06 005.7 063.2 035.0 0.011159 0.011612 0.001428 hargrave 2021-12-28 17:47:04 
TT 691 237.3 018.4 239.3 014.2 2.40E-06 000.5 008.9 070.2 0.002207 0.001408 0.002707 hargrave 2021-12-30 10:48:44 
