HF1- 61 mag compass orientation (IGRF corrected)
   96.7 339.8  40.0 207.0   8.0   1.0
NRM    097.1 014.9 096.2 022.4 7.70E-05 001.1 208.3 -20.8 0.045166 0.063760 0.143315 hargrave 2021-12-01 11:13:35 
TT 150 100.4 010.8 099.8 018.4 7.66E-05 003.8 213.1 -23.6 0.281834 0.396453 0.149859 hargrave 2021-12-01 18:49:08 
TT 300 096.5 010.8 095.7 018.2 7.32E-05 003.8 209.1 -24.9 0.212854 0.412107 0.162407 hargrave 2021-12-02 15:05:43 
TT 400 094.9 011.1 094.1 018.5 7.00E-05 003.8 207.4 -25.1 0.225729 0.389917 0.142411 hargrave 2021-12-03 13:04:37 
TT 450 100.0 008.9 099.5 016.5 6.73E-05 001.3 213.4 -25.5 0.069582 0.108311 0.119665 hargrave 2021-12-04 14:25:08 
TT 500 098.9 009.0 098.4 016.6 6.47E-05 002.5 212.3 -25.8 0.142365 0.237621 0.118012 hargrave 2021-12-06 10:39:01 
TT 550 096.4 009.2 095.8 016.7 6.11E-05 002.0 209.6 -26.4 0.118150 0.163994 0.110595 hargrave 2021-12-06 18:40:24 
TT 565 100.0 007.9 099.5 015.6 5.99E-05 002.4 213.8 -26.4 0.136722 0.204557 0.107171 hargrave 2021-12-07 15:00:51 
TT 580 095.4 009.1 094.8 016.5 5.87E-05 001.5 208.6 -26.8 0.076763 0.104122 0.112636 hargrave 2021-12-08 13:00:42 
TT 600 095.2 009.0 094.5 016.4 5.55E-05 002.8 208.4 -27.0 0.126381 0.229194 0.098495 hargrave 2021-12-09 10:35:40 
TT 610 094.1 008.7 093.4 016.1 5.25E-05 003.0 207.3 -27.6 0.123708 0.236165 0.103278 hargrave 2021-12-09 19:10:41 
TT 620 094.2 009.1 093.5 016.4 5.20E-05 002.6 207.3 -27.2 0.122056 0.192835 0.092624 hargrave 2021-12-10 17:12:34 
TT 630 095.9 008.2 095.3 015.7 5.14E-05 002.1 209.4 -27.5 0.103098 0.158312 0.091843 hargrave 2021-12-12 14:26:57 
TT 640 097.0 007.4 096.5 014.9 5.03E-05 001.8 210.9 -27.9 0.086315 0.126462 0.087902 hargrave 2021-12-13 12:56:11 
TT 650 094.7 007.7 094.1 015.1 4.86E-05 001.7 208.3 -28.4 0.080598 0.116263 0.086793 hargrave 2021-12-14 10:25:25 
TT 655 095.9 007.2 095.4 014.6 4.72E-05 002.8 209.8 -28.5 0.112568 0.201333 0.085492 hargrave 2021-12-14 19:23:29 
TT 660 097.1 007.5 096.5 015.0 4.51E-05 001.0 210.9 -27.8 0.051441 0.047005 0.083679 hargrave 2021-12-15 19:05:11 
TT 665 096.1 006.9 095.6 014.3 4.30E-05 002.3 210.1 -28.7 0.081279 0.145053 0.080916 hargrave 2021-12-16 16:49:05 
TT 670 095.8 007.1 095.2 014.5 3.19E-05 001.2 209.7 -28.6 0.042746 0.048423 0.061991 hargrave 2021-12-17 15:23:13 
TT 673 097.9 008.4 097.3 015.9 2.08E-05 002.8 211.4 -26.7 0.048785 0.092537 0.042744 hargrave 2021-12-19 18:53:38 
TT 675 099.6 -01.2 099.5 006.5 1.28E-05 003.7 217.3 -35.0 0.048323 0.067980 0.015082 hargrave 2021-12-20 18:09:06 
TT 679 099.4 -02.5 099.4 005.1 4.10E-06 003.5 217.8 -36.3 0.012814 0.021869 0.010959 hargrave 2021-12-21 16:25:14 
TT 683 076.9 041.3 071.6 047.2 1.96E-06 002.4 185.3 001.5 0.005739 0.007760 0.003389 hargrave 2021-12-22 16:26:45 
TT 687 045.0 023.0 041.6 025.2 2.98E-06 003.1 156.6 -13.8 0.012419 0.010067 0.007322 hargrave 2021-12-23 15:02:48 
