HF1- 106 sun compass orientation
 111.73 336.3  45.0 207.0   8.0   1.0
NRM    033.4 -13.7 035.3 -12.7 3.65E-05 002.6 127.8 -48.1 0.134117 0.104245 0.022701 hargrave 2021-12-04 18:37:07 
TT 150 036.5 -16.1 038.7 -14.6 3.71E-05 000.9 129.5 -51.8 0.044258 0.047690 0.020546 hargrave 2021-12-06 13:50:06 
TT 300 039.1 -19.4 041.7 -17.6 3.62E-05 001.4 129.7 -55.9 0.059907 0.067615 0.039152 hargrave 2021-12-07 09:59:59 
TT 400 039.3 -18.6 041.7 -16.7 3.38E-05 001.2 130.8 -55.3 0.041823 0.056293 0.031721 hargrave 2021-12-07 18:34:14 
TT 450 040.6 -18.9 043.1 -16.8 3.33E-05 001.2 132.4 -56.3 0.044611 0.055606 0.023091 hargrave 2021-12-08 16:08:25 
TT 500 039.6 -18.6 042.1 -16.6 3.11E-05 002.1 131.3 -55.5 0.084703 0.078067 0.022019 hargrave 2021-12-09 14:28:56 
TT 550 053.8 -31.8 057.8 -28.0 2.61E-05 020.8 139.2 -73.6 0.437824 0.929740 0.033337 hargrave 2021-12-10 11:44:23 
TT 550 038.6 -19.7 041.3 -17.9 3.00E-05 000.8 128.8 -55.9 0.012678 0.043316 0.019938 hargrave 2021-12-10 13:17:33 
TT 565 037.4 -19.7 040.1 -18.0 2.89E-05 002.3 127.2 -55.2 0.091544 0.074833 0.026579 hargrave 2021-12-11 18:37:35 
TT 580 039.8 -17.5 042.1 -15.6 2.81E-05 002.2 132.5 -54.7 0.076715 0.075405 0.028548 hargrave 2021-12-12 18:16:30 
TT 600 034.7 -18.4 037.2 -17.1 2.79E-05 002.7 125.0 -52.6 0.097691 0.085374 0.028584 hargrave 2021-12-13 16:44:39 
TT 610 034.2 -20.9 037.1 -19.7 2.68E-05 001.9 121.7 -54.3 0.075499 0.041385 0.026164 hargrave 2021-12-14 13:34:34 
TT 620 037.6 -18.2 040.1 -16.5 2.67E-05 001.1 129.0 -54.1 0.040383 0.036256 0.023895 hargrave 2021-12-15 11:45:52 
TT 630 034.3 -20.7 037.2 -19.5 2.55E-05 001.5 122.1 -54.2 0.051009 0.044445 0.027585 hargrave 2021-12-16 12:02:49 
TT 640 038.0 -19.5 040.7 -17.8 2.58E-05 001.4 128.2 -55.4 0.044755 0.045575 0.026460 hargrave 2021-12-17 10:39:07 
TT 650 034.5 -23.6 037.8 -22.4 2.35E-05 001.3 118.9 -56.5 0.037913 0.034715 0.022125 hargrave 2021-12-17 19:05:00 
TT 655 036.2 -20.5 039.0 -19.0 2.31E-05 001.1 124.7 -55.1 0.034030 0.025455 0.019529 hargrave 2021-12-20 13:38:40 
TT 660 036.0 -21.2 038.9 -19.8 2.06E-05 002.4 123.6 -55.6 0.067255 0.051119 0.021169 hargrave 2021-12-21 11:47:15 
TT 665 034.1 -24.3 037.6 -23.1 1.92E-05 001.7 117.6 -56.8 0.045765 0.033232 0.024867 hargrave 2021-12-22 11:55:52 
TT 670 031.9 -22.7 035.1 -21.8 1.88E-05 001.8 116.9 -54.2 0.049787 0.026514 0.024605 hargrave 2021-12-23 10:59:42 
TT 672 032.6 -32.4 037.5 -31.2 1.59E-05 000.8 104.2 -61.1 0.013938 0.009892 0.020913 hargrave 2021-12-23 17:31:26 
TT 675 034.4 -35.9 040.0 -34.5 1.25E-05 001.8 099.5 -64.3 0.039817 0.007624 0.005711 hargrave 2021-12-24 18:16:08 
TT 678 037.9 -33.9 042.9 -32.1 1.13E-05 001.9 107.1 -65.6 0.035152 0.010226 0.007744 hargrave 2021-12-27 11:05:16 
TT 682 059.4 -33.7 063.5 -29.1 6.30E-06 001.8 152.6 -77.5 0.008833 0.017260 0.002388 hargrave 2021-12-28 10:43:42 
TT 685 043.5 -33.7 048.3 -31.1 6.56E-06 001.0 114.9 -69.2 0.006733 0.008791 0.002628 hargrave 2021-12-28 17:54:39 
TT 691 127.1 002.7 127.3 010.6 1.69E-06 008.1 246.6 -18.1 0.020712 0.012522 0.002808 hargrave 2021-12-30 10:57:58 
