HF1- 44 mag compass orientation (IGRF corrected)
  89.85 349.8  53.0 208.5   9.0   1.0
NRM    096.6 003.1 096.2 011.4 8.96E-05 002.7 205.0 -47.0 0.179932 0.374070 0.094686 hargrave 2021-12-01 10:43:24 
TT 150 096.6 000.7 096.3 009.0 9.00E-05 001.9 206.2 -49.2 0.160484 0.249145 0.100873 hargrave 2021-12-01 18:19:07 
TT 300 097.3 -01.2 097.1 007.2 8.72E-05 001.0 208.3 -50.7 0.078400 0.111492 0.101305 hargrave 2021-12-02 14:35:37 
TT 400 097.8 -01.8 097.7 006.6 8.33E-05 000.9 209.4 -51.1 0.053439 0.114157 0.081725 hargrave 2021-12-03 12:35:10 
TT 450 099.5 -02.7 099.4 005.8 8.08E-05 001.3 212.5 -51.2 0.117247 0.136690 0.076655 hargrave 2021-12-04 13:55:45 
TT 500 100.2 -03.0 100.1 005.5 7.75E-05 000.8 213.7 -51.2 0.070318 0.066922 0.072730 hargrave 2021-12-06 10:09:29 
TT 550 099.7 -03.0 099.6 005.5 7.19E-05 001.9 213.1 -51.4 0.133027 0.205659 0.056004 hargrave 2021-12-06 18:11:22 
TT 565 098.9 -03.1 098.8 005.4 7.05E-05 001.4 211.9 -51.8 0.106285 0.126820 0.071284 hargrave 2021-12-07 14:31:25 
TT 580 098.8 -02.6 098.7 005.9 6.89E-05 001.5 211.4 -51.4 0.101727 0.147659 0.068268 hargrave 2021-12-08 12:31:10 
TT 600 097.8 -03.0 097.7 005.4 6.53E-05 001.3 210.2 -52.2 0.066784 0.137560 0.066866 hargrave 2021-12-09 10:06:08 
TT 610 098.4 -02.9 098.3 005.6 6.44E-05 002.4 211.0 -51.9 0.143243 0.233373 0.063654 hargrave 2021-12-09 18:41:16 
TT 620 096.0 -02.0 095.9 006.3 6.38E-05 001.0 206.9 -51.9 0.056081 0.102060 0.060454 hargrave 2021-12-10 16:43:02 
TT 630 097.8 -03.2 097.7 005.2 6.21E-05 001.5 210.3 -52.4 0.085912 0.138179 0.061633 hargrave 2021-12-12 13:58:20 
TT 640 097.9 -03.7 097.9 004.7 5.99E-05 000.8 210.8 -52.8 0.043513 0.068525 0.054259 hargrave 2021-12-13 12:26:36 
TT 650 100.3 -03.3 100.3 005.3 5.66E-05 000.8 214.0 -51.4 0.054635 0.068250 0.045209 hargrave 2021-12-14 09:56:49 
TT 655 099.8 -04.3 099.8 004.2 5.55E-05 001.6 214.1 -52.5 0.101430 0.120558 0.053130 hargrave 2021-12-14 18:54:58 
TT 660 098.5 -03.5 098.5 005.0 5.03E-05 000.9 211.6 -52.4 0.034563 0.074470 0.052320 hargrave 2021-12-15 18:36:33 
TT 665 099.1 -03.9 099.1 004.6 4.71E-05 002.0 212.8 -52.5 0.096678 0.135291 0.050487 hargrave 2021-12-16 16:20:18 
TT 670 100.2 -02.9 100.1 005.6 3.92E-05 001.0 213.7 -51.1 0.042136 0.046576 0.041949 hargrave 2021-12-17 14:54:37 
TT 673 099.1 -01.1 098.9 007.4 2.63E-05 002.9 210.8 -49.9 0.069674 0.116614 0.038370 hargrave 2021-12-19 18:24:56 
TT 675 101.0 -06.8 101.1 001.8 1.69E-05 002.1 217.8 -54.2 0.042608 0.045830 0.011489 hargrave 2021-12-20 17:39:35 
TT 679 092.8 002.7 092.3 010.8 9.34E-06 001.2 199.9 -48.5 0.013798 0.016932 0.012080 hargrave 2021-12-21 16:01:26 
TT 683 107.7 -09.7 107.9 -00.9 3.70E-06 001.2 229.8 -52.8 0.005902 0.008033 0.003391 hargrave 2021-12-22 16:02:40 
TT 687 060.6 -02.0 060.5 002.8 2.91E-06 001.9 148.7 -50.8 0.008119 0.005675 0.003422 hargrave 2021-12-23 14:38:32 
