HF1- 27 mag compass orientation (IGRF corrected)
     88 352.8  58.0 207.0   8.0   1.0
NRM    077.8 041.9 072.4 047.8 7.70E-05 001.8 176.1 -16.0 0.041247 0.184281 0.151399 hargrave 2021-12-01 10:14:21 
TT 150 077.9 039.8 072.9 045.7 7.28E-05 001.1 176.0 -18.1 0.042535 0.049478 0.128501 hargrave 2021-12-01 17:50:11 
TT 300 081.7 039.9 077.1 046.2 6.91E-05 002.3 179.1 -18.1 0.036345 0.250426 0.128696 hargrave 2021-12-02 14:05:06 
TT 400 079.1 041.5 074.0 047.6 6.47E-05 001.7 177.1 -16.4 0.062199 0.148978 0.122579 hargrave 2021-12-03 12:05:59 
TT 450 079.5 042.5 074.3 048.7 6.20E-05 001.5 177.5 -15.4 0.052560 0.123634 0.108294 hargrave 2021-12-04 13:26:32 
TT 500 078.7 041.8 073.5 047.9 6.04E-05 001.1 176.8 -16.1 0.052363 0.081049 0.086368 hargrave 2021-12-06 09:40:15 
TT 550 086.8 041.4 082.5 048.2 5.53E-05 001.2 183.1 -16.5 0.050403 0.069857 0.089856 hargrave 2021-12-06 17:42:30 
TT 565 078.9 041.6 073.8 047.7 5.44E-05 001.3 177.0 -16.3 0.048623 0.083252 0.090972 hargrave 2021-12-07 14:02:23 
TT 580 080.1 041.5 075.1 047.7 5.26E-05 001.5 177.9 -16.5 0.056558 0.109182 0.086591 hargrave 2021-12-08 12:01:58 
TT 600 085.1 039.3 081.0 045.9 4.93E-05 003.2 181.9 -18.7 0.044504 0.255086 0.102514 hargrave 2021-12-09 09:37:04 
TT 610 083.6 041.0 079.0 047.5 4.82E-05 002.3 180.6 -17.0 0.036494 0.181229 0.079427 hargrave 2021-12-09 18:12:07 
TT 620 081.7 041.1 076.9 047.4 4.63E-05 002.7 179.1 -16.9 0.035752 0.205283 0.075194 hargrave 2021-12-10 16:13:52 
TT 630 076.2 041.6 070.8 047.4 4.43E-05 001.4 174.9 -16.2 0.042454 0.064035 0.088776 hargrave 2021-12-12 13:29:16 
TT 640 079.1 041.6 073.9 047.7 4.23E-05 003.2 177.1 -16.3 0.022906 0.217925 0.086487 hargrave 2021-12-13 11:56:38 
TT 650 075.3 040.2 070.1 045.9 3.79E-05 002.6 174.0 -17.5 0.050609 0.158834 0.057257 hargrave 2021-12-14 09:27:42 
TT 655 074.6 043.5 068.6 049.2 3.62E-05 001.3 173.9 -14.1 0.038051 0.056844 0.060176 hargrave 2021-12-14 18:25:46 
TT 660 075.4 038.1 070.5 043.8 3.27E-05 001.3 173.8 -19.6 0.031916 0.051116 0.054329 hargrave 2021-12-15 18:07:22 
TT 665 073.4 040.7 068.0 046.2 3.12E-05 001.6 172.6 -16.8 0.029223 0.071487 0.049353 hargrave 2021-12-16 15:51:04 
TT 670 075.7 037.4 071.0 043.2 2.54E-05 002.4 174.0 -20.3 0.011278 0.102769 0.034935 hargrave 2021-12-17 14:25:29 
TT 673 083.5 042.8 078.6 049.3 1.91E-05 001.3 180.5 -15.2 0.006821 0.030727 0.030790 hargrave 2021-12-19 17:55:50 
TT 675 086.1 040.3 081.9 047.1 1.24E-05 001.7 182.6 -17.6 0.025121 0.031210 0.017667 hargrave 2021-12-20 17:10:27 
TT 679 066.0 028.2 062.2 033.1 6.55E-06 001.2 163.3 -27.7 0.010574 0.006999 0.008976 hargrave 2021-12-21 15:36:49 
TT 683 081.5 047.6 075.4 053.9 4.75E-06 002.0 179.1 -10.4 0.009872 0.010050 0.012611 hargrave 2021-12-22 15:38:35 
TT 687 036.4 074.3 008.3 073.6 1.05E-06 004.4 167.9 020.6 0.004333 0.007020 0.004113 hargrave 2021-12-23 14:14:14 
