HF1- 30 mag compass orientation (IGRF corrected)
  86.95 353.8  74.0 208.5   9.0   1.0
NRM    060.2 -11.1 061.4 -06.3 4.73E-05 001.4 099.0 -66.6 0.090571 0.070488 0.020469 hargrave 2021-12-01 10:18:46 
TT 150 060.6 -16.3 062.5 -11.4 4.75E-05 003.7 085.9 -67.7 0.300277 0.084096 0.031211 hargrave 2021-12-01 17:54:36 
TT 300 058.7 -17.3 060.8 -12.6 4.61E-05 002.2 083.4 -65.9 0.153413 0.089191 0.021417 hargrave 2021-12-02 14:09:31 
TT 400 057.3 -19.6 059.7 -15.1 4.29E-05 001.1 077.9 -64.5 0.037698 0.078313 0.022356 hargrave 2021-12-03 12:10:25 
TT 450 056.2 -22.8 059.2 -18.4 4.06E-05 003.7 071.0 -63.1 0.227504 0.132083 0.026183 hargrave 2021-12-04 13:31:00 
TT 500 054.0 -19.9 056.6 -15.8 3.90E-05 001.9 077.6 -61.4 0.083328 0.102956 0.027867 hargrave 2021-12-06 09:44:42 
TT 550 053.5 -20.9 056.3 -16.9 3.61E-05 001.7 075.7 -60.9 0.075675 0.073055 0.023930 hargrave 2021-12-06 17:46:55 
TT 565 052.7 -20.9 055.5 -17.0 3.48E-05 001.3 075.8 -60.1 0.035946 0.071038 0.023057 hargrave 2021-12-07 14:06:48 
TT 580 053.4 -22.3 056.4 -18.3 3.38E-05 001.2 072.9 -60.7 0.036917 0.061951 0.023234 hargrave 2021-12-08 12:06:25 
TT 600 054.1 -21.9 057.0 -17.8 3.25E-05 001.3 073.4 -61.3 0.036554 0.065121 0.021375 hargrave 2021-12-09 09:41:30 
TT 610 053.6 -24.2 056.9 -20.1 3.06E-05 001.9 069.0 -60.6 0.058662 0.088170 0.022958 hargrave 2021-12-09 18:16:34 
TT 620 052.9 -24.2 056.2 -20.2 3.03E-05 001.5 069.2 -59.9 0.037403 0.074055 0.024505 hargrave 2021-12-10 16:18:23 
TT 630 052.4 -26.6 056.1 -22.7 2.91E-05 001.3 064.8 -59.0 0.041490 0.055118 0.020731 hargrave 2021-12-12 13:33:42 
TT 640 050.5 -21.2 053.4 -17.6 2.78E-05 005.0 075.5 -58.1 0.222120 0.094512 0.020196 hargrave 2021-12-13 12:01:05 
TT 650 053.6 -27.5 057.4 -23.4 2.58E-05 002.2 062.5 -59.8 0.061105 0.080646 0.018491 hargrave 2021-12-14 09:32:08 
TT 655 050.3 -23.4 053.6 -19.8 2.43E-05 002.5 071.4 -57.7 0.079500 0.070306 0.020189 hargrave 2021-12-14 18:30:13 
TT 660 054.4 -21.4 057.2 -17.3 2.17E-05 002.6 074.5 -61.7 0.071026 0.071317 0.016247 hargrave 2021-12-15 18:11:48 
TT 665 054.5 -22.4 057.5 -18.2 1.83E-05 004.2 072.4 -61.7 0.115664 0.069760 0.015721 hargrave 2021-12-16 15:55:31 
TT 670 058.7 -26.9 062.2 -22.1 1.22E-05 001.1 060.7 -64.3 0.011551 0.023503 0.015506 hargrave 2021-12-17 14:29:58 
TT 673 053.8 -20.2 056.4 -16.2 7.44E-06 004.5 077.0 -61.2 0.053723 0.024656 0.016674 hargrave 2021-12-19 18:00:16 
TT 675 057.7 -20.9 060.3 -16.3 6.91E-06 001.4 074.9 -64.8 0.011259 0.012267 0.005428 hargrave 2021-12-20 17:14:53 
TT 679 018.0 -17.7 021.0 -19.1 3.64E-06 003.7 078.0 -27.3 0.022119 0.007829 0.005468 hargrave 2021-12-21 15:40:26 
TT 683 000.4 -07.7 001.8 -11.9 1.60E-06 001.2 084.3 -08.4 0.001504 0.004281 0.002916 hargrave 2021-12-22 15:42:10 
TT 687 300.6 -06.6 300.7 -15.6 4.19E-07 010.6 061.0 047.1 0.005372 0.006542 0.001017 hargrave 2021-12-23 14:17:52 
