HF1- 45 mag compass orientation (IGRF corrected)
   89.9 342.8  87.0 207.0   8.0   1.0
NRM    100.3 -15.6 100.8 -07.9 8.66E-05 001.2 296.7 -60.1 0.129440 0.109635 0.078191 hargrave 2021-12-01 10:45:03 
TT 150 100.8 -18.2 101.4 -10.5 8.86E-05 002.3 301.0 -58.6 0.325668 0.143045 0.040331 hargrave 2021-12-01 18:20:46 
TT 300 101.5 -17.5 102.1 -09.8 8.67E-05 002.9 299.2 -58.3 0.357383 0.248924 0.058574 hargrave 2021-12-02 14:37:17 
TT 400 099.9 -20.6 100.6 -13.0 8.30E-05 002.8 305.9 -58.3 0.315418 0.258434 0.039663 hargrave 2021-12-03 12:36:50 
TT 450 100.4 -20.1 101.1 -12.4 8.09E-05 000.7 304.5 -58.1 0.085158 0.064879 0.036876 hargrave 2021-12-04 13:57:25 
TT 500 101.1 -17.9 101.6 -10.2 7.74E-05 000.5 300.3 -58.5 0.055673 0.045436 0.038740 hargrave 2021-12-06 10:11:09 
TT 550 100.9 -18.6 101.4 -10.9 7.26E-05 000.6 301.7 -58.4 0.075279 0.034740 0.033014 hargrave 2021-12-06 18:13:01 
TT 565 099.5 -19.8 100.2 -12.2 7.06E-05 001.5 304.9 -59.0 0.165138 0.081443 0.030247 hargrave 2021-12-07 14:33:05 
TT 580 099.7 -19.2 100.3 -11.6 6.85E-05 001.6 303.7 -59.1 0.178034 0.083930 0.029060 hargrave 2021-12-08 12:32:50 
TT 600 099.7 -18.7 100.4 -11.1 6.64E-05 003.0 302.8 -59.3 0.315301 0.164610 0.028042 hargrave 2021-12-09 10:07:52 
TT 610 098.7 -18.3 099.3 -10.7 6.49E-05 000.6 302.9 -60.4 0.050873 0.050161 0.027152 hargrave 2021-12-09 18:42:56 
TT 620 098.6 -20.1 099.3 -12.4 6.29E-05 004.4 306.1 -59.6 0.393334 0.290912 0.026544 hargrave 2021-12-10 16:44:45 
TT 630 097.6 -21.1 098.4 -13.6 6.23E-05 002.7 308.9 -59.8 0.244735 0.162275 0.026577 hargrave 2021-12-12 14:00:00 
TT 640 098.6 -18.9 099.2 -11.3 6.03E-05 003.3 304.2 -60.2 0.300302 0.175643 0.025565 hargrave 2021-12-13 12:28:16 
TT 650 099.5 -18.8 100.1 -11.1 5.70E-05 002.3 303.1 -59.5 0.197348 0.131058 0.024432 hargrave 2021-12-14 09:58:29 
TT 655 099.2 -19.4 099.8 -11.7 5.52E-05 001.0 304.4 -59.5 0.066301 0.076533 0.025031 hargrave 2021-12-14 18:56:39 
TT 660 098.0 -21.0 098.8 -13.4 4.99E-05 002.8 308.2 -59.6 0.186482 0.165936 0.022557 hargrave 2021-12-15 18:38:13 
TT 665 100.3 -19.6 101.0 -11.9 4.68E-05 001.3 303.8 -58.4 0.093215 0.067540 0.021914 hargrave 2021-12-16 16:21:58 
TT 670 100.1 -20.2 100.8 -12.5 3.49E-05 001.2 305.0 -58.3 0.063480 0.053189 0.021467 hargrave 2021-12-17 14:56:17 
TT 673 097.3 -21.5 098.1 -13.9 2.07E-05 001.2 309.8 -59.9 0.038025 0.026563 0.017266 hargrave 2021-12-19 18:26:39 
TT 675 102.6 -27.1 103.4 -19.4 1.48E-05 001.9 313.2 -52.7 0.041661 0.030043 0.020777 hargrave 2021-12-20 17:41:19 
TT 679 100.9 -23.3 101.6 -15.6 7.16E-06 000.9 309.2 -56.1 0.007609 0.004934 0.008557 hargrave 2021-12-21 16:02:48 
TT 683 111.2 -01.9 111.2 006.1 4.45E-06 003.0 269.2 -51.6 0.022149 0.008500 0.002073 hargrave 2021-12-22 16:04:02 
TT 687 029.1 020.5 026.1 020.6 1.93E-06 003.9 120.8 -41.1 0.007763 0.011946 0.001053 hargrave 2021-12-23 14:39:58 
