HF1- 48 mag compass orientation (IGRF corrected)
   91.8  26.8  26.0 207.0   8.0   1.0
NRM    068.3 022.9 065.4 028.0 6.37E-05 001.3 136.2 004.7 0.098917 0.103659 0.056561 hargrave 2021-12-01 10:51:00 
TT 150 072.2 017.9 070.1 023.5 5.99E-05 002.3 138.1 -01.2 0.150477 0.183071 0.054531 hargrave 2021-12-01 18:26:42 
TT 300 075.5 014.3 073.8 020.2 5.42E-05 001.4 140.0 -05.6 0.073380 0.115468 0.048716 hargrave 2021-12-02 14:43:11 
TT 400 074.8 012.0 073.4 017.8 4.88E-05 002.2 138.7 -07.6 0.115391 0.153552 0.044062 hargrave 2021-12-03 12:41:58 
TT 450 074.1 010.0 072.8 015.8 4.52E-05 000.8 137.4 -09.3 0.030764 0.062229 0.040904 hargrave 2021-12-04 14:02:32 
TT 500 075.6 010.4 074.3 016.4 4.18E-05 001.2 139.0 -09.3 0.086008 0.069670 0.037202 hargrave 2021-12-06 10:16:17 
TT 550 075.8 008.9 074.7 014.9 3.84E-05 001.0 138.7 -10.8 0.059068 0.050339 0.034905 hargrave 2021-12-06 18:18:05 
TT 565 076.9 011.4 075.5 017.5 3.69E-05 001.1 140.5 -08.7 0.059126 0.051964 0.033640 hargrave 2021-12-07 14:38:13 
TT 580 076.8 010.8 075.5 016.8 3.41E-05 001.3 140.2 -09.3 0.065143 0.058598 0.030788 hargrave 2021-12-08 12:37:58 
TT 600 076.8 010.0 075.6 016.0 3.15E-05 001.1 140.0 -10.1 0.058443 0.051039 0.029173 hargrave 2021-12-09 10:13:01 
TT 610 077.4 009.5 076.2 015.6 2.84E-05 001.6 140.4 -10.7 0.052186 0.064969 0.026541 hargrave 2021-12-09 18:48:03 
TT 620 075.1 007.4 074.1 013.3 2.72E-05 005.2 137.6 -12.1 0.161818 0.198426 0.026096 hargrave 2021-12-10 16:49:51 
TT 630 074.7 005.8 073.9 011.6 2.59E-05 003.5 136.7 -13.5 0.102771 0.129151 0.025663 hargrave 2021-12-12 14:05:08 
TT 640 075.5 009.7 074.2 015.6 2.35E-05 003.7 138.6 -10.0 0.093125 0.132785 0.023505 hargrave 2021-12-13 12:34:14 
TT 650 078.6 009.3 077.5 015.5 1.92E-05 003.5 141.5 -11.2 0.065313 0.110565 0.021975 hargrave 2021-12-14 10:03:36 
TT 655 082.7 009.4 081.6 016.0 2.07E-05 001.6 145.5 -12.2 0.039621 0.065461 0.023575 hargrave 2021-12-14 19:01:45 
TT 660 076.2 008.9 075.1 014.9 1.42E-05 001.3 139.1 -10.9 0.031610 0.027005 0.012846 hargrave 2021-12-15 18:43:19 
TT 665 087.7 012.6 086.6 019.6 1.43E-05 001.5 151.2 -10.2 0.032337 0.033113 0.011925 hargrave 2021-12-16 16:27:09 
TT 670 090.0 019.1 088.4 026.2 6.41E-06 002.2 154.7 -04.3 0.020585 0.020205 0.007038 hargrave 2021-12-17 15:01:27 
TT 673 098.4 031.1 096.5 038.6 5.67E-06 006.6 164.2 006.2 0.021156 0.063886 0.004675 hargrave 2021-12-19 18:31:46 
TT 675 101.9 -34.8 103.1 -27.0 2.00E-06 002.1 155.5 -59.4 0.005808 0.005123 0.001562 hargrave 2021-12-20 17:46:29 
TT 679 300.9 -23.1 301.2 -31.1 1.66E-06 008.6 003.8 002.8 0.006371 0.024756 0.002468 hargrave 2021-12-21 16:07:05 
TT 679 308.9 -23.0 309.7 -30.8 1.64E-06 000.8 011.1 002.5 0.002297 0.001346 0.001522 hargrave 2021-12-21 16:35:54 
TT 683 135.4 009.4 136.0 016.9 2.59E-06 001.8 199.0 -15.3 0.004857 0.005584 0.005539 hargrave 2021-12-22 16:08:23 
TT 687 041.1 -05.8 041.8 -03.8 2.96E-06 003.3 100.4 -11.5 0.017115 0.008379 0.004585 hargrave 2021-12-23 14:44:14 
