HF1- 79 mag compass orientation (IGRF corrected)
  99.81 327.8  87.0 208.5   9.0   1.0
NRM    017.7 029.4 013.0 027.3 1.81E-04 001.4 133.1 -39.8 0.370087 0.228782 0.105802 hargrave 2021-12-04 18:01:11 
TT 150 021.6 032.4 016.1 030.9 8.94E-05 058.6 138.9 -40.7 5.466137 4.760378 6.231906 hargrave 2021-12-06 13:14:03 
TT 150 019.0 031.2 013.9 029.3 1.78E-04 000.4 135.8 -39.7 0.083084 0.062228 0.120638 hargrave 2021-12-06 14:39:31 
TT 300 021.3 033.4 015.6 031.8 1.74E-04 001.0 139.6 -39.9 0.075868 0.125110 0.295951 hargrave 2021-12-07 09:23:35 
TT 400 020.9 032.9 015.3 031.3 1.66E-04 001.3 138.9 -39.9 0.290242 0.241627 0.134962 hargrave 2021-12-07 17:56:26 
TT 450 021.4 033.7 015.6 032.1 1.61E-04 000.7 140.0 -39.8 0.108694 0.136950 0.134784 hargrave 2021-12-08 15:32:21 
TT 500 023.1 035.4 016.9 034.1 1.54E-04 001.9 142.9 -39.7 0.276051 0.413024 0.129303 hargrave 2021-12-09 13:51:42 
TT 550 020.0 034.5 014.1 032.7 1.47E-04 001.2 139.9 -38.4 0.159428 0.239027 0.142008 hargrave 2021-12-10 11:07:11 
TT 565 020.2 035.1 014.2 033.3 1.42E-04 001.4 140.6 -38.1 0.241266 0.235357 0.139008 hargrave 2021-12-11 18:00:35 
TT 580 019.9 034.1 014.1 032.3 1.39E-04 003.4 139.4 -38.6 0.544820 0.617070 0.203419 hargrave 2021-12-12 17:40:07 
TT 600 017.9 032.0 012.6 029.9 1.29E-04 004.2 136.0 -38.5 0.655287 0.677145 0.111798 hargrave 2021-12-13 16:08:27 
TT 610 022.9 036.0 016.6 034.6 1.24E-04 002.8 143.3 -39.2 0.350923 0.485710 0.105849 hargrave 2021-12-14 12:58:27 
TT 620 023.7 035.5 017.5 034.3 1.22E-04 005.4 143.4 -40.0 0.671850 0.922904 0.103198 hargrave 2021-12-15 11:08:25 
TT 630 018.5 030.2 013.6 028.3 1.19E-04 005.6 134.5 -39.9 0.843153 0.804556 0.109160 hargrave 2021-12-16 11:26:33 
TT 640 021.2 033.2 015.6 031.6 5.87E-05 037.9 139.4 -39.9 3.653720 3.132133 4.029726 hargrave 2021-12-17 10:02:45 
TT 640 022.4 034.3 016.5 032.9 1.16E-04 000.8 141.4 -40.0 0.038150 0.133549 0.085676 hargrave 2021-12-17 11:38:44 
TT 650 022.4 034.7 016.4 033.3 1.13E-04 001.3 141.7 -39.8 0.143085 0.204844 0.098613 hargrave 2021-12-17 18:28:42 
TT 655 019.9 031.4 014.7 029.6 1.03E-04 001.3 136.6 -40.2 0.166465 0.146967 0.070597 hargrave 2021-12-20 13:00:45 
TT 660 022.8 033.9 017.0 032.5 9.50E-05 000.8 141.2 -40.5 0.068041 0.138487 0.061052 hargrave 2021-12-21 11:17:47 
TT 665 020.2 032.0 014.8 030.3 8.78E-05 001.5 137.5 -40.0 0.190232 0.149991 0.065253 hargrave 2021-12-22 11:24:49 
TT 670 018.6 033.3 013.0 031.3 6.04E-05 001.8 137.8 -38.2 0.118845 0.147821 0.052380 hargrave 2021-12-23 10:29:01 
TT 672 016.8 036.2 010.7 033.9 4.51E-05 003.2 139.6 -35.2 0.208225 0.169339 0.048274 hargrave 2021-12-23 17:01:42 
TT 675 017.6 046.5 008.8 044.1 1.49E-05 002.4 149.4 -29.2 0.047063 0.038454 0.023532 hargrave 2021-12-24 17:46:35 
TT 678 023.7 031.7 018.3 030.5 1.51E-05 005.4 139.7 -42.5 0.090988 0.109956 0.009216 hargrave 2021-12-27 10:35:27 
TT 682 337.4 066.3 327.7 058.8 7.75E-06 002.1 156.6 -01.1 0.017620 0.026134 0.011595 hargrave 2021-12-28 10:13:40 
TT 685 310.7 059.9 308.2 051.1 3.04E-06 006.3 150.8 011.1 0.017591 0.028870 0.002741 hargrave 2021-12-28 17:25:14 
TT 691 122.0 058.3 123.3 067.3 6.49E-06 011.1 208.8 -10.6 0.059177 0.112757 0.013324 hargrave 2021-12-30 10:22:05 
