HF1- 64 mag compass orientation (IGRF corrected)
   97.3  31.8  63.0 208.5   9.0   1.0
NRM    101.0 018.1 099.8 026.7 8.40E-05 001.9 153.6 -40.6 0.138433 0.240780 0.095785 hargrave 2021-12-04 17:40:50 
TT 150 100.7 015.6 099.7 024.1 8.24E-05 005.0 151.8 -42.7 0.315227 0.641543 0.141508 hargrave 2021-12-06 12:54:26 
TT 300 102.1 015.2 101.2 023.8 7.31E-05 004.2 153.3 -43.7 0.182463 0.468758 0.230659 hargrave 2021-12-07 09:03:49 
TT 400 106.3 015.7 105.6 024.5 6.34E-05 003.7 158.8 -44.7 0.062737 0.366903 0.177829 hargrave 2021-12-07 17:35:06 
TT 450 104.7 014.4 103.9 023.1 5.77E-05 001.6 156.0 -45.4 0.059200 0.092077 0.144466 hargrave 2021-12-08 15:11:58 
TT 500 105.5 013.6 104.8 022.4 5.31E-05 001.7 156.7 -46.4 0.048864 0.094214 0.125023 hargrave 2021-12-09 13:31:05 
TT 550 108.8 013.2 108.3 022.1 4.76E-05 001.4 161.0 -47.9 0.061558 0.067685 0.087294 hargrave 2021-12-10 10:46:36 
TT 565 107.0 013.6 106.4 022.4 4.55E-05 003.8 158.7 -46.9 0.078361 0.274054 0.112681 hargrave 2021-12-11 17:40:53 
TT 580 109.0 013.5 108.5 022.4 4.33E-05 001.4 161.3 -47.6 0.053721 0.044135 0.093191 hargrave 2021-12-12 17:20:21 
TT 600 099.3 012.6 098.4 021.1 4.20E-05 004.9 148.2 -44.8 0.131639 0.319400 0.095797 hargrave 2021-12-13 15:48:36 
TT 610 106.7 012.8 106.1 021.6 3.93E-05 003.1 157.9 -47.6 0.057164 0.192996 0.083298 hargrave 2021-12-14 12:39:38 
TT 620 101.1 011.0 100.3 019.6 3.96E-05 001.7 149.4 -47.0 0.044982 0.074280 0.091606 hargrave 2021-12-15 10:49:01 
TT 630 108.1 010.9 107.6 019.7 3.34E-05 001.7 158.9 -49.8 0.039082 0.078047 0.068590 hargrave 2021-12-16 11:07:40 
TT 640 101.3 009.0 100.7 017.6 3.07E-05 004.5 148.2 -48.9 0.107482 0.209482 0.084509 hargrave 2021-12-17 09:43:49 
TT 650 108.8 010.3 108.4 019.2 1.80E-05 003.2 159.6 -50.6 0.040113 0.087095 0.052446 hargrave 2021-12-17 18:09:02 
TT 655 098.2 012.2 097.3 020.6 2.03E-05 004.3 146.6 -44.6 0.076725 0.120551 0.067723 hargrave 2021-12-20 12:41:02 
TT 660 101.0 012.7 100.2 021.3 1.78E-05 002.5 150.4 -45.5 0.022844 0.054631 0.068835 hargrave 2021-12-21 11:01:44 
TT 665 084.7 014.2 083.0 021.6 1.15E-05 003.2 134.3 -35.3 0.049699 0.037676 0.026031 hargrave 2021-12-22 11:08:28 
TT 670 109.0 010.8 108.6 019.7 7.46E-06 002.5 160.2 -50.2 0.022765 0.027782 0.015734 hargrave 2021-12-23 10:13:33 
TT 672 085.1 003.8 084.4 011.3 7.98E-06 002.4 125.3 -43.0 0.023846 0.025981 0.021151 hargrave 2021-12-23 16:45:37 
TT 675 099.5 017.6 098.3 026.1 7.70E-06 001.9 151.6 -40.4 0.014796 0.008954 0.020190 hargrave 2021-12-24 17:31:00 
TT 678 047.6 036.7 040.8 039.1 5.13E-06 002.7 129.3 004.4 0.018319 0.008338 0.016050 hargrave 2021-12-27 10:19:50 
TT 682 200.0 033.5 206.0 034.4 4.22E-06 002.1 235.1 005.7 0.011777 0.010294 0.003749 hargrave 2021-12-28 09:58:04 
TT 685 058.7 008.3 057.2 012.7 4.75E-06 001.9 110.6 -19.5 0.012921 0.008363 0.009247 hargrave 2021-12-28 17:10:06 
TT 691 167.5 071.8 195.6 076.0 4.56E-06 003.7 193.3 013.7 0.011856 0.025991 0.011875 hargrave 2021-12-30 10:03:23 
