HF1- 63 mag compass orientation (IGRF corrected)
  96.83 324.8  34.0 208.5   9.0   1.0
NRM    110.3 002.6 110.1 011.5 1.11E-04 000.9 239.0 -16.2 0.148226 0.088127 0.078237 hargrave 2021-12-04 17:39:20 
TT 150 111.2 001.2 111.1 010.1 1.10E-04 001.5 240.5 -17.0 0.249399 0.146819 0.086318 hargrave 2021-12-06 12:52:54 
TT 300 109.2 000.9 109.1 009.8 1.08E-04 000.8 238.8 -18.2 0.105084 0.079371 0.120101 hargrave 2021-12-07 09:02:15 
TT 400 110.0 000.3 109.9 009.2 1.02E-04 002.3 239.9 -18.3 0.346468 0.198559 0.105411 hargrave 2021-12-07 17:33:35 
TT 450 113.8 -01.3 113.8 007.7 9.90E-05 002.2 244.2 -17.9 0.322752 0.195335 0.113059 hargrave 2021-12-08 15:10:27 
TT 500 108.3 001.2 108.1 010.1 9.51E-05 003.6 237.9 -18.4 0.491976 0.333197 0.123207 hargrave 2021-12-09 13:29:33 
TT 550 111.4 -00.4 111.3 008.5 9.03E-05 001.3 241.5 -18.3 0.149796 0.112905 0.100619 hargrave 2021-12-10 10:45:05 
TT 565 112.3 -01.6 112.3 007.3 8.52E-05 004.9 243.0 -18.9 0.643912 0.342500 0.090423 hargrave 2021-12-11 17:39:20 
TT 580 112.3 -02.8 112.3 006.1 8.48E-05 000.7 243.6 -19.9 0.063159 0.060759 0.102970 hargrave 2021-12-12 17:18:49 
TT 600 108.5 -02.0 108.4 006.9 7.64E-05 000.7 239.7 -21.1 0.057614 0.077744 0.077506 hargrave 2021-12-13 15:47:05 
TT 610 111.1 -03.4 111.1 005.5 7.22E-05 003.2 242.8 -21.0 0.349630 0.199064 0.077042 hargrave 2021-12-14 12:38:08 
TT 620 103.5 -00.4 103.3 008.3 6.83E-05 005.6 234.1 -22.0 0.548042 0.371237 0.068775 hargrave 2021-12-15 10:47:33 
TT 630 108.8 -02.6 108.8 006.3 6.54E-05 008.1 240.3 -21.5 0.821639 0.438709 0.073131 hargrave 2021-12-16 11:06:09 
TT 640 101.8 000.7 101.6 009.3 6.12E-05 005.0 232.0 -21.8 0.433833 0.306057 0.068390 hargrave 2021-12-17 09:42:19 
TT 650 107.4 -00.4 107.3 008.4 6.33E-05 001.8 237.8 -20.2 0.168543 0.101203 0.053893 hargrave 2021-12-17 18:07:31 
TT 655 103.4 -00.8 103.3 007.9 5.61E-05 005.6 234.2 -22.4 0.449827 0.327047 0.057671 hargrave 2021-12-20 12:39:28 
TT 660 103.1 -00.6 102.9 008.1 4.61E-05 001.3 233.9 -22.4 0.100403 0.078657 0.045796 hargrave 2021-12-21 11:00:28 
TT 665 096.8 004.1 096.3 012.5 3.15E-05 001.4 225.6 -20.8 0.083033 0.096967 0.030745 hargrave 2021-12-22 11:07:15 
TT 670 105.7 003.8 105.4 012.6 3.11E-05 002.5 234.2 -17.3 0.121449 0.091764 0.028872 hargrave 2021-12-23 10:12:16 
TT 672 100.2 000.5 100.0 009.0 2.25E-05 002.6 230.5 -22.7 0.077672 0.077856 0.027655 hargrave 2021-12-23 16:44:21 
TT 675 087.1 009.8 085.9 017.4 1.85E-05 004.7 213.8 -19.0 0.086422 0.126392 0.030283 hargrave 2021-12-24 17:29:47 
TT 678 072.5 019.6 069.7 025.7 1.02E-05 008.7 197.1 -12.9 0.049466 0.149724 0.019087 hargrave 2021-12-27 10:18:37 
TT 678 063.5 021.9 060.1 026.8 1.02E-05 003.0 188.2 -11.8 0.032972 0.051358 0.011929 hargrave 2021-12-27 11:40:19 
TT 682 080.8 018.5 078.5 025.5 3.59E-06 001.8 205.2 -12.3 0.008956 0.008661 0.007842 hargrave 2021-12-28 09:56:51 
TT 685 260.8 027.1 263.1 019.9 1.42E-06 002.9 043.6 055.6 0.006874 0.003703 0.003382 hargrave 2021-12-28 17:08:53 
TT 691 073.9 019.0 071.3 025.3 5.96E-06 001.8 198.5 -13.3 0.015003 0.013082 0.009450 hargrave 2021-12-30 10:01:53 
