HF1- 88 mag compass orientation (IGRF corrected)
 102.37 352.8  78.0 208.5   9.0   1.0
NRM    082.4 -09.7 083.0 -02.4 2.34E-04 000.9 170.5 -87.7 0.297033 0.239998 0.014695 hargrave 2021-12-04 18:14:34 
TT 150 083.3 -10.9 084.0 -03.5 2.33E-04 000.9 202.4 -88.8 0.305461 0.234239 0.019857 hargrave 2021-12-06 13:27:24 
TT 300 083.4 -11.6 084.1 -04.2 2.28E-04 000.9 236.3 -89.3 0.277740 0.193204 0.071199 hargrave 2021-12-07 09:37:12 
TT 400 083.3 -11.7 084.0 -04.3 2.19E-04 000.7 242.4 -89.4 0.149010 0.232661 0.013682 hargrave 2021-12-07 18:09:49 
TT 450 083.3 -12.3 084.1 -04.9 2.17E-04 000.8 304.8 -89.4 0.164587 0.255569 0.018213 hargrave 2021-12-08 15:45:44 
TT 500 082.6 -12.2 083.4 -04.9 2.06E-04 000.8 042.9 -89.7 0.181846 0.204422 0.017058 hargrave 2021-12-09 14:05:10 
TT 550 081.7 -12.1 082.5 -04.9 1.94E-04 000.8 084.8 -88.9 0.205273 0.164384 0.010563 hargrave 2021-12-10 11:20:43 
TT 565 081.5 -11.6 082.3 -04.4 1.88E-04 001.1 107.5 -88.7 0.307170 0.169231 0.022745 hargrave 2021-12-11 18:14:02 
TT 580 081.5 -11.4 082.2 -04.2 1.83E-04 000.7 113.2 -88.6 0.150963 0.163229 0.007121 hargrave 2021-12-12 17:53:38 
TT 600 080.6 -11.7 081.4 -04.6 1.67E-04 000.9 098.4 -87.8 0.186206 0.175649 0.007937 hargrave 2021-12-13 16:21:51 
TT 610 080.6 -11.7 081.4 -04.6 1.61E-04 000.6 096.8 -87.8 0.124677 0.132781 0.003856 hargrave 2021-12-14 13:11:51 
TT 620 079.8 -11.5 080.6 -04.4 1.60E-04 001.0 099.5 -87.0 0.235912 0.166030 0.011082 hargrave 2021-12-15 11:22:35 
TT 630 079.7 -10.9 080.4 -03.8 1.55E-04 000.8 109.0 -86.8 0.154218 0.148207 0.004995 hargrave 2021-12-16 11:39:59 
TT 640 080.1 -11.2 080.8 -04.1 1.47E-04 001.0 106.1 -87.2 0.159472 0.186730 0.005619 hargrave 2021-12-17 10:16:15 
TT 650 079.3 -10.7 080.0 -03.7 1.25E-04 000.7 109.7 -86.3 0.103585 0.109454 0.004465 hargrave 2021-12-17 18:42:16 
TT 655 078.9 -10.3 079.6 -03.3 1.13E-04 000.6 113.5 -85.8 0.086920 0.071270 0.004387 hargrave 2021-12-20 13:15:01 
TT 660 079.1 -10.5 079.8 -03.5 1.04E-04 001.2 112.2 -86.1 0.144865 0.157541 0.007117 hargrave 2021-12-21 11:28:45 
TT 665 081.2 -10.8 081.9 -03.6 7.02E-05 001.1 127.6 -88.0 0.110403 0.079960 0.005791 hargrave 2021-12-22 11:36:08 
TT 670 081.9 -10.3 082.5 -03.0 5.73E-05 001.0 152.9 -88.1 0.084041 0.061703 0.009900 hargrave 2021-12-23 10:40:08 
TT 672 081.1 -08.1 081.5 -00.9 4.00E-05 001.1 156.3 -85.7 0.067421 0.042247 0.007362 hargrave 2021-12-23 17:12:49 
TT 675 086.6 -11.2 087.2 -03.5 1.88E-05 001.1 258.5 -86.2 0.022262 0.028517 0.004358 hargrave 2021-12-24 17:57:34 
TT 678 063.1 007.7 061.8 012.7 7.04E-06 002.7 134.3 -62.2 0.026727 0.019590 0.003614 hargrave 2021-12-27 10:46:32 
TT 682 065.0 007.2 063.7 012.5 1.48E-06 003.7 136.5 -63.9 0.006085 0.007307 0.005764 hargrave 2021-12-28 10:24:53 
TT 685 059.4 -18.5 061.6 -13.7 2.30E-06 002.1 071.0 -66.5 0.008336 0.002446 0.002921 hargrave 2021-12-28 17:36:10 
TT 691 140.3 037.5 143.5 045.8 3.75E-06 002.6 224.4 -16.9 0.010960 0.010889 0.009730 hargrave 2021-12-30 10:35:24 
