HF1- 20 mag compass orientation (IGRF corrected)
   85.8 343.8  64.0 207.0   8.0   1.0
NRM    081.7 021.7 079.4 028.1 1.29E-04 001.5 189.8 -41.7 0.047191 0.299822 0.150977 hargrave 2021-12-01 10:01:30 
TT 150 081.1 019.4 079.1 025.9 1.28E-04 000.9 189.6 -44.0 0.102383 0.065457 0.179317 hargrave 2021-12-01 17:37:22 
TT 300 080.4 017.7 078.5 024.1 1.24E-04 000.7 189.0 -45.8 0.067666 0.079345 0.142464 hargrave 2021-12-02 13:51:30 
TT 400 079.6 017.8 077.7 024.1 1.18E-04 001.6 187.9 -45.8 0.109880 0.296104 0.135135 hargrave 2021-12-03 11:53:05 
TT 450 080.7 017.7 078.8 024.1 1.15E-04 000.8 189.4 -45.8 0.075922 0.114542 0.122176 hargrave 2021-12-04 13:13:37 
TT 500 077.4 018.5 075.3 024.5 1.10E-04 002.8 184.8 -45.4 0.111641 0.519285 0.123735 hargrave 2021-12-06 09:27:20 
TT 550 080.1 017.6 078.2 023.9 1.03E-04 001.0 188.6 -46.0 0.087290 0.099918 0.122110 hargrave 2021-12-06 17:29:41 
TT 565 080.8 016.5 079.0 022.8 1.00E-04 001.5 189.8 -47.0 0.051039 0.234499 0.119803 hargrave 2021-12-07 13:49:32 
TT 580 081.8 015.7 080.2 022.2 9.53E-05 001.0 191.5 -47.6 0.104647 0.075177 0.123141 hargrave 2021-12-08 11:49:03 
TT 600 076.8 016.6 075.0 022.6 8.75E-05 001.2 184.3 -47.3 0.084915 0.137227 0.101780 hargrave 2021-12-09 09:24:12 
TT 610 079.2 015.9 077.4 022.1 8.60E-05 000.8 187.7 -47.8 0.060545 0.089144 0.076936 hargrave 2021-12-09 17:59:12 
TT 620 078.6 015.4 076.9 021.6 8.45E-05 001.2 186.9 -48.3 0.046389 0.165917 0.071736 hargrave 2021-12-10 16:00:43 
TT 630 074.7 016.1 072.8 021.9 8.03E-05 002.0 181.3 -47.9 0.104759 0.242143 0.102353 hargrave 2021-12-12 13:16:23 
TT 640 076.6 016.4 074.8 022.4 7.83E-05 001.0 184.0 -47.5 0.083527 0.072879 0.088156 hargrave 2021-12-13 11:43:47 
TT 650 079.0 018.9 077.0 025.1 7.10E-05 001.9 187.0 -44.8 0.091014 0.198371 0.084147 hargrave 2021-12-14 09:14:49 
TT 655 077.8 017.5 075.8 023.6 7.14E-05 003.2 185.5 -46.3 0.104812 0.379800 0.087108 hargrave 2021-12-14 18:12:55 
TT 660 080.4 019.6 078.4 026.0 5.67E-05 001.6 188.7 -43.9 0.068327 0.126291 0.073987 hargrave 2021-12-15 17:54:31 
TT 665 075.3 018.0 073.2 023.9 3.78E-05 001.0 182.0 -46.0 0.032509 0.047543 0.038980 hargrave 2021-12-16 15:38:14 
TT 670 090.5 022.1 088.7 029.3 1.52E-05 001.3 200.1 -39.2 0.030295 0.021929 0.017382 hargrave 2021-12-17 14:13:20 
TT 673 023.1 056.6 011.4 055.2 2.95E-06 001.6 154.7 003.0 0.010034 0.006526 0.003275 hargrave 2021-12-19 17:43:47 
TT 675 114.4 -05.0 114.4 003.0 2.07E-06 002.0 248.7 -45.9 0.005770 0.006775 0.004958 hargrave 2021-12-20 16:58:24 
TT 679 110.4 -14.7 110.6 -06.7 2.71E-06 001.9 258.9 -54.0 0.008187 0.003223 0.002898 hargrave 2021-12-21 15:26:53 
TT 683 116.6 056.4 116.5 064.4 1.51E-06 002.1 202.1 -00.0 0.005858 0.006423 0.001239 hargrave 2021-12-22 15:28:35 
TT 687 094.1 062.3 086.0 069.5 4.51E-06 002.3 189.3 -00.2 0.014737 0.013749 0.012365 hargrave 2021-12-23 14:04:06 
