HF1- 70 mag compass orientation (IGRF corrected)
   98.8 354.8  39.0 208.5   9.0   1.0
NRM    057.0 -04.5 057.3 -00.2 3.22E-05 001.2 143.9 -38.0 0.050544 0.057175 0.026564 hargrave 2021-12-04 17:48:44 
TT 150 058.0 -08.3 058.8 -03.8 3.17E-05 002.0 143.2 -41.9 0.097836 0.065694 0.024332 hargrave 2021-12-06 13:01:36 
TT 300 058.0 -12.2 059.4 -07.7 3.03E-05 003.3 141.0 -45.5 0.057119 0.177779 0.022432 hargrave 2021-12-07 09:10:57 
TT 400 060.7 -12.6 062.1 -07.7 2.83E-05 001.5 144.3 -46.9 0.061519 0.058505 0.021971 hargrave 2021-12-07 17:43:05 
TT 450 060.6 -13.3 062.1 -08.4 2.66E-05 001.5 143.8 -47.5 0.060548 0.053863 0.027942 hargrave 2021-12-08 15:19:54 
TT 500 059.1 -14.3 060.7 -09.6 2.54E-05 001.1 141.2 -47.8 0.034452 0.041770 0.024934 hargrave 2021-12-09 13:39:06 
TT 550 058.5 -16.4 060.4 -11.8 2.43E-05 002.3 139.1 -49.5 0.048032 0.091843 0.022666 hargrave 2021-12-10 10:54:32 
TT 565 059.0 -15.9 060.9 -11.2 1.16E-05 030.1 140.1 -49.3 0.621013 0.518978 0.941870 hargrave 2021-12-11 17:48:03 
TT 565 055.0 -19.4 057.5 -15.2 2.31E-05 001.0 132.3 -50.6 0.024247 0.036170 0.015997 hargrave 2021-12-12 10:40:41 
TT 580 058.9 -17.3 061.0 -12.6 2.13E-05 002.2 139.1 -50.5 0.037426 0.080410 0.024205 hargrave 2021-12-12 17:27:33 
TT 600 053.5 -18.7 055.9 -14.7 2.07E-05 003.4 131.0 -49.3 0.076778 0.102005 0.020909 hargrave 2021-12-13 15:55:44 
TT 610 053.5 -16.6 055.6 -12.6 1.83E-05 002.2 132.5 -47.5 0.038140 0.060486 0.012511 hargrave 2021-12-14 12:46:46 
TT 620 055.9 -13.9 057.6 -09.6 1.66E-05 004.9 137.4 -46.2 0.089318 0.111912 0.010778 hargrave 2021-12-15 10:56:53 
TT 630 048.4 -14.9 050.4 -11.7 1.56E-05 001.9 127.6 -43.6 0.029150 0.045555 0.012727 hargrave 2021-12-16 11:14:49 
TT 640 050.0 -14.9 052.0 -11.5 1.65E-05 003.3 129.5 -44.4 0.080890 0.053232 0.012680 hargrave 2021-12-17 09:50:57 
TT 650 044.9 -16.9 047.3 -14.2 1.35E-05 005.0 122.3 -43.5 0.090628 0.076223 0.011303 hargrave 2021-12-17 18:17:00 
TT 655 046.4 -22.2 049.6 -19.2 1.40E-05 002.1 119.6 -48.6 0.033944 0.038642 0.012606 hargrave 2021-12-20 12:49:01 
TT 660 048.5 -13.5 050.3 -10.3 6.95E-06 060.8 128.8 -42.4 0.344582 0.427102 0.501371 hargrave 2021-12-21 11:07:33 
TT 660 047.2 -14.6 049.2 -11.6 1.38E-05 001.1 126.6 -42.7 0.020267 0.010400 0.012155 hargrave 2021-12-21 13:05:13 
TT 665 040.9 -26.7 045.1 -24.4 1.32E-05 003.1 109.3 -49.0 0.058614 0.044020 0.010480 hargrave 2021-12-22 11:15:01 
TT 670 039.5 -18.5 042.3 -16.6 1.24E-05 009.2 115.3 -41.8 0.178119 0.090732 0.009569 hargrave 2021-12-23 10:19:19 
TT 670 034.1 -22.5 037.7 -21.3 1.26E-05 001.8 106.7 -41.7 0.035362 0.022600 0.009732 hargrave 2021-12-23 11:52:57 
TT 672 046.5 -21.8 049.6 -18.8 1.18E-05 002.4 120.0 -48.3 0.039959 0.028729 0.008164 hargrave 2021-12-23 16:51:26 
TT 675 063.0 -20.9 065.4 -15.6 9.68E-06 004.4 142.3 -55.4 0.037540 0.065440 0.008070 hargrave 2021-12-24 17:36:51 
TT 678 063.0 -08.2 063.7 -03.0 7.43E-06 005.5 149.5 -43.6 0.038125 0.060956 0.010427 hargrave 2021-12-27 10:25:39 
TT 682 080.4 006.3 079.4 013.3 3.14E-06 001.4 174.8 -32.6 0.005613 0.005296 0.004316 hargrave 2021-12-28 10:03:54 
TT 685 117.3 026.2 117.2 035.2 3.53E-06 008.8 209.1 -07.7 0.024673 0.049058 0.009455 hargrave 2021-12-28 17:15:45 
TT 691 078.0 038.5 072.5 045.1 3.29E-06 001.4 174.7 -00.3 0.006605 0.007505 0.002510 hargrave 2021-12-30 10:10:27 
