HF1- 34 mag compass orientation (IGRF corrected)
  88.98  23.8  82.0 207.0   8.0   1.0
NRM    086.9 006.7 086.1 013.6 3.58E-05 002.1 117.9 -59.4 0.114712 0.057405 0.027960 hargrave 2021-12-01 10:26:17 
TT 150 087.2 002.4 086.8 009.4 3.70E-05 000.7 110.4 -61.5 0.034595 0.031672 0.011378 hargrave 2021-12-01 18:02:05 
TT 300 088.5 -00.8 088.3 006.3 3.64E-05 002.5 104.8 -63.8 0.154942 0.037543 0.018336 hargrave 2021-12-02 14:18:34 
TT 400 088.1 -02.2 088.1 004.8 3.42E-05 001.1 101.5 -63.8 0.055369 0.030119 0.010102 hargrave 2021-12-03 12:17:57 
TT 450 089.2 -00.9 089.0 006.2 3.17E-05 001.2 104.9 -64.5 0.063458 0.024860 0.008326 hargrave 2021-12-04 13:38:33 
TT 500 088.2 -03.1 088.2 003.9 2.93E-05 001.7 099.5 -64.1 0.073760 0.051199 0.031046 hargrave 2021-12-06 09:52:15 
TT 550 088.9 -04.0 088.9 003.0 2.75E-05 001.4 097.6 -64.9 0.045854 0.049499 0.033552 hargrave 2021-12-06 17:54:24 
TT 565 088.0 -04.9 088.1 002.1 2.62E-05 000.9 095.3 -64.2 0.025255 0.030933 0.010912 hargrave 2021-12-07 14:14:22 
TT 580 087.0 -02.4 086.9 004.5 2.45E-05 001.1 100.4 -62.7 0.030656 0.036061 0.010798 hargrave 2021-12-08 12:13:59 
TT 600 083.7 -02.3 083.6 004.4 2.12E-05 001.0 099.1 -59.5 0.023632 0.027880 0.007824 hargrave 2021-12-09 09:49:02 
TT 610 087.1 -06.7 087.3 000.2 2.20E-05 000.7 091.0 -63.5 0.015279 0.016719 0.025198 hargrave 2021-12-09 18:24:07 
TT 620 087.8 -07.8 088.0 -00.8 2.08E-05 001.2 088.7 -64.2 0.039243 0.017508 0.025622 hargrave 2021-12-10 16:25:54 
TT 630 089.1 -04.0 089.1 003.1 1.88E-05 001.2 097.8 -65.1 0.033785 0.013291 0.025808 hargrave 2021-12-12 13:41:12 
TT 640 090.7 -11.5 091.2 -04.3 1.86E-05 000.7 079.5 -67.0 0.015607 0.015524 0.024149 hargrave 2021-12-13 12:08:35 
TT 650 094.9 -15.6 095.5 -08.2 1.62E-05 002.6 065.9 -70.0 0.071142 0.018824 0.023441 hargrave 2021-12-14 09:39:40 
TT 655 088.7 -22.4 090.0 -15.3 1.59E-05 002.4 056.4 -61.9 0.051884 0.038461 0.030285 hargrave 2021-12-14 18:37:45 
TT 660 096.1 -26.3 097.2 -18.8 1.48E-05 001.6 040.4 -65.1 0.042644 0.015516 0.023351 hargrave 2021-12-15 18:19:25 
TT 665 091.1 -29.9 092.8 -22.6 1.19E-05 002.2 041.2 -59.5 0.013333 0.048471 0.021290 hargrave 2021-12-16 16:03:03 
TT 670 087.2 -29.7 089.1 -22.7 7.76E-06 001.2 045.5 -56.9 0.013052 0.013199 0.003220 hargrave 2021-12-17 14:37:28 
TT 673 104.4 -14.4 104.8 -06.6 8.96E-06 001.1 054.1 -78.8 0.011047 0.014098 0.003955 hargrave 2021-12-19 18:07:46 
TT 675 110.3 -20.9 110.5 -12.9 7.30E-06 001.3 014.5 -76.7 0.009800 0.013901 0.001410 hargrave 2021-12-20 17:22:23 
TT 679 090.3 012.3 089.3 019.4 3.48E-06 001.8 130.7 -59.1 0.007396 0.008042 0.004070 hargrave 2021-12-21 15:47:20 
TT 683 148.4 -18.9 147.3 -12.0 1.93E-06 001.6 291.5 -54.7 0.002003 0.006379 0.002148 hargrave 2021-12-22 15:48:25 
TT 687 264.1 -28.9 261.2 -35.5 2.74E-06 003.9 323.4 043.3 0.008869 0.017044 0.004884 hargrave 2021-12-23 14:24:08 
