HF1- 15 mag compass orientation (IGRF corrected)
  83.75 346.8  81.0 208.5   9.0   1.0
NRM    070.2 008.0 068.9 013.9 1.90E-04 000.6 158.5 -71.8 0.116943 0.136861 0.108031 hargrave 2021-12-01 09:55:41 
TT 150 069.3 006.7 068.1 012.5 1.87E-04 000.4 154.3 -72.6 0.085036 0.085359 0.110776 hargrave 2021-12-01 17:31:34 
TT 300 068.4 006.5 067.3 012.2 1.76E-04 001.0 151.2 -72.4 0.131498 0.256410 0.119326 hargrave 2021-12-02 13:45:41 
TT 400 066.4 005.8 065.3 011.3 1.68E-04 000.4 144.7 -71.9 0.084663 0.077860 0.060765 hargrave 2021-12-03 11:47:15 
TT 450 066.5 006.3 065.4 011.8 1.60E-04 001.2 145.8 -71.6 0.201908 0.259408 0.070361 hargrave 2021-12-04 13:07:47 
TT 500 065.9 006.5 064.7 011.9 1.53E-04 000.5 144.6 -71.1 0.072485 0.105485 0.077388 hargrave 2021-12-06 09:21:30 
TT 550 064.5 007.1 063.2 012.3 1.44E-04 000.4 142.3 -69.7 0.055273 0.091505 0.070291 hargrave 2021-12-06 17:23:52 
TT 565 063.3 006.5 062.1 011.6 1.39E-04 000.7 138.6 -69.5 0.089340 0.142536 0.066003 hargrave 2021-12-07 13:43:39 
TT 580 063.5 006.4 062.3 011.5 1.35E-04 000.4 138.9 -69.7 0.054244 0.088540 0.054931 hargrave 2021-12-08 11:42:22 
TT 600 063.2 007.3 061.9 012.3 1.24E-04 000.5 139.8 -68.8 0.058161 0.084366 0.078133 hargrave 2021-12-09 09:18:23 
TT 610 063.4 006.2 062.3 011.3 1.17E-04 000.6 138.3 -69.8 0.105731 0.078588 0.047016 hargrave 2021-12-09 17:53:21 
TT 620 062.7 007.0 061.4 012.0 1.13E-04 000.8 138.4 -68.7 0.101793 0.109763 0.073021 hargrave 2021-12-10 15:54:48 
TT 630 061.8 005.6 060.7 010.5 1.07E-04 000.7 133.6 -69.1 0.070780 0.115223 0.039384 hargrave 2021-12-12 13:09:45 
TT 640 061.0 006.1 059.9 010.9 9.96E-05 000.6 133.2 -68.2 0.051991 0.081986 0.042320 hargrave 2021-12-13 11:37:07 
TT 650 062.1 006.8 060.9 011.7 8.53E-05 000.8 136.7 -68.5 0.093112 0.070827 0.069598 hargrave 2021-12-14 09:08:59 
TT 655 062.9 005.3 061.9 010.3 8.10E-05 001.8 135.5 -70.1 0.148253 0.197066 0.055613 hargrave 2021-12-14 18:07:05 
TT 660 062.5 005.9 061.4 010.9 6.60E-05 002.3 135.8 -69.4 0.194323 0.184639 0.042683 hargrave 2021-12-15 17:48:42 
TT 665 059.9 004.3 059.0 008.9 5.41E-05 002.2 127.6 -68.6 0.166896 0.118802 0.029677 hargrave 2021-12-16 15:31:36 
TT 670 064.7 008.0 063.3 013.2 3.20E-05 000.7 144.3 -69.2 0.028833 0.033451 0.024946 hargrave 2021-12-17 14:07:31 
TT 673 062.3 015.7 059.8 020.6 2.04E-05 000.8 149.8 -61.4 0.020176 0.017913 0.029020 hargrave 2021-12-19 17:37:57 
TT 675 069.1 016.3 066.7 022.0 1.04E-05 002.9 163.2 -63.6 0.017601 0.050749 0.003262 hargrave 2021-12-20 16:52:35 
TT 679 036.3 020.1 032.9 021.1 6.71E-06 004.2 126.5 -40.6 0.039214 0.031494 0.003868 hargrave 2021-12-21 15:22:06 
TT 683 056.8 076.2 017.7 077.7 5.14E-06 005.1 175.3 -04.0 0.015494 0.044290 0.009502 hargrave 2021-12-22 15:23:46 
TT 687 274.5 073.1 282.5 064.6 3.29E-06 002.4 174.4 025.0 0.008079 0.011361 0.007635 hargrave 2021-12-23 13:59:17 
