HF1- 113 sun compass orientation
 113.21 341.4  79.0 208.5   9.0   1.0
NRM    081.3 -33.1 084.3 -25.8 1.03E-04 001.5 339.2 -66.1 0.077864 0.264644 0.043450 hargrave 2021-12-04 18:49:33 
TT 150 082.3 -34.9 085.4 -27.5 1.05E-04 001.1 339.3 -64.1 0.133489 0.147892 0.053622 hargrave 2021-12-06 14:02:32 
TT 300 082.4 -36.0 085.6 -28.6 1.01E-04 000.8 340.1 -63.1 0.084371 0.103311 0.081950 hargrave 2021-12-07 10:12:34 
TT 400 083.0 -35.9 086.2 -28.4 9.52E-05 001.4 339.0 -63.0 0.087169 0.216324 0.040414 hargrave 2021-12-07 18:47:31 
TT 450 081.3 -36.7 084.7 -29.4 9.24E-05 002.2 342.5 -62.8 0.084476 0.336534 0.044390 hargrave 2021-12-08 16:20:52 
TT 500 079.9 -36.8 083.4 -29.6 8.83E-05 002.5 344.9 -63.1 0.088374 0.372881 0.038420 hargrave 2021-12-09 14:41:27 
TT 550 082.5 -36.2 085.7 -28.8 8.44E-05 000.6 340.0 -62.9 0.062317 0.053872 0.039697 hargrave 2021-12-10 11:56:51 
TT 565 080.3 -35.9 083.7 -28.7 8.14E-05 001.8 343.5 -63.8 0.066712 0.245191 0.044686 hargrave 2021-12-11 18:50:13 
TT 580 081.7 -36.1 085.0 -28.7 8.04E-05 000.8 341.3 -63.2 0.045162 0.104144 0.037405 hargrave 2021-12-12 18:29:00 
TT 600 080.8 -36.9 084.3 -29.6 7.65E-05 000.7 343.4 -62.7 0.042211 0.080740 0.031475 hargrave 2021-12-13 16:57:13 
TT 610 077.4 -37.4 081.2 -30.4 7.28E-05 001.3 349.5 -63.1 0.049590 0.164034 0.030209 hargrave 2021-12-14 13:47:02 
TT 620 078.0 -38.0 081.9 -31.0 7.26E-05 000.8 348.8 -62.4 0.035753 0.099744 0.032089 hargrave 2021-12-15 11:58:53 
TT 630 082.3 -37.5 085.7 -30.1 7.26E-05 002.0 341.5 -61.7 0.118092 0.223891 0.034269 hargrave 2021-12-16 12:15:23 
TT 640 081.8 -37.7 085.3 -30.3 6.93E-05 002.0 342.4 -61.7 0.120278 0.209129 0.047286 hargrave 2021-12-17 10:51:39 
TT 650 081.2 -38.8 084.9 -31.5 6.39E-05 000.8 344.2 -60.9 0.060335 0.064634 0.043228 hargrave 2021-12-17 19:17:34 
TT 655 080.2 -38.6 083.9 -31.3 5.87E-05 004.1 345.5 -61.3 0.154225 0.396958 0.025976 hargrave 2021-12-20 13:51:07 
TT 660 075.8 -36.7 079.7 -29.9 4.98E-05 001.1 351.9 -64.0 0.050028 0.077066 0.032635 hargrave 2021-12-21 11:57:34 
TT 665 081.7 -37.8 085.2 -30.4 4.41E-05 001.1 342.7 -61.7 0.045693 0.072615 0.022867 hargrave 2021-12-22 12:06:22 
TT 670 081.9 -39.5 085.6 -32.1 3.49E-05 002.3 343.6 -60.0 0.044142 0.135274 0.028279 hargrave 2021-12-23 11:10:03 
TT 672 077.9 -39.9 082.0 -32.8 3.00E-05 000.9 349.9 -60.5 0.030137 0.031155 0.029550 hargrave 2021-12-23 17:41:50 
TT 675 062.7 -26.6 066.0 -21.3 1.12E-05 000.5 026.6 -72.4 0.008909 0.004755 0.001908 hargrave 2021-12-24 18:26:21 
TT 678 065.5 -23.6 068.2 -18.0 1.09E-05 000.6 023.2 -76.2 0.006742 0.010302 0.001431 hargrave 2021-12-27 11:15:47 
TT 682 056.8 023.8 052.9 027.8 3.42E-06 001.8 157.8 -52.4 0.006056 0.009537 0.001713 hargrave 2021-12-28 10:54:09 
TT 685 318.4 -73.2 338.2 -81.1 2.88E-06 002.3 015.5 -04.1 0.005303 0.012509 0.003616 hargrave 2021-12-28 18:04:51 
TT 691 180.6 019.1 183.7 023.1 1.93E-06 001.7 253.7 021.6 0.003279 0.004876 0.003662 hargrave 2021-12-30 11:10:19 
