HF1- 24 mag compass orientation (IGRF corrected)
  86.25 307.8  48.0 208.5   9.0   1.0
NRM    077.5 032.7 073.0 039.3 5.21E-05 003.2 212.8 -06.9 0.151986 0.238879 0.084694 hargrave 2021-12-01 10:09:53 
TT 150 076.1 027.3 072.4 033.8 4.87E-05 001.2 214.3 -12.2 0.066419 0.068710 0.063403 hargrave 2021-12-01 17:45:44 
TT 300 071.7 025.5 068.0 031.5 4.41E-05 002.8 211.5 -15.6 0.105979 0.183100 0.084286 hargrave 2021-12-02 13:59:51 
TT 400 068.9 024.6 065.2 030.2 3.97E-05 003.0 209.5 -17.5 0.089035 0.182047 0.079025 hargrave 2021-12-03 12:01:30 
TT 450 067.8 023.0 064.4 028.5 3.71E-05 001.4 209.2 -19.3 0.052855 0.066366 0.051148 hargrave 2021-12-04 13:22:02 
TT 500 065.5 023.9 061.8 029.1 3.46E-05 005.5 206.8 -19.3 0.495774 0.185479 0.057346 hargrave 2021-12-06 09:35:45 
TT 550 067.8 021.3 064.6 026.8 3.05E-05 003.1 209.9 -20.9 0.081591 0.136679 0.052291 hargrave 2021-12-06 17:38:03 
TT 565 063.5 021.8 060.1 026.8 2.96E-05 001.2 205.7 -21.9 0.048878 0.032120 0.047989 hargrave 2021-12-07 13:57:54 
TT 580 066.5 024.3 062.8 029.6 2.78E-05 002.0 207.5 -18.6 0.052306 0.069812 0.051999 hargrave 2021-12-08 11:57:28 
TT 600 057.9 025.2 053.8 029.3 2.55E-05 002.6 199.4 -20.3 0.045441 0.101846 0.046307 hargrave 2021-12-09 09:32:36 
TT 610 061.5 027.2 057.1 031.8 2.45E-05 003.4 202.0 -17.4 0.059885 0.129132 0.048675 hargrave 2021-12-09 18:07:37 
TT 620 057.3 028.8 052.5 032.8 2.18E-05 001.6 197.8 -16.9 0.046640 0.037019 0.044290 hargrave 2021-12-10 16:09:15 
TT 630 057.7 025.5 053.5 029.6 2.15E-05 004.2 199.1 -20.0 0.059934 0.140354 0.051139 hargrave 2021-12-12 13:24:46 
TT 640 061.6 030.0 056.7 034.6 1.96E-05 002.7 201.2 -14.7 0.060838 0.073893 0.037688 hargrave 2021-12-13 11:52:10 
TT 650 058.0 028.4 053.3 032.5 1.91E-05 002.2 198.5 -17.2 0.031913 0.061424 0.036784 hargrave 2021-12-14 09:23:13 
TT 655 059.8 033.1 054.2 037.4 1.58E-05 004.0 198.7 -12.2 0.044036 0.091496 0.051217 hargrave 2021-12-14 18:21:17 
TT 660 060.6 030.9 055.5 035.3 1.64E-05 001.6 200.0 -14.1 0.032840 0.040391 0.020937 hargrave 2021-12-15 18:02:54 
TT 665 062.3 029.3 057.6 034.0 1.45E-05 003.8 202.0 -15.2 0.038553 0.090802 0.017418 hargrave 2021-12-16 15:46:36 
TT 670 058.2 026.6 053.8 030.8 1.07E-05 001.4 199.2 -18.9 0.020968 0.021149 0.011023 hargrave 2021-12-17 14:20:56 
TT 673 078.1 041.1 072.0 047.7 4.41E-06 007.2 209.2 000.7 0.024473 0.050709 0.007639 hargrave 2021-12-19 17:51:22 
TT 675 080.9 043.5 074.6 050.3 4.05E-06 001.5 209.8 003.8 0.008560 0.007396 0.005448 hargrave 2021-12-20 17:05:58 
TT 679 188.8 026.0 193.3 028.7 2.19E-06 002.0 294.7 061.3 0.006880 0.005547 0.002152 hargrave 2021-12-21 15:33:12 
TT 683 072.2 007.3 071.0 013.5 2.40E-06 001.7 221.1 -31.6 0.005900 0.007261 0.002742 hargrave 2021-12-22 15:34:56 
TT 687 313.0 060.2 310.0 051.4 1.32E-06 004.9 143.8 033.2 0.004545 0.011535 0.000752 hargrave 2021-12-23 14:10:28 
