HF1- 53 mag compass orientation (IGRF corrected)
  92.76 343.8  63.0 208.5   9.0   1.0
NRM    101.4 062.2 094.1 070.6 2.90E-05 001.1 192.5 001.9 0.033598 0.051429 0.026083 hargrave 2021-12-01 10:59:40 
TT 150 101.9 057.5 096.3 066.0 2.42E-05 001.9 194.7 -02.3 0.034638 0.074765 0.022770 hargrave 2021-12-01 18:35:18 
TT 300 115.1 057.1 113.9 066.1 2.14E-05 002.2 201.0 001.0 0.040871 0.072805 0.020467 hargrave 2021-12-02 14:51:49 
TT 400 128.8 062.2 133.3 071.0 1.91E-05 002.4 202.8 009.4 0.044393 0.075641 0.018437 hargrave 2021-12-03 12:50:40 
TT 450 138.4 056.1 144.6 064.4 1.81E-05 002.0 210.7 009.4 0.045211 0.052594 0.021711 hargrave 2021-12-04 14:11:15 
TT 500 134.6 061.8 141.4 070.3 8.52E-06 061.5 204.9 011.2 0.810303 0.376196 0.177157 hargrave 2021-12-06 10:24:59 
TT 500 139.1 060.3 146.9 068.5 1.70E-05 002.2 207.4 012.1 0.042760 0.055737 0.017285 hargrave 2021-12-06 10:50:49 
TT 550 146.5 059.6 156.3 067.2 1.51E-05 002.6 210.0 014.9 0.040074 0.059940 0.013061 hargrave 2021-12-06 18:26:38 
TT 565 147.7 063.0 159.8 070.4 1.55E-05 001.3 207.1 017.0 0.032003 0.029477 0.013302 hargrave 2021-12-07 14:46:56 
TT 580 150.5 060.3 161.7 067.5 1.47E-05 003.9 210.3 017.0 0.056794 0.088141 0.012662 hargrave 2021-12-08 12:46:44 
TT 600 146.9 063.7 159.2 071.2 1.26E-05 001.8 206.3 017.0 0.028091 0.035282 0.011124 hargrave 2021-12-09 10:21:41 
TT 610 156.8 058.2 168.4 064.7 1.37E-05 001.5 213.6 019.2 0.027690 0.029724 0.012924 hargrave 2021-12-09 18:56:44 
TT 620 148.9 060.2 159.7 067.5 1.28E-05 002.5 210.0 016.3 0.037696 0.047385 0.011689 hargrave 2021-12-10 16:58:30 
TT 630 162.7 061.0 177.1 066.7 1.30E-05 001.4 211.7 022.9 0.026092 0.028213 0.010750 hargrave 2021-12-12 14:13:01 
TT 640 184.7 063.8 203.5 066.1 1.26E-05 001.5 209.5 033.2 0.022456 0.028646 0.009612 hargrave 2021-12-13 12:42:10 
TT 650 181.2 056.7 194.9 059.9 1.35E-05 001.9 218.0 031.7 0.035283 0.033179 0.010306 hargrave 2021-12-14 10:11:29 
TT 655 190.4 058.3 205.3 060.0 1.29E-05 001.8 215.8 036.6 0.024636 0.035631 0.009483 hargrave 2021-12-14 19:09:35 
TT 660 189.1 054.3 201.8 056.3 1.21E-05 002.6 220.9 036.2 0.032268 0.045730 0.008006 hargrave 2021-12-15 18:51:10 
TT 665 192.2 057.9 206.8 059.3 1.08E-05 003.2 216.2 037.6 0.041366 0.045002 0.006706 hargrave 2021-12-16 16:35:06 
TT 670 184.6 061.3 201.4 063.7 8.23E-06 002.5 212.5 033.4 0.024382 0.029260 0.006772 hargrave 2021-12-17 15:09:18 
TT 673 158.1 045.6 165.2 052.2 5.79E-06 001.4 226.2 015.2 0.012142 0.011054 0.004596 hargrave 2021-12-19 18:39:39 
TT 675 144.8 053.5 151.8 061.3 2.93E-06 004.7 215.0 011.1 0.013986 0.020722 0.002117 hargrave 2021-12-20 17:54:21 
TT 679 292.9 -34.5 292.1 -43.5 8.21E-07 003.9 033.2 018.2 0.001046 0.006641 0.000982 hargrave 2021-12-21 16:13:38 
TT 683 136.8 005.4 137.3 013.9 2.67E-06 001.2 252.0 -21.1 0.004415 0.006464 0.002218 hargrave 2021-12-22 16:15:03 
TT 687 066.9 042.0 059.6 047.1 2.81E-06 003.4 174.5 -20.7 0.005143 0.014880 0.007033 hargrave 2021-12-23 14:50:51 
