HF1- 47 mag compass orientation (IGRF corrected)
  91.72   7.8  40.0 207.0   8.0   1.0
NRM    090.0 001.3 089.7 008.4 7.06E-05 001.6 170.1 -38.3 0.078357 0.156741 0.100297 hargrave 2021-12-01 10:49:20 
TT 150 087.4 000.5 087.1 007.5 6.82E-05 001.3 166.6 -38.7 0.063477 0.084733 0.122783 hargrave 2021-12-01 18:25:02 
TT 300 083.6 -00.7 083.4 006.0 6.03E-05 002.4 161.5 -39.2 0.135222 0.150541 0.164516 hargrave 2021-12-02 14:41:31 
TT 400 082.1 000.1 081.8 006.7 5.43E-05 002.4 159.9 -38.1 0.120713 0.145344 0.132956 hargrave 2021-12-03 12:40:17 
TT 450 081.3 000.6 081.0 007.0 5.03E-05 003.0 159.0 -37.5 0.140922 0.199773 0.114612 hargrave 2021-12-04 14:00:52 
TT 500 074.6 000.8 074.3 006.7 4.59E-05 002.8 151.1 -35.5 0.145502 0.139171 0.106812 hargrave 2021-12-06 10:14:37 
TT 550 074.5 -00.7 074.3 005.2 4.04E-05 001.7 150.4 -36.9 0.069276 0.036999 0.096912 hargrave 2021-12-06 18:16:26 
TT 565 071.0 -00.9 070.8 004.7 3.90E-05 002.1 146.2 -35.8 0.096592 0.078444 0.078309 hargrave 2021-12-07 14:36:33 
TT 580 071.2 -02.1 071.1 003.5 3.83E-05 002.6 145.9 -37.0 0.122800 0.093829 0.079542 hargrave 2021-12-08 12:36:18 
TT 600 074.1 -01.4 073.9 004.4 3.62E-05 003.4 149.6 -37.4 0.135001 0.145750 0.088160 hargrave 2021-12-09 10:11:17 
TT 610 072.5 -02.9 072.5 002.8 3.46E-05 005.1 147.1 -38.3 0.187288 0.241073 0.072696 hargrave 2021-12-09 18:46:23 
TT 620 064.9 -02.9 064.9 002.0 3.40E-05 005.1 138.3 -35.3 0.194463 0.230208 0.053009 hargrave 2021-12-10 16:48:11 
TT 630 063.6 -00.8 063.4 004.0 3.05E-05 001.4 138.0 -32.8 0.040404 0.054105 0.057706 hargrave 2021-12-12 14:03:27 
TT 640 057.5 000.4 057.2 004.4 2.90E-05 003.6 132.3 -29.0 0.132736 0.128716 0.044830 hargrave 2021-12-13 12:32:33 
TT 650 062.4 000.7 062.1 005.3 2.15E-05 004.3 137.5 -31.0 0.108957 0.120342 0.051636 hargrave 2021-12-14 10:01:55 
TT 655 063.6 -03.4 063.7 001.3 2.40E-05 004.3 136.6 -35.2 0.129095 0.124061 0.051064 hargrave 2021-12-14 19:00:05 
TT 660 066.5 -03.3 066.5 001.8 1.71E-05 002.1 139.9 -36.3 0.033753 0.032208 0.049614 hargrave 2021-12-15 18:41:39 
TT 665 059.2 -08.6 060.0 -04.3 1.61E-05 001.8 128.8 -37.7 0.018928 0.040208 0.035804 hargrave 2021-12-16 16:25:28 
TT 670 066.9 -10.4 067.7 -05.2 8.61E-06 003.9 136.4 -42.9 0.043292 0.033146 0.031280 hargrave 2021-12-17 14:59:44 
TT 673 070.6 -02.1 070.5 003.4 4.34E-06 002.3 145.2 -36.8 0.015668 0.008600 0.009644 hargrave 2021-12-19 18:30:06 
TT 675 034.7 -06.1 035.5 -05.0 1.70E-06 001.8 107.3 -21.8 0.005286 0.008039 0.002450 hargrave 2021-12-20 17:44:49 
TT 679 022.0 -11.3 023.6 -11.9 5.22E-06 001.4 093.5 -17.7 0.010024 0.010567 0.007537 hargrave 2021-12-21 16:05:43 
TT 683 094.9 044.3 091.3 051.6 1.16E-06 008.4 177.9 004.3 0.002270 0.015029 0.008488 hargrave 2021-12-22 16:06:55 
TT 687 313.4 -47.0 316.4 -54.7 1.07E-06 004.6 023.9 -11.8 0.002131 0.006210 0.007428 hargrave 2021-12-23 14:42:49 
