HF1- 46 mag compass orientation (IGRF corrected)
  90.05  14.8  60.0 207.0   8.0   1.0
NRM    091.3 011.6 090.3 018.8 9.34E-05 005.1 160.6 -46.4 0.475753 0.675016 0.166560 hargrave 2021-12-01 10:47:36 
TT 150 090.4 008.4 089.6 015.5 9.34E-05 003.3 157.9 -49.2 0.448532 0.190932 0.230866 hargrave 2021-12-01 18:23:20 
TT 300 090.4 010.2 089.5 017.3 8.93E-05 001.7 158.8 -47.5 0.125025 0.233117 0.068352 hargrave 2021-12-02 14:39:49 
TT 400 090.4 009.5 089.5 016.7 8.44E-05 000.9 158.4 -48.1 0.046339 0.110112 0.062935 hargrave 2021-12-03 12:38:34 
TT 450 092.3 009.8 091.4 017.1 8.18E-05 001.0 161.2 -48.4 0.047975 0.128933 0.069644 hargrave 2021-12-04 13:59:08 
TT 500 092.7 009.7 091.9 017.0 7.92E-05 001.0 161.8 -48.6 0.036836 0.123133 0.061873 hargrave 2021-12-06 10:12:53 
TT 550 093.0 008.3 092.3 015.6 7.42E-05 003.0 161.6 -50.0 0.092792 0.373183 0.067540 hargrave 2021-12-06 18:14:44 
TT 565 090.8 008.5 090.0 015.7 7.27E-05 003.0 158.5 -49.2 0.115381 0.353372 0.069695 hargrave 2021-12-07 14:34:49 
TT 580 092.0 008.2 091.3 015.4 6.96E-05 000.9 160.1 -49.9 0.072533 0.094199 0.034138 hargrave 2021-12-08 12:34:34 
TT 600 093.8 008.7 093.1 016.0 6.71E-05 000.8 163.0 -49.9 0.045150 0.082014 0.068556 hargrave 2021-12-09 10:09:34 
TT 610 094.1 008.3 093.4 015.7 6.45E-05 001.2 163.3 -50.3 0.061854 0.126766 0.052501 hargrave 2021-12-09 18:44:39 
TT 620 090.4 006.1 089.8 013.3 6.27E-05 001.1 156.7 -51.3 0.027665 0.119886 0.035212 hargrave 2021-12-10 16:46:28 
TT 630 092.7 006.3 092.1 013.5 6.08E-05 003.1 160.2 -51.9 0.098974 0.315236 0.048965 hargrave 2021-12-12 14:01:44 
TT 640 093.7 007.2 093.1 014.5 5.86E-05 001.3 162.2 -51.3 0.066490 0.112728 0.040728 hargrave 2021-12-13 12:30:50 
TT 650 092.2 007.2 091.6 014.4 5.32E-05 001.0 160.0 -50.9 0.045274 0.077882 0.053104 hargrave 2021-12-14 10:00:12 
TT 655 095.0 007.2 094.5 014.6 5.17E-05 001.2 164.3 -51.6 0.042421 0.097297 0.050980 hargrave 2021-12-14 18:58:22 
TT 660 093.0 006.1 092.5 013.4 4.42E-05 001.0 160.7 -52.2 0.047553 0.067970 0.032005 hargrave 2021-12-15 18:39:56 
TT 665 091.6 004.8 091.1 012.0 4.02E-05 001.9 157.8 -53.0 0.051533 0.124696 0.038094 hargrave 2021-12-16 16:23:45 
TT 670 090.8 006.8 090.2 014.0 2.92E-05 004.2 157.7 -50.8 0.099773 0.191672 0.034938 hargrave 2021-12-17 14:58:00 
TT 673 087.8 011.9 086.7 018.9 1.48E-05 001.6 156.2 -45.0 0.026036 0.035149 0.023523 hargrave 2021-12-19 18:28:23 
TT 675 094.7 006.1 094.2 013.5 9.27E-06 002.3 163.3 -52.6 0.019062 0.032993 0.005948 hargrave 2021-12-20 17:43:06 
TT 679 074.9 026.4 071.8 032.2 4.69E-06 001.1 150.0 -26.7 0.005478 0.010025 0.003974 hargrave 2021-12-21 16:04:15 
TT 683 219.5 -07.8 218.3 -09.4 1.45E-06 001.6 289.8 016.9 0.005980 0.008094 0.003707 hargrave 2021-12-22 16:05:30 
TT 687 119.6 -61.5 119.1 -53.5 1.45E-06 001.4 347.1 -57.0 0.001948 0.002897 0.002429 hargrave 2021-12-23 14:41:23 
