HF1- 96 mag compass orientation (IGRF corrected)
 107.98 285.8  65.0 208.5   9.0   1.0
NRM    040.0 008.4 038.6 010.1 8.59E-05 001.8 218.3 -49.1 0.119664 0.238735 0.082342 hargrave 2021-12-04 18:23:25 
TT 150 040.5 005.6 039.5 007.4 8.16E-05 001.9 221.5 -51.1 0.225594 0.041320 0.147786 hargrave 2021-12-06 13:36:18 
TT 300 038.8 005.5 037.8 007.0 7.99E-05 001.0 219.3 -52.2 0.046571 0.090115 0.110687 hargrave 2021-12-07 09:46:05 
TT 400 037.0 004.3 036.2 005.6 7.61E-05 001.1 218.1 -54.2 0.113501 0.051989 0.100109 hargrave 2021-12-07 18:19:32 
TT 450 035.5 005.1 034.6 006.1 7.42E-05 001.2 215.2 -54.3 0.071625 0.121525 0.098319 hargrave 2021-12-08 15:54:37 
TT 500 036.0 005.3 035.1 006.4 7.11E-05 001.2 215.7 -53.9 0.125918 0.047163 0.091964 hargrave 2021-12-09 14:15:04 
TT 550 034.8 006.6 033.7 007.5 6.75E-05 001.2 212.8 -53.4 0.103503 0.071712 0.086465 hargrave 2021-12-10 11:29:37 
TT 565 036.9 005.6 035.9 006.8 6.60E-05 002.6 216.7 -53.1 0.202834 0.217216 0.066297 hargrave 2021-12-11 18:23:44 
TT 580 035.0 006.7 033.9 007.6 6.53E-05 001.3 213.1 -53.2 0.068708 0.130143 0.069598 hargrave 2021-12-12 18:02:37 
TT 600 034.5 006.9 033.3 007.8 6.15E-05 001.2 212.2 -53.3 0.089172 0.082397 0.069633 hargrave 2021-12-13 16:30:45 
TT 610 034.7 003.7 034.0 004.6 5.83E-05 002.8 215.3 -55.9 0.095135 0.256096 0.078166 hargrave 2021-12-14 13:20:43 
TT 620 029.6 006.9 028.5 007.0 5.71E-05 001.1 204.6 -55.4 0.079532 0.063204 0.070201 hargrave 2021-12-15 11:31:55 
TT 630 031.8 007.7 030.5 008.1 6.04E-05 001.2 207.6 -53.8 0.082585 0.050921 0.089220 hargrave 2021-12-16 11:48:54 
TT 640 033.7 008.8 032.3 009.5 5.52E-05 002.1 209.5 -52.0 0.136304 0.132451 0.079526 hargrave 2021-12-17 10:25:08 
TT 650 032.3 009.7 030.7 010.2 4.74E-05 001.0 206.9 -51.8 0.052646 0.048661 0.059711 hargrave 2021-12-17 18:51:10 
TT 655 035.7 009.4 034.1 010.4 4.19E-05 001.4 211.8 -50.5 0.067209 0.067428 0.045583 hargrave 2021-12-20 13:24:46 
TT 660 041.3 010.2 039.6 012.1 3.79E-05 001.5 218.3 -46.9 0.098439 0.051460 0.030297 hargrave 2021-12-21 11:35:53 
TT 665 033.2 010.6 031.5 011.2 3.60E-05 001.7 207.6 -50.6 0.097787 0.063940 0.042008 hargrave 2021-12-22 11:44:13 
TT 670 034.4 011.9 032.4 012.7 2.77E-05 001.6 208.4 -48.9 0.028195 0.071912 0.039131 hargrave 2021-12-23 10:48:06 
TT 672 054.0 012.9 051.8 016.6 2.18E-05 001.3 228.9 -36.9 0.029545 0.028731 0.031970 hargrave 2021-12-23 17:20:00 
TT 675 048.8 008.0 047.4 011.0 1.55E-05 002.2 228.5 -43.9 0.046783 0.035138 0.017307 hargrave 2021-12-24 18:04:45 
TT 678 062.8 002.1 062.2 007.1 7.26E-06 003.5 246.3 -37.0 0.044596 0.013677 0.009319 hargrave 2021-12-27 10:53:45 
TT 682 040.3 017.1 037.4 018.7 4.64E-06 001.6 212.0 -41.6 0.007663 0.011085 0.005064 hargrave 2021-12-28 10:32:07 
TT 685 036.8 -45.7 045.5 -43.7 7.39E-07 002.5 326.2 -63.3 0.001676 0.002897 0.002834 hargrave 2021-12-28 17:43:20 
TT 691 066.7 010.3 065.0 015.8 3.57E-06 002.1 240.9 -29.1 0.011824 0.005359 0.005982 hargrave 2021-12-30 10:44:14 
