HF1- 37 mag compass orientation (IGRF corrected)
  89.45 332.8  74.0 208.5   9.0   1.0
NRM    096.6 -02.5 096.5 005.9 7.48E-05 000.6 251.4 -54.1 0.073253 0.047480 0.034487 hargrave 2021-12-01 10:31:04 
TT 150 095.6 -02.8 095.5 005.5 7.48E-05 000.6 251.2 -55.1 0.051069 0.060048 0.036250 hargrave 2021-12-01 18:06:51 
TT 300 094.9 -04.5 094.9 003.8 7.29E-05 000.6 253.4 -56.4 0.049141 0.058405 0.034402 hargrave 2021-12-02 14:23:20 
TT 400 094.6 -04.5 094.6 003.7 7.10E-05 001.2 253.2 -56.7 0.141132 0.032343 0.042022 hargrave 2021-12-03 12:22:47 
TT 450 095.9 -06.9 096.1 001.4 6.91E-05 001.0 258.1 -56.3 0.122036 0.027609 0.034106 hargrave 2021-12-04 13:43:22 
TT 500 095.7 -05.3 095.8 003.0 6.74E-05 001.4 255.4 -56.0 0.163390 0.037022 0.028484 hargrave 2021-12-06 09:57:05 
TT 550 096.9 -06.1 097.0 002.3 6.38E-05 000.5 257.4 -55.2 0.056808 0.027113 0.026677 hargrave 2021-12-06 17:59:09 
TT 565 097.2 -05.5 097.3 002.9 6.28E-05 001.7 256.6 -54.7 0.184191 0.049613 0.026305 hargrave 2021-12-07 14:19:08 
TT 580 097.9 -05.4 098.0 003.0 6.11E-05 001.0 256.8 -54.0 0.102945 0.030870 0.026186 hargrave 2021-12-08 12:18:48 
TT 600 097.2 -06.7 097.3 001.7 5.82E-05 000.5 258.6 -55.1 0.047761 0.026998 0.023608 hargrave 2021-12-09 09:53:49 
TT 610 096.9 -02.7 096.8 005.7 5.57E-05 002.3 251.9 -53.9 0.215984 0.063257 0.021223 hargrave 2021-12-09 18:28:55 
TT 620 098.1 -03.7 098.1 004.7 5.36E-05 001.2 254.2 -53.2 0.105376 0.042535 0.021293 hargrave 2021-12-10 16:30:42 
TT 630 097.1 -01.8 097.0 006.6 5.20E-05 001.4 250.7 -53.4 0.108642 0.061518 0.020406 hargrave 2021-12-12 13:46:00 
TT 640 099.0 -06.8 099.1 001.7 5.11E-05 002.4 259.6 -53.4 0.208049 0.042283 0.025432 hargrave 2021-12-13 12:14:11 
TT 650 096.7 -06.0 096.8 002.4 4.81E-05 001.3 257.1 -55.3 0.100990 0.047714 0.019792 hargrave 2021-12-14 09:44:29 
TT 655 095.5 -05.6 095.6 002.7 4.77E-05 002.4 255.7 -56.3 0.195621 0.063608 0.017855 hargrave 2021-12-14 18:42:36 
TT 660 098.2 -03.6 098.2 004.8 4.18E-05 000.7 254.2 -53.1 0.042650 0.041719 0.017167 hargrave 2021-12-15 18:24:12 
TT 665 095.8 -01.9 095.7 006.4 3.95E-05 004.9 249.9 -54.6 0.313361 0.126362 0.017832 hargrave 2021-12-16 16:07:55 
TT 670 102.3 -05.3 102.3 003.3 3.71E-05 001.5 259.1 -49.8 0.094476 0.047180 0.017255 hargrave 2021-12-17 14:42:16 
TT 673 098.8 -05.4 098.9 003.1 2.98E-05 001.9 257.3 -53.1 0.092098 0.038399 0.014335 hargrave 2021-12-19 18:12:34 
TT 675 097.3 000.1 097.1 008.5 2.86E-05 002.7 248.0 -52.3 0.118055 0.064291 0.014268 hargrave 2021-12-20 17:27:11 
TT 679 095.2 001.4 094.9 009.7 1.76E-05 002.3 244.4 -53.6 0.063313 0.031249 0.015459 hargrave 2021-12-21 15:51:13 
TT 683 107.6 -03.0 107.6 005.8 1.03E-05 001.7 258.4 -44.1 0.026299 0.017257 0.006251 hargrave 2021-12-22 15:52:19 
TT 687 024.9 085.7 323.5 079.8 1.18E-06 006.9 177.3 012.6 0.005685 0.014040 0.002264 hargrave 2021-12-23 14:28:09 
