HF1- 17 mag compass orientation (IGRF corrected)
   84.2 333.8  37.0 208.5   9.0   1.0
NRM    341.1 -28.9 345.1 -35.3 1.11E-04 002.0 076.9 -26.9 0.358438 0.095933 0.108316 hargrave 2021-12-01 09:58:29 
TT 150 341.5 -32.3 346.1 -38.6 1.08E-04 003.9 074.6 -29.7 0.702696 0.157599 0.126406 hargrave 2021-12-01 17:34:22 
TT 300 344.1 -32.3 348.8 -38.3 9.88E-05 001.7 076.4 -31.2 0.263337 0.117374 0.112609 hargrave 2021-12-02 13:48:30 
TT 400 341.2 -36.1 346.4 -42.4 9.13E-05 001.2 071.3 -32.2 0.145063 0.085893 0.088867 hargrave 2021-12-03 11:50:04 
TT 450 341.7 -36.7 347.1 -43.0 8.65E-05 001.5 071.1 -32.9 0.206340 0.082331 0.075716 hargrave 2021-12-04 13:10:36 
TT 500 341.4 -38.0 347.0 -44.3 8.13E-05 002.3 069.8 -33.7 0.301389 0.113343 0.077715 hargrave 2021-12-06 09:24:19 
TT 550 341.2 -39.4 347.1 -45.7 7.20E-05 002.0 068.5 -34.5 0.232284 0.090462 0.064776 hargrave 2021-12-06 17:26:40 
TT 565 343.2 -37.7 348.9 -43.8 6.78E-05 001.0 071.3 -34.5 0.083745 0.062655 0.057892 hargrave 2021-12-07 13:46:31 
TT 580 339.6 -40.4 345.6 -46.9 6.53E-05 001.2 066.6 -34.3 0.101051 0.075740 0.060201 hargrave 2021-12-08 11:45:11 
TT 600 338.9 -37.2 344.2 -43.8 5.91E-05 001.6 068.8 -31.7 0.135832 0.101153 0.049683 hargrave 2021-12-09 09:21:11 
TT 610 337.0 -38.5 342.3 -45.3 5.85E-05 000.8 066.5 -31.6 0.028718 0.069652 0.051146 hargrave 2021-12-09 17:56:10 
TT 620 335.2 -40.2 340.7 -47.2 5.97E-05 000.7 063.9 -31.8 0.026818 0.063244 0.048589 hargrave 2021-12-10 15:57:38 
TT 630 332.7 -42.4 338.3 -49.6 5.37E-05 001.7 060.5 -32.0 0.141580 0.072239 0.046073 hargrave 2021-12-12 13:12:33 
TT 640 332.7 -40.5 337.9 -47.7 4.63E-05 002.6 062.1 -30.7 0.180798 0.110477 0.041171 hargrave 2021-12-13 11:39:56 
TT 650 328.4 -38.1 332.7 -45.7 3.66E-05 001.3 061.2 -26.6 0.044664 0.084149 0.038737 hargrave 2021-12-14 09:11:48 
TT 655 334.1 -42.4 339.9 -49.5 3.39E-05 002.2 061.4 -32.7 0.084834 0.103645 0.035459 hargrave 2021-12-14 18:09:54 
TT 660 336.1 -48.5 343.7 -55.3 2.77E-05 001.3 057.0 -37.9 0.049170 0.054814 0.031006 hargrave 2021-12-15 17:51:30 
TT 665 337.2 -41.6 343.2 -48.3 2.21E-05 002.7 064.0 -33.8 0.088936 0.063089 0.026902 hargrave 2021-12-16 15:34:24 
TT 670 011.6 -39.9 019.2 -41.9 1.42E-05 001.4 089.0 -52.7 0.029033 0.019763 0.011182 hargrave 2021-12-17 14:10:19 
TT 673 007.5 -30.8 012.9 -33.6 7.35E-06 006.0 095.8 -44.1 0.074911 0.016302 0.009341 hargrave 2021-12-19 17:40:45 
TT 675 058.1 -36.9 063.3 -32.1 8.77E-06 001.0 163.8 -73.4 0.010222 0.008617 0.010333 hargrave 2021-12-20 16:55:23 
TT 679 323.1 -15.4 324.5 -23.5 6.85E-06 002.1 072.3 -06.0 0.022665 0.017264 0.004622 hargrave 2021-12-21 15:24:24 
TT 683 112.6 007.8 112.4 016.8 4.24E-06 001.8 231.0 -16.5 0.008773 0.009601 0.008553 hargrave 2021-12-22 15:26:05 
TT 687 243.8 082.9 274.4 075.7 2.57E-06 001.4 180.0 060.1 0.004866 0.003169 0.003852 hargrave 2021-12-23 14:01:33 
