HF1- 54 mag compass orientation (IGRF corrected)
  95.85  30.8  38.0 208.5   9.0   1.0
NRM    097.3 019.6 095.8 028.0 1.03E-04 005.0 157.1 -15.5 0.317198 0.832880 0.163568 hargrave 2021-12-01 11:01:21 
TT 150 098.1 018.2 096.8 026.6 1.00E-04 003.3 157.4 -17.1 0.139015 0.518160 0.238968 hargrave 2021-12-01 18:36:59 
TT 300 102.3 018.1 101.2 026.7 9.53E-05 001.8 161.5 -18.1 0.070405 0.210849 0.219444 hargrave 2021-12-02 14:53:31 
TT 400 100.5 017.4 099.4 025.9 9.04E-05 003.5 159.6 -18.4 0.170069 0.489594 0.192577 hargrave 2021-12-03 12:52:22 
TT 450 098.3 017.0 097.1 025.4 8.71E-05 001.6 157.3 -18.3 0.117705 0.149625 0.145586 hargrave 2021-12-04 14:12:57 
TT 500 103.8 018.2 102.8 026.9 8.44E-05 002.7 163.0 -18.3 0.091233 0.363553 0.156384 hargrave 2021-12-06 10:26:41 
TT 550 101.9 018.3 100.8 026.9 7.83E-05 001.1 161.2 -17.8 0.086900 0.086175 0.100496 hargrave 2021-12-06 18:28:18 
TT 565 100.4 018.7 099.2 027.2 7.57E-05 001.1 159.8 -17.1 0.085919 0.088372 0.096502 hargrave 2021-12-07 14:48:38 
TT 580 100.7 018.9 099.5 027.4 7.34E-05 004.1 160.1 -17.0 0.148330 0.497817 0.101865 hargrave 2021-12-08 12:48:25 
TT 600 104.3 018.7 103.3 027.4 6.88E-05 001.0 163.6 -17.9 0.059780 0.086318 0.084372 hargrave 2021-12-09 10:23:23 
TT 610 100.6 018.1 099.4 026.6 6.46E-05 002.8 159.8 -17.7 0.086285 0.301950 0.073584 hargrave 2021-12-09 18:58:26 
TT 620 102.5 018.1 101.4 026.7 6.37E-05 001.3 161.7 -18.1 0.067639 0.119189 0.083691 hargrave 2021-12-10 17:00:11 
TT 630 099.0 016.5 097.8 025.0 6.28E-05 001.3 157.9 -18.9 0.101259 0.082340 0.093189 hargrave 2021-12-12 14:14:42 
TT 640 099.0 017.1 097.8 025.6 5.96E-05 001.4 158.0 -18.3 0.063811 0.108797 0.088686 hargrave 2021-12-13 12:43:53 
TT 650 102.3 015.3 101.4 023.9 5.55E-05 001.5 160.9 -20.8 0.053024 0.112375 0.090348 hargrave 2021-12-14 10:13:11 
TT 655 103.1 013.7 102.3 022.4 5.40E-05 002.7 161.4 -22.5 0.062055 0.235564 0.087083 hargrave 2021-12-14 19:11:17 
TT 660 096.2 012.9 095.1 021.2 4.46E-05 007.7 154.1 -21.7 0.251377 0.549208 0.065836 hargrave 2021-12-15 18:52:52 
TT 665 098.5 018.3 097.2 026.7 4.11E-05 005.5 157.9 -17.1 0.123716 0.374139 0.065001 hargrave 2021-12-16 16:36:48 
TT 670 107.0 016.2 106.3 025.0 3.13E-05 004.3 165.8 -20.7 0.041871 0.229278 0.051398 hargrave 2021-12-17 15:11:00 
TT 673 112.3 022.0 111.8 030.9 2.48E-05 002.0 171.8 -15.6 0.015327 0.073243 0.047418 hargrave 2021-12-19 18:41:20 
TT 675 092.9 013.2 091.7 021.3 1.59E-05 002.7 150.9 -20.5 0.035352 0.067368 0.027132 hargrave 2021-12-20 17:56:03 
TT 679 064.9 -03.0 064.9 002.4 6.53E-06 002.2 116.3 -22.7 0.018582 0.018854 0.005401 hargrave 2021-12-21 16:15:01 
TT 683 092.0 069.8 074.3 077.2 2.72E-06 002.4 168.5 033.6 0.005571 0.009041 0.006071 hargrave 2021-12-22 16:16:29 
TT 687 019.8 010.6 018.3 009.1 2.43E-06 002.6 088.0 015.1 0.010303 0.006393 0.004408 hargrave 2021-12-23 14:52:18 
