HF1- 40 mag compass orientation (IGRF corrected)
  89.57 307.8  72.0 208.5   9.0   1.0
NRM    091.9 -02.9 091.8 005.1 1.37E-04 000.9 260.7 -34.9 0.178405 0.056945 0.140786 hargrave 2021-12-01 10:35:35 
TT 150 092.0 -04.7 092.0 003.4 1.37E-04 002.9 262.8 -35.4 0.681071 0.032006 0.131654 hargrave 2021-12-01 18:11:22 
TT 300 091.5 -04.0 091.5 004.0 1.34E-04 000.9 261.8 -35.7 0.201463 0.037386 0.108792 hargrave 2021-12-02 14:27:50 
TT 400 092.7 -06.3 092.9 001.8 1.30E-04 001.5 264.9 -35.3 0.321426 0.052394 0.092248 hargrave 2021-12-03 12:27:20 
TT 450 092.4 -05.5 092.5 002.6 1.28E-04 002.1 263.9 -35.3 0.463068 0.054096 0.088435 hargrave 2021-12-04 13:47:55 
TT 500 092.8 -07.1 093.0 001.0 1.25E-04 000.7 265.9 -35.4 0.129826 0.056687 0.087383 hargrave 2021-12-06 10:01:38 
TT 550 093.0 -06.9 093.2 001.2 1.17E-04 002.5 265.7 -35.2 0.508849 0.048871 0.087122 hargrave 2021-12-06 18:03:38 
TT 565 092.1 -04.9 092.2 003.2 1.15E-04 000.9 263.1 -35.4 0.178762 0.064558 0.079918 hargrave 2021-12-07 14:23:38 
TT 580 092.2 -03.9 092.2 004.2 1.14E-04 001.1 261.9 -35.0 0.217692 0.069347 0.078335 hargrave 2021-12-08 12:23:20 
TT 600 093.3 -07.2 093.5 001.0 1.05E-04 002.9 266.2 -35.0 0.535791 0.047735 0.074176 hargrave 2021-12-09 09:58:20 
TT 610 091.7 -04.7 091.7 003.3 9.56E-05 000.5 262.7 -35.7 0.064798 0.030331 0.063216 hargrave 2021-12-09 18:33:26 
TT 620 091.9 -06.3 092.1 001.8 9.25E-05 001.3 264.6 -36.0 0.194446 0.045631 0.067106 hargrave 2021-12-10 16:35:14 
TT 630 091.8 -06.2 092.0 001.8 8.77E-05 002.5 264.5 -36.1 0.371776 0.039605 0.065405 hargrave 2021-12-12 13:50:31 
TT 640 091.5 -07.8 091.8 000.2 8.51E-05 004.2 266.3 -36.9 0.623066 0.047628 0.056883 hargrave 2021-12-13 12:18:43 
TT 650 090.1 -07.3 090.3 000.6 7.68E-05 000.5 265.1 -38.0 0.060680 0.022628 0.053100 hargrave 2021-12-14 09:49:01 
TT 655 088.9 -07.2 089.2 000.6 7.47E-05 002.7 264.6 -39.2 0.340534 0.062389 0.048608 hargrave 2021-12-14 18:47:09 
TT 660 090.9 -07.3 091.1 000.7 6.45E-05 002.7 265.4 -37.3 0.296788 0.026490 0.046443 hargrave 2021-12-15 18:28:44 
TT 665 085.8 -09.5 086.3 -01.9 5.45E-05 003.2 266.3 -42.7 0.305238 0.019545 0.038543 hargrave 2021-12-16 16:12:28 
TT 670 087.6 -09.2 088.0 -01.5 5.16E-05 001.0 266.6 -40.9 0.080181 0.024781 0.055447 hargrave 2021-12-17 14:46:50 
TT 673 089.6 -06.5 089.8 001.4 3.35E-05 002.0 264.0 -38.3 0.113396 0.018466 0.026487 hargrave 2021-12-19 18:17:05 
TT 675 079.6 -08.8 080.1 -01.8 2.95E-05 004.2 262.9 -48.4 0.214460 0.036608 0.021598 hargrave 2021-12-20 17:31:42 
TT 679 069.2 -00.4 068.9 005.5 1.37E-05 002.3 243.8 -54.5 0.051658 0.023389 0.008125 hargrave 2021-12-21 15:54:56 
TT 683 076.2 014.5 074.2 021.1 9.05E-06 001.7 231.8 -40.1 0.015788 0.025393 0.004425 hargrave 2021-12-22 15:56:07 
TT 687 051.3 -01.7 051.3 001.8 3.51E-06 000.7 220.7 -69.0 0.003632 0.002290 0.004037 hargrave 2021-12-23 14:31:54 
