HF1- 104 sun compass orientation
 111.48 312.8  74.0 207.0   8.0   1.0
NRM    056.9 -04.4 057.2 -00.4 3.67E-05 001.3 231.6 -71.9 0.057879 0.058823 0.012318 hargrave 2021-12-04 18:35:37 
TT 150 057.8 -08.6 058.6 -04.5 3.62E-05 001.0 245.1 -73.6 0.053267 0.034619 0.018017 hargrave 2021-12-06 13:48:35 
TT 300 056.4 -09.3 057.3 -05.4 3.47E-05 001.0 244.9 -75.2 0.050920 0.031096 0.033192 hargrave 2021-12-07 09:58:27 
TT 400 054.6 -16.5 056.4 -12.7 3.12E-05 005.8 274.4 -78.7 0.311905 0.039572 0.022416 hargrave 2021-12-07 18:32:44 
TT 450 054.3 -11.5 055.5 -07.8 2.93E-05 001.0 249.4 -78.0 0.043071 0.025630 0.022247 hargrave 2021-12-08 16:06:55 
TT 500 051.9 -11.1 053.1 -07.7 2.75E-05 001.4 242.1 -79.9 0.061561 0.022574 0.008289 hargrave 2021-12-09 14:27:25 
TT 550 042.0 008.2 040.7 010.2 2.01E-05 027.8 178.0 -65.8 0.694599 0.485385 0.687772 hargrave 2021-12-10 11:42:48 
TT 550 051.9 -11.1 053.1 -07.6 2.52E-05 000.5 242.0 -79.9 0.018818 0.007914 0.003786 hargrave 2021-12-10 13:16:03 
TT 565 052.6 -11.4 053.8 -07.8 2.40E-05 000.4 245.4 -79.4 0.016343 0.006144 0.008124 hargrave 2021-12-11 18:36:04 
TT 580 052.7 -13.3 054.1 -09.8 2.28E-05 000.6 255.6 -80.1 0.021332 0.009029 0.004593 hargrave 2021-12-12 18:15:00 
TT 600 047.6 -14.6 049.3 -11.7 2.22E-05 000.5 254.3 -85.2 0.016433 0.006817 0.003211 hargrave 2021-12-13 16:43:08 
TT 610 048.9 -15.9 050.8 -12.7 2.10E-05 000.4 269.4 -84.1 0.012850 0.009879 0.004659 hargrave 2021-12-14 13:33:02 
TT 620 048.8 -16.2 050.8 -13.1 2.08E-05 000.7 273.2 -84.2 0.021596 0.010561 0.003218 hargrave 2021-12-15 11:44:19 
TT 630 046.8 -17.3 049.0 -14.5 2.10E-05 000.7 289.7 -85.9 0.014780 0.019000 0.002368 hargrave 2021-12-16 12:01:18 
TT 640 043.8 -15.5 045.8 -13.0 2.11E-05 000.5 242.4 -88.9 0.019241 0.004362 0.003434 hargrave 2021-12-17 10:37:37 
TT 650 041.6 -19.1 044.1 -16.9 1.90E-05 000.7 020.0 -86.7 0.017083 0.013281 0.001165 hargrave 2021-12-17 19:03:29 
TT 655 041.1 -17.6 043.4 -15.5 1.90E-05 000.5 046.1 -87.7 0.014113 0.008190 0.001534 hargrave 2021-12-20 13:37:09 
TT 660 038.8 -19.9 041.5 -18.0 1.87E-05 001.3 043.6 -84.6 0.038667 0.019296 0.003158 hargrave 2021-12-21 11:46:02 
TT 665 037.5 -16.8 039.8 -15.2 1.65E-05 000.4 080.3 -84.9 0.010511 0.006037 0.003817 hargrave 2021-12-22 11:54:35 
TT 670 047.0 -24.8 050.2 -21.8 1.57E-05 000.7 336.4 -80.4 0.017176 0.002600 0.005219 hargrave 2021-12-23 10:58:26 
TT 672 039.5 -17.3 041.8 -15.4 1.41E-05 000.6 066.9 -86.6 0.012450 0.006956 0.002291 hargrave 2021-12-23 17:30:12 
TT 675 042.1 -25.4 045.6 -23.1 1.19E-05 000.6 003.6 -80.6 0.011562 0.005065 0.003098 hargrave 2021-12-24 18:14:54 
TT 678 043.5 -16.2 045.5 -13.8 9.13E-06 000.5 287.6 -89.3 0.005702 0.004634 0.001261 hargrave 2021-12-27 11:04:02 
TT 682 056.0 -40.2 061.3 -36.0 3.21E-06 001.5 337.3 -63.2 0.007286 0.003472 0.002845 hargrave 2021-12-28 10:42:25 
TT 685 088.1 -35.8 090.5 -28.7 1.53E-06 002.0 305.1 -45.2 0.005757 0.002652 0.001153 hargrave 2021-12-28 17:53:26 
TT 691 287.8 -05.0 287.6 -12.9 2.72E-06 001.8 077.5 022.4 0.008390 0.004833 0.002763 hargrave 2021-12-30 10:56:28 
