HF1- 82 mag compass orientation (IGRF corrected)
 101.69 317.8  71.0 208.5   9.0   1.0
NRM    131.8 049.3 134.9 058.0 1.50E-04 001.1 221.3 010.5 0.126953 0.192870 0.169931 hargrave 2021-12-04 18:05:29 
TT 150 131.1 049.1 134.1 057.8 1.45E-04 003.4 221.3 010.0 0.578514 0.617273 0.193267 hargrave 2021-12-06 13:18:19 
TT 300 130.5 052.0 133.7 060.8 1.39E-04 005.5 218.4 010.5 0.734438 1.097549 0.286707 hargrave 2021-12-07 09:27:57 
TT 400 133.6 048.1 137.0 056.7 1.32E-04 004.0 222.8 011.3 0.639921 0.630424 0.242225 hargrave 2021-12-07 18:00:42 
TT 450 131.9 052.6 135.5 061.3 1.28E-04 000.9 218.1 011.5 0.056964 0.113553 0.178608 hargrave 2021-12-08 15:36:38 
TT 500 134.8 048.6 138.5 057.2 1.22E-04 002.8 222.5 012.2 0.414236 0.376208 0.218370 hargrave 2021-12-09 13:56:01 
TT 550 134.4 051.5 138.5 060.1 1.15E-04 001.7 219.6 012.7 0.203534 0.173529 0.237525 hargrave 2021-12-10 11:11:33 
TT 565 134.4 052.6 138.7 061.2 1.11E-04 003.7 218.5 013.0 0.452650 0.525777 0.185905 hargrave 2021-12-11 18:04:53 
TT 580 132.3 054.6 136.4 063.3 1.09E-04 001.4 216.2 012.3 0.143255 0.118441 0.189256 hargrave 2021-12-12 17:44:27 
TT 600 135.1 049.3 139.0 057.8 1.06E-04 003.8 221.9 012.6 0.494371 0.476364 0.180066 hargrave 2021-12-13 16:12:44 
TT 610 134.7 050.7 138.7 059.3 1.04E-04 001.1 220.4 012.7 0.068507 0.070322 0.184925 hargrave 2021-12-14 13:02:44 
TT 620 134.5 053.3 138.9 061.9 1.02E-04 002.0 217.8 013.2 0.169617 0.243528 0.194048 hargrave 2021-12-15 11:13:00 
TT 630 134.7 053.5 139.2 062.0 9.98E-05 002.2 217.6 013.4 0.174602 0.280610 0.194659 hargrave 2021-12-16 11:30:51 
TT 640 135.4 052.2 139.9 060.7 9.53E-05 002.4 219.0 013.5 0.249070 0.262741 0.173055 hargrave 2021-12-17 10:07:03 
TT 650 134.6 053.3 139.1 061.9 8.74E-05 002.1 217.8 013.3 0.140892 0.254987 0.151811 hargrave 2021-12-17 18:33:04 
TT 655 137.9 046.8 142.0 055.2 7.48E-05 000.7 224.8 013.8 0.316208 0.360532 0.095567 hargrave 2021-12-20 13:05:02 
TT 660 136.1 049.2 140.2 057.7 7.10E-05 003.6 222.1 013.2 0.571458 0.122259 0.063398 hargrave 2021-12-21 11:21:13 
TT 665 133.8 052.1 137.8 060.7 5.59E-05 002.3 218.9 012.5 0.149052 0.157313 0.105345 hargrave 2021-12-22 11:28:22 
TT 670 140.1 043.3 144.0 051.6 2.85E-05 003.5 228.7 014.5 0.155637 0.092014 0.064895 hargrave 2021-12-23 10:32:31 
TT 672 145.8 049.8 152.0 057.6 1.63E-05 002.0 222.7 019.5 0.045198 0.032101 0.026368 hargrave 2021-12-23 17:05:10 
TT 675 173.4 027.9 177.8 032.8 1.63E-06 003.0 249.1 039.7 0.008100 0.002806 0.002521 hargrave 2021-12-24 17:50:02 
TT 678 106.6 033.4 105.1 042.2 4.73E-06 001.4 227.2 -13.3 0.008919 0.008096 0.003795 hargrave 2021-12-27 10:38:56 
TT 682 261.8 028.9 264.3 021.6 5.19E-07 003.3 114.3 057.5 0.003639 0.001524 0.003380 hargrave 2021-12-28 10:17:13 
TT 685 158.0 -45.5 153.1 -38.3 1.55E-06 002.2 318.9 -00.2 0.006926 0.001425 0.003751 hargrave 2021-12-28 17:28:40 
TT 691 294.0 022.3 294.2 013.3 2.79E-06 003.5 105.7 028.5 0.016292 0.005188 0.004305 hargrave 2021-12-30 10:26:20 
