HF1- 10 mag compass orientation (IGRF corrected)
  82.39 299.8  63.0 207.0   8.0   1.0
NRM    073.5 005.2 072.7 010.9 5.38E-05 001.1 239.4 -36.9 0.085369 0.075456 0.038012 hargrave 2021-12-01 09:50:03 
TT 150 074.8 -00.8 074.6 005.1 5.40E-05 002.5 246.5 -39.5 0.216765 0.097445 0.038062 hargrave 2021-12-01 17:25:58 
TT 300 073.8 -02.1 073.7 003.8 5.13E-05 003.8 247.0 -41.1 0.317545 0.134896 0.039241 hargrave 2021-12-02 13:40:04 
TT 400 072.9 -02.7 072.8 003.0 4.73E-05 004.4 247.0 -42.2 0.331943 0.149113 0.038548 hargrave 2021-12-03 11:41:35 
TT 450 073.9 -04.1 074.0 001.8 4.46E-05 002.6 249.3 -42.1 0.183495 0.082248 0.029634 hargrave 2021-12-04 13:02:08 
TT 500 073.9 -05.2 074.1 000.7 4.11E-05 006.7 250.6 -42.7 0.450504 0.179596 0.026711 hargrave 2021-12-06 09:15:48 
TT 550 074.9 -07.6 075.3 -01.6 3.94E-05 001.7 254.1 -43.1 0.108442 0.050341 0.028747 hargrave 2021-12-06 17:18:12 
TT 565 074.7 -08.4 075.2 -02.5 3.77E-05 003.1 255.0 -43.7 0.195945 0.068764 0.023943 hargrave 2021-12-07 13:38:00 
TT 580 072.2 -07.1 072.7 -01.4 3.71E-05 005.0 251.6 -45.1 0.303547 0.118060 0.023068 hargrave 2021-12-08 11:36:43 
TT 600 070.9 -09.4 071.6 -03.8 3.43E-05 005.0 253.5 -47.4 0.285273 0.107480 0.021124 hargrave 2021-12-09 09:12:44 
TT 610 071.5 -10.4 072.3 -04.8 3.31E-05 004.5 255.3 -47.4 0.252689 0.072340 0.020179 hargrave 2021-12-09 17:47:42 
TT 620 073.3 -09.1 073.9 -03.2 3.26E-05 004.2 254.8 -45.2 0.225193 0.081129 0.022354 hargrave 2021-12-10 15:49:01 
TT 630 073.0 -12.6 074.0 -06.8 3.32E-05 001.9 259.1 -47.1 0.103726 0.044370 0.023127 hargrave 2021-12-12 13:04:04 
TT 640 069.8 -10.6 070.6 -05.1 3.02E-05 003.6 254.3 -49.0 0.177291 0.071393 0.017398 hargrave 2021-12-13 11:31:27 
TT 650 071.6 -14.3 072.7 -08.6 2.80E-05 002.2 260.5 -49.1 0.100030 0.048370 0.016173 hargrave 2021-12-14 09:03:19 
TT 655 077.5 -13.8 078.4 -07.6 2.47E-05 006.3 263.3 -43.7 0.266927 0.050623 0.017913 hargrave 2021-12-14 18:01:27 
TT 660 072.6 -09.1 073.2 -03.3 2.48E-05 003.7 254.3 -45.8 0.146156 0.064641 0.014519 hargrave 2021-12-15 17:42:57 
TT 665 079.8 -13.3 080.7 -06.8 2.29E-05 006.7 263.9 -41.4 0.265663 0.043776 0.017176 hargrave 2021-12-16 15:25:57 
TT 670 077.6 -11.3 078.4 -05.1 2.21E-05 005.1 260.3 -42.5 0.190838 0.050749 0.015586 hargrave 2021-12-17 14:01:54 
TT 673 070.1 -05.4 070.3 000.1 1.86E-05 006.6 247.9 -46.0 0.196450 0.087472 0.011436 hargrave 2021-12-19 17:32:20 
TT 675 078.6 001.4 078.2 007.7 1.40E-05 003.0 246.9 -35.1 0.066595 0.034675 0.009636 hargrave 2021-12-20 16:46:56 
TT 679 062.3 -06.1 062.8 -01.5 6.52E-06 002.4 241.9 -52.7 0.026953 0.009714 0.006812 hargrave 2021-12-21 15:17:24 
TT 683 115.1 027.5 114.9 035.5 4.75E-06 001.5 243.3 008.3 0.008796 0.009943 0.005655 hargrave 2021-12-22 15:19:10 
TT 687 279.6 -27.0 278.1 -34.6 1.38E-06 005.7 056.9 003.9 0.014577 0.003497 0.002165 hargrave 2021-12-23 13:54:42 
