HF1- 123 sun compass orientation
 101.85 296.6  47.0 208.5   9.0   1.0
NRM    137.7 027.9 139.7 036.4 1.90E-04 001.0 261.3 033.5 0.295262 0.118153 0.131817 hargrave 2021-12-04 19:04:50 
TT 150 140.5 024.2 142.4 032.5 1.86E-04 002.4 266.7 033.4 0.776514 0.078930 0.129010 hargrave 2021-12-06 14:18:02 
TT 300 144.6 020.5 146.5 028.5 1.81E-04 002.9 273.0 034.1 0.903103 0.149556 0.150320 hargrave 2021-12-07 10:28:08 
TT 400 138.9 028.0 141.0 036.4 1.74E-04 000.9 262.0 034.4 0.226234 0.109610 0.118838 hargrave 2021-12-07 19:02:59 
TT 450 143.3 023.2 145.3 031.3 1.69E-04 001.3 269.6 034.8 0.358069 0.103970 0.117460 hargrave 2021-12-08 16:36:19 
TT 500 141.9 024.9 144.0 033.1 1.63E-04 000.8 267.0 034.8 0.171660 0.092612 0.109662 hargrave 2021-12-09 14:57:02 
TT 550 143.1 024.1 145.2 032.2 1.55E-04 001.9 268.6 035.2 0.482931 0.111251 0.121106 hargrave 2021-12-10 12:12:20 
TT 565 144.8 022.6 146.9 030.6 1.51E-04 000.5 271.2 035.5 0.068143 0.077282 0.096824 hargrave 2021-12-11 19:06:29 
TT 580 140.2 027.3 142.3 035.6 1.47E-04 002.0 263.5 035.0 0.498612 0.139249 0.099398 hargrave 2021-12-12 18:44:30 
TT 600 142.7 023.4 144.7 031.5 1.41E-04 004.4 269.0 034.5 1.071622 0.076321 0.101060 hargrave 2021-12-13 17:12:41 
TT 610 141.3 026.1 143.4 034.3 1.38E-04 002.9 265.4 035.1 0.694323 0.080077 0.095322 hargrave 2021-12-14 14:02:35 
TT 620 142.0 025.8 144.2 034.0 1.36E-04 002.9 266.1 035.4 0.671562 0.075848 0.099416 hargrave 2021-12-15 12:15:09 
TT 630 143.6 024.3 145.7 032.4 1.33E-04 002.7 268.7 035.7 0.606112 0.084600 0.089305 hargrave 2021-12-16 12:30:56 
TT 640 144.9 023.2 147.0 031.2 1.29E-04 004.2 270.6 036.0 0.936045 0.078092 0.094177 hargrave 2021-12-17 11:07:10 
TT 650 144.7 021.4 146.7 029.4 1.16E-04 002.0 272.3 034.7 0.381923 0.071992 0.082569 hargrave 2021-12-17 19:33:52 
TT 655 143.3 022.4 145.3 030.5 1.06E-04 003.5 270.3 034.3 0.633453 0.077657 0.080372 hargrave 2021-12-20 14:07:30 
TT 660 145.4 019.9 147.3 027.9 1.01E-04 002.2 274.1 034.3 0.367781 0.097753 0.103212 hargrave 2021-12-21 12:11:10 
TT 665 144.4 022.7 146.5 030.7 8.31E-05 003.8 270.8 035.3 0.542450 0.058675 0.060755 hargrave 2021-12-22 12:19:31 
TT 670 144.6 021.2 146.5 029.2 7.63E-05 002.5 272.4 034.5 0.324572 0.069213 0.054906 hargrave 2021-12-23 11:22:56 
TT 672 143.5 026.2 145.8 034.3 6.30E-05 002.2 266.7 036.7 0.218414 0.125398 0.049017 hargrave 2021-12-23 17:54:49 
TT 675 145.4 021.8 147.4 029.8 3.31E-05 002.5 272.4 035.5 0.135692 0.079926 0.027762 hargrave 2021-12-24 18:38:36 
TT 678 148.1 029.7 151.2 037.4 1.40E-05 000.8 265.9 042.1 0.016704 0.013977 0.007611 hargrave 2021-12-27 11:28:00 
TT 682 133.7 025.2 135.1 033.9 5.62E-06 001.3 261.4 029.0 0.011728 0.007967 0.003681 hargrave 2021-12-28 11:06:25 
TT 685 231.6 -13.6 229.3 -17.0 9.05E-07 003.0 028.0 028.9 0.002078 0.004235 0.002007 hargrave 2021-12-28 18:17:00 
TT 691 176.2 024.6 180.1 029.2 9.98E-07 002.6 296.6 059.0 0.003802 0.004141 0.001854 hargrave 2021-12-30 11:24:49 
