HF1- 118 sun compass orientation
 114.55 346.2  51.0 208.5   9.0   1.0
NRM    099.2 004.3 098.7 012.8 1.20E-04 002.1 211.5 -41.8 0.275160 0.338854 0.120028 hargrave 2021-12-04 18:56:12 
TT 150 101.6 001.7 101.3 010.3 1.20E-04 003.5 216.0 -43.1 0.474069 0.561283 0.089042 hargrave 2021-12-06 14:09:17 
TT 300 099.5 002.3 099.2 010.8 1.18E-04 004.3 213.0 -43.5 0.443757 0.776750 0.092038 hargrave 2021-12-07 10:19:21 
TT 400 092.0 002.9 091.5 010.9 8.96E-05 001.5 202.9 -45.6 0.123742 0.187840 0.112322 hargrave 2021-12-07 18:54:13 
TT 450 088.1 004.5 087.4 012.2 8.62E-05 001.0 196.9 -45.1 0.062073 0.087462 0.112615 hargrave 2021-12-08 16:27:36 
TT 500 088.9 003.9 088.3 011.7 8.24E-05 001.1 198.3 -45.5 0.091778 0.060896 0.129909 hargrave 2021-12-09 14:48:12 
TT 550 091.0 003.8 090.4 011.8 7.74E-05 002.7 201.1 -45.1 0.169144 0.312010 0.115668 hargrave 2021-12-10 12:03:34 
TT 565 101.3 002.2 101.0 010.8 1.00E-04 000.9 215.3 -42.8 0.087787 0.122344 0.102051 hargrave 2021-12-11 18:57:45 
TT 580 101.5 000.4 101.3 009.0 9.71E-05 002.1 216.7 -44.3 0.216613 0.293941 0.059701 hargrave 2021-12-12 18:35:45 
TT 600 101.9 -00.5 101.7 008.1 8.51E-05 002.5 217.8 -44.9 0.236077 0.293061 0.070316 hargrave 2021-12-13 17:03:56 
TT 610 099.8 000.2 099.6 008.7 8.16E-05 003.0 214.7 -45.2 0.251258 0.350605 0.073321 hargrave 2021-12-14 13:53:47 
TT 620 099.3 000.3 099.1 008.8 8.02E-05 000.7 213.9 -45.4 0.037261 0.111028 0.043027 hargrave 2021-12-15 12:05:41 
TT 630 098.5 000.7 098.2 009.2 7.76E-05 004.6 212.7 -45.3 0.354111 0.509754 0.073390 hargrave 2021-12-16 12:22:10 
TT 640 099.2 000.4 099.0 008.9 7.35E-05 003.4 213.7 -45.3 0.258189 0.355531 0.056043 hargrave 2021-12-17 10:58:25 
TT 650 099.0 001.5 098.7 010.0 5.53E-05 007.9 212.8 -44.4 0.422150 0.637379 0.045292 hargrave 2021-12-17 19:25:08 
TT 655 100.0 002.5 099.7 011.0 4.75E-05 005.9 213.5 -43.1 0.265142 0.413438 0.049593 hargrave 2021-12-20 13:58:44 
TT 660 097.2 005.9 096.6 014.3 4.16E-05 005.1 208.3 -41.1 0.319893 0.251713 0.040910 hargrave 2021-12-21 12:03:51 
TT 665 090.6 004.5 090.0 012.4 3.13E-05 001.9 200.4 -44.5 0.072013 0.088264 0.033474 hargrave 2021-12-22 12:12:06 
TT 670 084.0 007.1 083.0 014.5 1.70E-05 002.7 190.6 -43.3 0.015785 0.076743 0.026721 hargrave 2021-12-23 11:15:39 
TT 672 094.2 021.9 092.3 030.0 1.49E-05 005.4 198.7 -26.8 0.047963 0.134368 0.011833 hargrave 2021-12-23 17:47:29 
TT 675 086.2 030.2 082.8 037.7 7.59E-06 001.6 189.2 -20.2 0.014132 0.020511 0.006146 hargrave 2021-12-24 18:31:58 
TT 678 068.3 047.8 059.4 053.0 6.12E-06 003.4 174.7 -02.9 0.014952 0.035317 0.005161 hargrave 2021-12-27 11:21:22 
TT 682 083.9 002.7 083.3 010.1 2.88E-06 002.1 191.5 -47.7 0.006313 0.007492 0.007324 hargrave 2021-12-28 10:59:42 
TT 685 346.0 -04.9 346.9 -10.9 2.85E-06 003.6 086.1 -02.9 0.017109 0.004853 0.003788 hargrave 2021-12-28 18:10:22 
TT 691 336.3 -40.3 341.9 -47.1 3.01E-06 002.4 052.1 -17.8 0.008624 0.010890 0.003604 hargrave 2021-12-30 11:16:58 
