HF1- 2 sun compass orientation
  80.23 320.6  81.0 208.5   9.0   1.0
NRM    065.5 -29.9 069.1 -24.3 3.90E-05 043.8 328.4 -64.9 1.507959 0.926908 3.772812 hargrave 2021-12-01 09:36:04 
NRM    063.3 -31.5 067.3 -26.1 7.75E-05 004.6 334.0 -64.6 0.353027 0.506035 0.085301 hargrave 2021-12-01 12:49:46 
TT 150 065.9 -31.6 069.7 -25.9 7.84E-05 001.6 330.1 -63.3 0.162909 0.136995 0.056631 hargrave 2021-12-01 17:11:53 
TT 300 063.9 -33.9 068.2 -28.4 7.86E-05 002.3 335.8 -62.3 0.154890 0.271992 0.045191 hargrave 2021-12-02 13:26:58 
TT 400 062.1 -35.6 066.8 -30.3 7.58E-05 003.4 340.2 -61.4 0.192374 0.401933 0.060660 hargrave 2021-12-03 11:27:33 
TT 450 064.5 -35.9 069.1 -30.3 3.63E-05 010.1 336.8 -60.3 1.769458 0.760769 3.370785 hargrave 2021-12-04 12:48:54 
TT 450 064.2 -36.1 068.9 -30.5 7.30E-05 000.5 337.6 -60.2 0.032770 0.054464 0.032192 hargrave 2021-12-04 14:45:54 
TT 500 061.6 -37.4 066.7 -32.1 6.96E-05 004.0 342.4 -59.9 0.240779 0.417136 0.080945 hargrave 2021-12-06 09:02:35 
TT 550 061.5 -37.0 066.5 -31.8 6.53E-05 002.4 342.3 -60.3 0.111344 0.251698 0.038269 hargrave 2021-12-06 17:05:04 
TT 565 058.6 -38.4 064.1 -33.5 6.36E-05 002.6 347.5 -59.7 0.101864 0.267397 0.040044 hargrave 2021-12-07 13:24:46 
TT 580 060.3 -39.2 065.8 -34.1 6.12E-05 002.8 345.5 -58.6 0.109408 0.281597 0.044109 hargrave 2021-12-08 11:23:28 
TT 600 057.8 -39.9 063.7 -35.1 2.88E-05 046.5 349.5 -58.4 1.586600 0.298785 2.619249 hargrave 2021-12-09 08:58:45 
TT 600 064.6 -37.5 069.5 -31.9 5.78E-05 000.5 338.3 -58.8 0.031847 0.038202 0.024901 hargrave 2021-12-09 10:39:15 
TT 610 059.0 -38.6 064.5 -33.7 5.52E-05 002.0 347.0 -59.4 0.068861 0.184814 0.037059 hargrave 2021-12-09 17:34:32 
TT 620 054.5 -40.0 060.6 -35.6 5.47E-05 002.5 354.2 -58.8 0.067846 0.232072 0.036968 hargrave 2021-12-10 15:35:43 
TT 630 060.7 -39.8 066.3 -34.6 2.73E-05 033.8 345.3 -57.9 1.500914 0.396852 2.470723 hargrave 2021-12-12 12:50:54 
TT 630 060.0 -39.8 065.7 -34.7 5.50E-05 000.4 346.2 -58.1 0.028282 0.035416 0.026074 hargrave 2021-12-12 15:03:24 
TT 640 054.1 -44.2 061.2 -39.8 5.32E-05 002.0 355.7 -54.7 0.093687 0.151962 0.060259 hargrave 2021-12-13 11:17:30 
TT 650 058.5 -45.8 065.6 -40.8 4.97E-05 002.9 350.9 -52.6 0.108516 0.224778 0.060824 hargrave 2021-12-14 08:50:08 
TT 655 055.7 -46.1 063.1 -41.5 4.95E-05 002.1 354.2 -52.6 0.085695 0.159524 0.058346 hargrave 2021-12-14 17:48:16 
TT 660 061.4 -47.4 068.6 -42.0 2.82E-05 006.5 348.5 -50.5 0.093751 0.309575 0.027665 hargrave 2021-12-15 17:29:46 
TT 665 055.1 -49.8 063.6 -45.2 2.78E-05 004.4 355.6 -49.0 0.053147 0.208745 0.050755 hargrave 2021-12-16 15:12:37 
TT 670 061.7 -44.8 068.3 -39.4 2.50E-05 004.1 346.9 -52.9 0.046803 0.172027 0.027261 hargrave 2021-12-17 13:48:37 
TT 673 068.9 -46.4 075.1 -40.2 4.76E-06 070.2 340.5 -49.5 0.311771 0.111265 0.388167 hargrave 2021-12-19 17:18:24 
TT 673 070.0 -45.9 075.9 -39.6 9.64E-06 001.0 339.2 -49.5 0.007784 0.017455 0.007085 hargrave 2021-12-20 08:42:26 
TT 675 052.9 000.7 052.5 004.4 3.54E-06 001.0 193.1 -80.0 0.003557 0.004894 0.005393 hargrave 2021-12-20 16:33:48 
TT 679 345.2 -47.7 353.7 -53.4 2.63E-06 001.8 041.7 -23.1 0.006187 0.007267 0.001539 hargrave 2021-12-21 15:06:42 
TT 683 055.6 044.7 046.8 048.2 1.21E-06 002.6 184.4 -36.1 0.004913 0.004570 0.001761 hargrave 2021-12-22 15:08:20 
TT 687 303.5 049.4 302.8 040.4 2.83E-06 002.8 139.2 017.9 0.008808 0.012969 0.003173 hargrave 2021-12-23 13:44:00 
