HF1- 65 mag compass orientation (IGRF corrected)
   98.2 339.8  52.0 208.5   9.0   1.0
NRM    089.6 -06.6 089.8 001.3 1.10E-04 000.6 214.7 -53.8 0.111331 0.042596 0.106780 hargrave 2021-12-04 17:42:17 
TT 150 087.9 -07.4 088.2 000.4 1.10E-04 001.3 212.8 -55.3 0.112693 0.210789 0.142617 hargrave 2021-12-06 12:55:57 
TT 300 088.2 -11.3 088.8 -03.5 1.05E-04 002.2 216.5 -58.6 0.309149 0.256860 0.155296 hargrave 2021-12-07 09:05:16 
TT 400 087.0 -11.9 087.7 -04.2 9.61E-05 000.9 214.9 -59.7 0.082446 0.128177 0.123063 hargrave 2021-12-07 17:36:37 
TT 450 084.8 -10.8 085.4 -03.3 9.00E-05 000.9 210.2 -59.7 0.087929 0.115293 0.138158 hargrave 2021-12-08 15:13:25 
TT 500 084.1 -10.0 084.7 -02.5 8.33E-05 001.8 208.3 -59.2 0.144562 0.214070 0.142677 hargrave 2021-12-09 13:32:33 
TT 550 083.8 -10.8 084.4 -03.4 7.68E-05 000.7 208.4 -60.0 0.098449 0.059291 0.126453 hargrave 2021-12-10 10:48:03 
TT 565 083.1 -10.7 083.7 -03.3 7.37E-05 000.7 207.1 -60.2 0.086514 0.053676 0.116938 hargrave 2021-12-11 17:42:21 
TT 580 084.0 -10.9 084.6 -03.4 7.18E-05 000.7 208.9 -60.0 0.077749 0.047046 0.110684 hargrave 2021-12-12 17:21:49 
TT 600 079.2 -17.6 080.6 -10.6 6.01E-05 000.6 204.5 -68.0 0.052730 0.028379 0.077068 hargrave 2021-12-13 15:50:04 
TT 610 086.9 -22.0 088.4 -14.3 5.62E-05 001.4 227.5 -68.3 0.087255 0.107776 0.051767 hargrave 2021-12-14 12:41:06 
TT 620 079.0 -18.3 080.5 -11.3 5.46E-05 001.5 204.7 -68.7 0.062974 0.131271 0.053943 hargrave 2021-12-15 10:50:32 
TT 630 084.5 -23.4 086.3 -15.9 4.64E-05 001.9 224.9 -70.7 0.088692 0.132039 0.047987 hargrave 2021-12-16 11:09:08 
TT 640 074.7 -28.8 077.6 -22.1 4.20E-05 001.2 205.5 -79.9 0.038805 0.078951 0.029269 hargrave 2021-12-17 09:45:16 
TT 650 087.4 -32.7 089.9 -24.9 3.07E-05 000.8 255.0 -74.7 0.023858 0.042390 0.018512 hargrave 2021-12-17 18:10:30 
TT 655 071.7 -28.7 074.8 -22.4 2.99E-05 001.4 190.0 -80.6 0.015403 0.069764 0.024405 hargrave 2021-12-20 12:42:33 
TT 660 068.4 -19.9 070.5 -14.0 2.69E-05 001.5 175.7 -71.9 0.022713 0.066181 0.018043 hargrave 2021-12-21 11:02:54 
TT 665 041.7 -03.6 042.1 -01.5 1.24E-05 001.9 136.4 -47.1 0.036439 0.023158 0.012338 hargrave 2021-12-22 11:09:42 
TT 670 069.0 -22.3 071.4 -16.3 1.12E-05 001.4 177.3 -74.3 0.009643 0.024942 0.007448 hargrave 2021-12-23 10:14:43 
TT 672 037.9 -33.4 043.5 -31.5 1.25E-05 001.1 090.3 -63.8 0.015684 0.018361 0.009050 hargrave 2021-12-23 16:46:51 
TT 675 056.0 -16.1 058.0 -11.8 1.48E-05 001.3 147.2 -64.9 0.020261 0.027373 0.013295 hargrave 2021-12-24 17:32:13 
TT 678 018.6 -15.4 021.2 -16.8 1.06E-05 001.6 102.2 -39.8 0.018696 0.023799 0.011087 hargrave 2021-12-27 10:21:03 
TT 682 113.3 009.6 113.1 018.6 8.30E-06 002.2 229.9 -27.4 0.020349 0.027534 0.012430 hargrave 2021-12-28 09:59:15 
TT 685 313.9 027.9 312.9 019.2 8.72E-06 001.4 099.4 036.3 0.015550 0.007244 0.015714 hargrave 2021-12-28 17:11:16 
TT 691 200.3 013.7 202.6 014.8 9.25E-06 002.5 285.3 040.0 0.037116 0.017995 0.006701 hargrave 2021-12-30 10:04:50 
