HF1- 14 mag compass orientation (IGRF corrected)
  83.55  15.8  66.0 207.0   8.0   1.0
NRM    067.5 -02.4 067.4 002.8 1.64E-04 000.8 114.4 -47.1 0.182658 0.116465 0.090831 hargrave 2021-12-01 09:54:20 
TT 150 066.2 -04.2 066.4 000.8 1.60E-04 001.2 111.1 -47.1 0.326805 0.082913 0.088506 hargrave 2021-12-01 17:30:14 
TT 300 065.9 -03.8 066.1 001.2 1.53E-04 001.9 111.4 -46.6 0.501814 0.113784 0.083468 hargrave 2021-12-02 13:44:21 
TT 400 064.1 -05.9 064.5 -01.1 1.46E-04 002.1 107.4 -46.1 0.515037 0.151752 0.081116 hargrave 2021-12-03 11:45:53 
TT 450 064.8 -05.3 065.1 -00.3 1.42E-04 001.1 108.8 -46.4 0.233720 0.113311 0.072174 hargrave 2021-12-04 13:06:27 
TT 500 065.8 -02.7 065.8 002.3 1.37E-04 001.1 112.6 -45.9 0.239898 0.104987 0.081228 hargrave 2021-12-06 09:20:08 
TT 550 063.6 -05.0 063.9 -00.2 1.28E-04 000.6 108.2 -45.2 0.071323 0.107079 0.075516 hargrave 2021-12-06 17:22:28 
TT 565 064.7 -04.4 064.9 000.6 1.24E-04 001.0 109.8 -45.8 0.175452 0.094101 0.072368 hargrave 2021-12-07 13:42:18 
TT 580 064.1 -05.3 064.4 -00.5 1.20E-04 000.6 108.2 -45.8 0.067588 0.087114 0.066638 hargrave 2021-12-08 11:41:00 
TT 600 060.7 -05.5 061.1 -01.0 1.07E-04 002.5 105.7 -42.9 0.440620 0.120759 0.067435 hargrave 2021-12-09 09:17:02 
TT 610 062.2 -04.6 062.4 -00.0 9.87E-05 001.8 107.7 -43.8 0.261734 0.135506 0.089105 hargrave 2021-12-09 17:52:00 
TT 620 061.6 -05.9 062.0 -01.3 9.12E-05 001.8 105.8 -43.9 0.261810 0.104760 0.060596 hargrave 2021-12-10 15:53:27 
TT 630 062.7 -04.4 062.9 000.3 9.16E-05 001.0 108.4 -44.1 0.127137 0.089426 0.055164 hargrave 2021-12-12 13:08:24 
TT 640 060.2 -05.1 060.5 -00.7 8.56E-05 002.9 105.8 -42.3 0.409298 0.138905 0.064250 hargrave 2021-12-13 11:35:46 
TT 650 059.7 -06.6 060.2 -02.2 7.15E-05 002.0 103.8 -42.5 0.233736 0.051489 0.083588 hargrave 2021-12-14 09:07:37 
TT 655 060.7 -08.6 061.4 -04.1 7.22E-05 001.6 101.9 -44.3 0.178767 0.079893 0.058928 hargrave 2021-12-14 18:05:44 
TT 660 059.3 -05.1 059.7 -00.8 5.82E-05 001.3 105.3 -41.5 0.108092 0.057633 0.057745 hargrave 2021-12-15 17:47:18 
TT 665 061.3 -01.5 061.3 003.0 5.51E-05 005.4 110.8 -41.5 0.473655 0.206790 0.057079 hargrave 2021-12-16 15:30:15 
TT 670 058.0 -07.5 058.6 -03.4 3.40E-05 001.8 101.6 -41.4 0.099083 0.052982 0.028817 hargrave 2021-12-17 14:06:11 
TT 673 061.5 -04.5 061.7 000.0 2.42E-05 004.1 107.4 -43.1 0.160257 0.064477 0.034535 hargrave 2021-12-19 17:36:37 
TT 675 070.2 -13.3 071.3 -07.7 1.51E-05 001.7 101.2 -54.7 0.043408 0.014028 0.008358 hargrave 2021-12-20 16:51:14 
TT 679 067.9 -31.3 071.1 -25.9 7.72E-06 000.9 069.1 -55.8 0.007639 0.010112 0.004430 hargrave 2021-12-21 15:20:56 
TT 683 157.0 001.3 157.4 007.4 2.55E-06 002.3 250.5 -34.3 0.008859 0.006429 0.002866 hargrave 2021-12-22 15:22:39 
TT 687 025.2 026.5 021.2 026.0 2.81E-06 002.2 117.9 002.8 0.013518 0.008463 0.005747 hargrave 2021-12-23 13:58:10 
