HF1- 9 mag compass orientation (IGRF corrected)
   83.3 311.8  10.0 208.5   9.0   1.0
NRM    060.1 011.9 058.1 016.5 9.87E-05 001.3 197.9 002.4 0.049776 0.078200 0.213225 hargrave 2021-12-01 09:47:17 
TT 150 060.8 008.9 059.3 013.6 9.72E-05 003.5 198.8 -00.6 0.178984 0.519738 0.241355 hargrave 2021-12-01 17:23:11 
TT 300 063.9 006.0 062.8 011.1 9.40E-05 001.7 202.0 -03.3 0.058925 0.103635 0.252924 hargrave 2021-12-02 13:37:18 
TT 400 060.7 004.3 059.8 009.0 8.89E-05 003.0 198.9 -05.2 0.123158 0.337587 0.294473 hargrave 2021-12-03 11:38:48 
TT 450 062.0 003.6 061.2 008.5 8.48E-05 003.1 200.3 -05.8 0.141384 0.375662 0.222567 hargrave 2021-12-04 12:59:21 
TT 500 063.1 002.6 062.4 007.7 8.10E-05 002.7 201.4 -06.7 0.139549 0.340207 0.140702 hargrave 2021-12-06 09:13:01 
TT 550 061.5 002.9 060.8 007.8 7.49E-05 003.6 199.8 -06.5 0.151908 0.429172 0.153226 hargrave 2021-12-06 17:15:26 
TT 565 061.7 002.1 061.1 007.0 7.23E-05 001.2 200.1 -07.3 0.050889 0.056433 0.144942 hargrave 2021-12-07 13:35:13 
TT 580 060.4 001.7 059.9 006.4 7.00E-05 001.5 198.8 -07.8 0.060327 0.133938 0.124670 hargrave 2021-12-08 11:33:55 
TT 600 059.9 000.8 059.5 005.5 6.63E-05 002.2 198.3 -08.7 0.069590 0.226405 0.118872 hargrave 2021-12-09 09:09:57 
TT 610 061.6 001.6 061.1 006.5 6.35E-05 003.8 200.0 -07.8 0.135353 0.388099 0.113318 hargrave 2021-12-09 17:44:55 
TT 620 058.5 000.9 058.1 005.4 6.08E-05 002.5 196.9 -08.7 0.082070 0.242765 0.100856 hargrave 2021-12-10 15:46:12 
TT 630 059.7 001.4 059.2 006.0 6.08E-05 001.6 198.1 -08.1 0.073588 0.138822 0.100037 hargrave 2021-12-12 13:01:17 
TT 640 060.0 001.7 059.5 006.4 5.77E-05 004.2 198.4 -07.8 0.132404 0.397793 0.111890 hargrave 2021-12-13 11:28:40 
TT 650 056.5 000.8 056.1 005.0 5.35E-05 001.8 194.9 -08.9 0.058153 0.137495 0.087182 hargrave 2021-12-14 09:00:33 
TT 655 059.0 001.1 058.5 005.6 4.98E-05 003.3 197.4 -08.4 0.091610 0.257992 0.087460 hargrave 2021-12-14 17:58:39 
TT 660 059.9 001.9 059.3 006.6 4.65E-05 002.1 198.3 -07.6 0.057583 0.144364 0.083037 hargrave 2021-12-15 17:40:09 
TT 665 057.4 -00.2 057.1 004.1 4.28E-05 001.5 195.8 -09.8 0.051524 0.087746 0.071191 hargrave 2021-12-16 15:23:11 
TT 670 061.0 001.3 060.5 006.1 3.92E-05 001.9 199.4 -08.1 0.048930 0.119047 0.067008 hargrave 2021-12-17 13:59:00 
TT 673 058.4 001.3 057.9 005.8 3.20E-05 004.7 196.8 -08.3 0.076884 0.251320 0.053715 hargrave 2021-12-19 17:29:33 
TT 675 060.9 000.2 060.6 005.0 2.58E-05 001.8 199.4 -09.2 0.031126 0.076352 0.040527 hargrave 2021-12-20 16:44:09 
TT 679 058.0 003.3 057.2 007.7 9.58E-06 003.2 196.3 -06.3 0.030744 0.047039 0.017554 hargrave 2021-12-21 15:15:03 
TT 683 068.8 017.5 066.2 023.2 8.52E-06 004.3 206.0 008.5 0.036179 0.054530 0.014780 hargrave 2021-12-22 15:16:49 
TT 687 044.4 -13.1 046.2 -10.5 2.19E-06 001.4 182.8 -23.1 0.004503 0.003840 0.003089 hargrave 2021-12-23 13:52:22 
