HF1- 69 mag compass orientation (IGRF corrected)
  98.65 341.8  56.0 208.5   9.0   1.0
NRM    053.5 009.9 051.8 013.6 1.45E-05 063.4 155.1 -42.8 1.035148 0.481285 1.056639 hargrave 2021-12-04 17:47:16 
NRM    058.5 011.3 056.6 015.7 2.92E-05 002.0 162.1 -43.0 0.054562 0.088807 0.020117 hargrave 2021-12-05 12:23:41 
TT 150 053.8 006.9 052.5 010.7 2.90E-05 003.7 154.0 -45.7 0.114010 0.148762 0.013623 hargrave 2021-12-06 13:00:09 
TT 300 056.4 004.6 055.5 008.8 2.90E-05 001.8 156.3 -48.7 0.061297 0.070232 0.012264 hargrave 2021-12-07 09:09:30 
TT 400 054.0 003.5 053.2 007.3 1.34E-05 062.6 152.3 -48.9 0.833292 0.437776 1.078427 hargrave 2021-12-07 17:41:38 
TT 400 049.5 001.6 049.0 004.8 2.68E-05 001.2 145.0 -48.7 0.034972 0.049462 0.013234 hargrave 2021-12-08 09:11:31 
TT 450 052.2 004.3 051.3 007.9 2.54E-05 004.0 150.3 -47.5 0.101769 0.144254 0.014741 hargrave 2021-12-08 15:18:26 
TT 500 049.8 004.2 048.9 007.4 2.42E-05 001.5 147.1 -46.5 0.048847 0.048677 0.015626 hargrave 2021-12-09 13:37:37 
TT 550 053.9 005.7 052.8 009.5 2.15E-05 003.4 153.4 -46.8 0.082147 0.098755 0.015092 hargrave 2021-12-10 10:53:05 
TT 565 052.7 006.1 051.6 009.7 2.10E-05 001.6 152.1 -46.0 0.035769 0.049743 0.013421 hargrave 2021-12-11 17:46:34 
TT 580 053.5 007.1 052.2 010.8 2.00E-05 001.8 153.7 -45.4 0.044723 0.046256 0.019614 hargrave 2021-12-12 17:26:04 
TT 600 053.5 006.6 052.3 010.3 1.82E-05 001.7 153.4 -45.9 0.034461 0.047127 0.009268 hargrave 2021-12-13 15:54:17 
TT 610 052.3 008.1 050.9 011.6 1.78E-05 002.7 152.6 -44.0 0.066385 0.053703 0.021952 hargrave 2021-12-14 12:45:19 
TT 620 052.1 006.4 050.9 009.9 1.69E-05 003.0 151.4 -45.5 0.040004 0.079931 0.014581 hargrave 2021-12-15 10:55:23 
TT 630 050.9 005.0 049.9 008.4 1.54E-05 001.8 149.0 -46.3 0.029348 0.043659 0.010426 hargrave 2021-12-16 11:13:21 
TT 640 047.3 003.8 046.5 006.6 1.56E-05 004.6 143.6 -45.7 0.077970 0.100829 0.008135 hargrave 2021-12-17 09:49:30 
TT 650 052.1 003.1 051.4 006.7 1.39E-05 005.7 149.5 -48.5 0.080530 0.115834 0.007027 hargrave 2021-12-17 18:15:32 
TT 655 047.3 003.2 046.6 006.1 6.81E-06 022.2 143.3 -46.2 0.403732 0.301791 0.524681 hargrave 2021-12-20 12:47:34 
TT 655 046.9 003.2 046.2 006.0 1.37E-05 001.1 142.8 -46.0 0.012185 0.026438 0.007267 hargrave 2021-12-20 14:21:00 
TT 660 049.7 -03.8 050.0 -00.5 7.28E-06 051.9 140.9 -53.5 0.359892 0.291892 0.625923 hargrave 2021-12-21 11:06:24 
TT 660 047.7 -06.8 048.5 -03.8 1.46E-05 001.2 135.2 -54.9 0.028166 0.016417 0.004383 hargrave 2021-12-21 13:04:03 
TT 665 042.7 -06.2 043.5 -03.9 1.41E-05 001.0 129.4 -51.3 0.022151 0.013203 0.008701 hargrave 2021-12-22 11:13:48 
TT 670 045.6 -09.3 046.8 -06.6 1.29E-05 000.8 129.7 -55.5 0.017240 0.011489 0.006187 hargrave 2021-12-23 10:18:09 
TT 672 044.0 -16.1 046.3 -13.5 1.34E-05 001.0 118.7 -59.3 0.022521 0.010920 0.005497 hargrave 2021-12-23 16:50:16 
TT 675 044.6 -13.9 046.5 -11.3 1.04E-05 000.9 122.5 -58.2 0.014788 0.008672 0.005098 hargrave 2021-12-24 17:35:37 
TT 678 033.2 -12.5 035.1 -11.6 5.12E-06 002.5 112.1 -48.9 0.021276 0.008514 0.002385 hargrave 2021-12-27 10:24:29 
TT 682 206.8 -55.0 194.3 -53.7 3.05E-06 004.4 335.9 -07.0 0.018538 0.016843 0.005416 hargrave 2021-12-28 10:02:44 
TT 685 042.9 016.2 040.2 018.2 9.23E-07 002.0 146.5 -32.7 0.002116 0.002962 0.002551 hargrave 2021-12-28 17:14:36 
TT 691 058.8 025.1 054.7 029.4 1.84E-06 002.6 166.5 -29.6 0.004184 0.008730 0.001132 hargrave 2021-12-30 10:09:01 
