HF1- 13 mag compass orientation (IGRF corrected)
  83.25 343.8  67.0 208.5   9.0   1.0
NRM    061.8 010.4 060.1 015.2 1.67E-04 001.2 159.4 -54.6 0.075549 0.334282 0.105363 hargrave 2021-12-01 09:52:57 
TT 150 062.4 009.4 060.8 014.3 1.65E-04 001.1 159.7 -55.7 0.067267 0.298816 0.130563 hargrave 2021-12-01 17:28:52 
TT 300 060.1 008.4 058.6 013.0 1.55E-04 000.7 155.3 -55.8 0.109128 0.139755 0.140274 hargrave 2021-12-02 13:42:58 
TT 400 057.1 008.2 055.7 012.4 1.45E-04 001.5 150.5 -54.8 0.127718 0.346261 0.101886 hargrave 2021-12-03 11:44:30 
TT 450 058.6 009.2 057.0 013.6 1.39E-04 000.6 153.5 -54.5 0.082204 0.067408 0.099723 hargrave 2021-12-04 13:05:04 
TT 500 055.6 008.4 054.1 012.4 1.32E-04 002.7 148.4 -53.9 0.276023 0.561300 0.100456 hargrave 2021-12-06 09:18:45 
TT 550 054.9 008.7 053.4 012.6 1.24E-04 002.8 147.6 -53.3 0.284439 0.537889 0.101478 hargrave 2021-12-06 17:21:06 
TT 565 054.4 008.8 052.9 012.6 1.20E-04 000.7 147.0 -53.0 0.087649 0.085069 0.092400 hargrave 2021-12-07 13:40:56 
TT 580 054.6 008.9 053.0 012.8 1.18E-04 000.6 147.3 -53.0 0.062428 0.067439 0.092775 hargrave 2021-12-08 11:39:37 
TT 600 055.1 009.3 053.5 013.2 1.05E-04 002.9 148.3 -52.9 0.258011 0.466220 0.088408 hargrave 2021-12-09 09:15:39 
TT 610 058.1 011.1 056.2 015.4 9.97E-05 001.3 154.1 -52.6 0.149155 0.143936 0.081386 hargrave 2021-12-09 17:50:38 
TT 620 053.9 010.0 052.2 013.7 9.46E-05 000.9 147.2 -51.7 0.029491 0.120225 0.075147 hargrave 2021-12-10 15:52:00 
TT 630 053.2 010.1 051.5 013.7 9.57E-05 001.9 146.4 -51.2 0.137069 0.272411 0.071337 hargrave 2021-12-12 13:07:00 
TT 640 053.0 010.5 051.2 014.1 8.97E-05 000.9 146.4 -50.8 0.031718 0.119587 0.063250 hargrave 2021-12-13 11:34:23 
TT 650 057.4 010.9 055.6 015.1 7.95E-05 001.0 152.9 -52.5 0.044099 0.115486 0.074493 hargrave 2021-12-14 09:06:14 
TT 655 055.4 010.0 053.7 014.0 7.44E-05 002.3 149.3 -52.4 0.109059 0.277909 0.062572 hargrave 2021-12-14 18:04:21 
TT 660 054.9 009.7 053.2 013.6 6.62E-05 002.5 148.5 -52.4 0.120239 0.254873 0.061956 hargrave 2021-12-15 17:45:55 
TT 665 053.4 010.1 051.7 013.8 6.06E-05 002.1 146.7 -51.3 0.083598 0.194822 0.063714 hargrave 2021-12-16 15:28:53 
TT 670 052.0 014.2 049.6 017.6 4.40E-05 001.3 148.0 -47.1 0.057644 0.071444 0.049522 hargrave 2021-12-17 14:04:48 
TT 673 053.0 010.8 051.2 014.4 3.36E-05 002.7 146.7 -50.5 0.089434 0.133110 0.028197 hargrave 2021-12-19 17:35:14 
TT 675 040.8 022.7 036.9 024.3 2.19E-05 002.1 142.6 -34.1 0.052576 0.064539 0.017775 hargrave 2021-12-20 16:49:51 
TT 679 063.5 011.8 061.6 016.8 9.19E-06 004.4 162.8 -53.8 0.018796 0.068852 0.007281 hargrave 2021-12-21 15:19:46 
TT 683 129.3 011.5 129.8 020.3 4.72E-06 003.1 243.6 -25.7 0.022456 0.013194 0.005315 hargrave 2021-12-22 15:21:29 
TT 687 051.6 035.1 045.3 038.2 1.47E-06 004.0 159.5 -28.2 0.005882 0.008419 0.004417 hargrave 2021-12-23 13:57:03 
