HF1- 5 mag compass orientation (IGRF corrected)
  80.72 359.8  46.0 208.5   9.0   1.0
NRM    066.6 -01.5 066.4 004.1 8.90E-05 000.5 147.6 -42.8 0.045242 0.066047 0.058290 hargrave 2021-12-01 09:40:23 
TT 150 067.1 -02.8 067.1 002.8 8.97E-05 001.4 147.5 -44.2 0.111870 0.189039 0.079884 hargrave 2021-12-01 17:17:02 
TT 300 069.4 -02.8 069.4 003.1 8.96E-05 000.7 150.5 -45.0 0.035684 0.088991 0.059550 hargrave 2021-12-02 13:31:14 
TT 400 066.1 -04.2 066.3 001.3 8.56E-05 001.0 145.4 -45.0 0.099731 0.110406 0.047988 hargrave 2021-12-03 11:32:39 
TT 450 068.6 -03.4 068.7 002.4 8.16E-05 001.1 149.1 -45.3 0.060464 0.132694 0.044028 hargrave 2021-12-04 12:53:13 
TT 500 068.4 -03.4 068.5 002.4 7.76E-05 000.8 148.8 -45.2 0.031746 0.093479 0.041188 hargrave 2021-12-06 09:06:52 
TT 550 067.0 -03.1 067.0 002.5 7.14E-05 001.4 147.2 -44.4 0.070820 0.155987 0.039147 hargrave 2021-12-06 17:09:20 
TT 565 067.2 -03.2 067.2 002.4 7.06E-05 002.2 147.4 -44.6 0.161798 0.221119 0.039331 hargrave 2021-12-07 13:29:02 
TT 580 066.8 -02.8 066.8 002.8 6.95E-05 000.8 147.1 -44.0 0.051988 0.081536 0.038238 hargrave 2021-12-08 11:27:48 
TT 600 067.6 -02.7 067.6 003.0 6.75E-05 001.3 148.2 -44.3 0.121243 0.099965 0.039237 hargrave 2021-12-09 09:03:50 
TT 610 065.2 -03.0 065.2 002.4 6.33E-05 001.1 144.9 -43.6 0.103023 0.074075 0.034770 hargrave 2021-12-09 17:38:48 
TT 620 063.7 -04.0 063.9 001.2 6.29E-05 001.0 142.5 -43.9 0.062653 0.087702 0.036976 hargrave 2021-12-10 15:40:00 
TT 630 066.6 -02.6 066.6 003.0 6.31E-05 001.0 146.9 -43.8 0.055140 0.102474 0.034407 hargrave 2021-12-12 12:55:10 
TT 640 065.1 -03.5 065.2 001.9 6.13E-05 001.0 144.6 -44.0 0.054283 0.094140 0.035366 hargrave 2021-12-13 11:21:46 
TT 650 063.0 -05.3 063.4 -00.2 5.62E-05 000.8 140.8 -44.7 0.039229 0.060306 0.035672 hargrave 2021-12-14 08:54:24 
TT 655 062.0 -04.9 062.3 000.1 5.59E-05 003.1 139.9 -43.9 0.214132 0.214823 0.032248 hargrave 2021-12-14 17:52:32 
TT 660 066.3 -02.1 066.2 003.4 5.00E-05 000.9 146.9 -43.2 0.035049 0.072638 0.029189 hargrave 2021-12-15 17:34:03 
TT 665 065.5 -01.8 065.4 003.6 5.03E-05 002.1 146.0 -42.6 0.113088 0.143336 0.030247 hargrave 2021-12-16 15:17:00 
TT 670 065.8 -05.5 066.1 -00.0 4.57E-05 001.1 144.3 -46.1 0.041850 0.072506 0.025897 hargrave 2021-12-17 13:52:53 
TT 673 065.3 -01.0 065.1 004.4 4.06E-05 003.8 146.2 -41.8 0.151505 0.221694 0.026311 hargrave 2021-12-19 17:23:27 
TT 675 073.6 -01.6 073.4 004.8 3.25E-05 001.6 156.7 -45.2 0.030855 0.088173 0.019402 hargrave 2021-12-20 16:38:03 
TT 679 073.1 001.3 072.6 007.6 1.28E-05 001.0 157.2 -42.3 0.018340 0.016015 0.008239 hargrave 2021-12-21 15:10:08 
TT 683 112.4 007.8 112.2 016.7 6.40E-06 003.0 207.5 -34.3 0.023191 0.026644 0.004470 hargrave 2021-12-22 15:11:48 
TT 687 327.9 055.6 322.8 047.6 2.28E-06 001.6 128.9 052.0 0.007314 0.004413 0.002898 hargrave 2021-12-23 13:47:24 
