HF1- 29 mag compass orientation (IGRF corrected)
   86.9  19.8  61.0 208.5   9.0   1.0
NRM    061.6 005.6 060.5 010.5 7.10E-05 000.8 118.8 -32.2 0.082972 0.035660 0.044209 hargrave 2021-12-01 10:17:16 
TT 150 062.0 003.1 061.3 008.0 6.84E-05 001.4 116.7 -34.1 0.126212 0.101434 0.043098 hargrave 2021-12-01 17:53:06 
TT 300 063.3 003.3 062.5 008.4 6.45E-05 001.3 117.9 -35.0 0.126270 0.059226 0.048630 hargrave 2021-12-02 14:08:01 
TT 400 062.8 003.5 062.0 008.5 6.10E-05 001.1 117.7 -34.4 0.095018 0.062533 0.043289 hargrave 2021-12-03 12:08:55 
TT 450 063.7 005.7 062.6 010.8 5.86E-05 002.6 120.4 -33.7 0.223214 0.139128 0.041915 hargrave 2021-12-04 13:29:29 
TT 500 062.3 004.5 061.4 009.5 5.53E-05 001.4 118.3 -33.4 0.108776 0.072058 0.040114 hargrave 2021-12-06 09:43:11 
TT 550 061.2 004.3 060.3 009.1 5.18E-05 001.3 117.3 -32.7 0.098550 0.058748 0.036707 hargrave 2021-12-06 17:45:26 
TT 565 058.8 002.7 058.1 007.2 4.84E-05 001.2 114.0 -31.8 0.084361 0.052494 0.042781 hargrave 2021-12-07 14:05:18 
TT 580 058.6 002.7 057.9 007.2 4.62E-05 000.9 113.9 -31.6 0.058248 0.034819 0.035925 hargrave 2021-12-08 12:04:54 
TT 600 059.2 000.3 058.8 004.9 3.94E-05 001.7 112.0 -33.6 0.103789 0.043209 0.036079 hargrave 2021-12-09 09:40:00 
TT 610 066.2 003.2 065.5 008.7 3.62E-05 001.9 120.1 -37.3 0.108850 0.048678 0.024712 hargrave 2021-12-09 18:15:03 
TT 620 065.0 002.4 064.4 007.7 3.33E-05 001.1 118.4 -36.9 0.055616 0.036645 0.021863 hargrave 2021-12-10 16:16:48 
TT 630 062.3 001.5 061.8 006.5 2.98E-05 001.2 115.4 -35.3 0.057802 0.035744 0.019333 hargrave 2021-12-12 13:32:11 
TT 640 061.2 002.1 060.6 006.9 3.07E-05 001.5 115.2 -34.1 0.074021 0.040932 0.020264 hargrave 2021-12-13 11:59:34 
TT 650 068.7 004.1 067.9 009.9 2.73E-05 001.4 123.1 -38.5 0.059753 0.040140 0.017104 hargrave 2021-12-14 09:30:38 
TT 655 071.1 001.7 070.5 007.8 2.57E-05 001.5 122.9 -41.9 0.063104 0.041224 0.015352 hargrave 2021-12-14 18:28:42 
TT 660 079.5 005.3 078.6 012.3 2.63E-05 001.6 134.8 -45.0 0.062851 0.051973 0.018131 hargrave 2021-12-15 18:10:18 
TT 665 090.0 004.2 089.4 012.1 2.67E-05 002.5 146.9 -51.7 0.070372 0.096994 0.013494 hargrave 2021-12-16 15:53:59 
TT 670 078.6 003.0 077.9 009.9 2.04E-05 001.4 131.6 -46.2 0.040845 0.033867 0.010318 hargrave 2021-12-17 14:28:27 
TT 673 085.8 006.1 084.9 013.6 1.74E-05 001.1 142.8 -48.0 0.025538 0.025728 0.009776 hargrave 2021-12-19 17:58:45 
TT 675 073.3 -06.9 073.7 -00.5 1.14E-05 001.2 115.5 -49.1 0.019021 0.016505 0.006201 hargrave 2021-12-20 17:13:22 
TT 679 061.9 018.8 058.9 023.6 5.54E-06 001.7 130.0 -23.5 0.013739 0.014453 0.003715 hargrave 2021-12-21 15:39:13 
TT 683 132.2 030.3 133.8 039.0 5.85E-06 002.6 201.7 -27.0 0.014467 0.023710 0.007819 hargrave 2021-12-22 15:40:58 
TT 687 100.6 014.2 099.7 022.7 5.90E-06 003.0 167.1 -45.9 0.020234 0.024021 0.006187 hargrave 2021-12-23 14:16:35 
