HF1- 35 mag compass orientation (IGRF corrected)
  89.15  29.8  53.0 207.0   8.0   1.0
NRM    073.1 -14.1 074.2 -08.3 3.51E-05 002.5 106.3 -42.7 0.148219 0.035759 0.029853 hargrave 2021-12-01 10:27:52 
TT 150 074.6 -17.1 075.9 -11.1 3.46E-05 006.6 104.1 -45.6 0.393543 0.074131 0.031172 hargrave 2021-12-01 18:03:40 
TT 300 075.6 -17.8 076.9 -11.8 3.38E-05 003.2 104.0 -46.8 0.186615 0.035132 0.034401 hargrave 2021-12-02 14:20:08 
TT 400 074.9 -20.8 076.6 -14.7 3.26E-05 002.5 099.9 -47.9 0.139414 0.034330 0.030482 hargrave 2021-12-03 12:19:34 
TT 450 076.1 -20.8 077.8 -14.7 3.12E-05 002.1 100.8 -48.9 0.112671 0.036353 0.028849 hargrave 2021-12-04 13:40:09 
TT 500 075.4 -21.3 077.1 -15.2 3.01E-05 001.2 099.7 -48.6 0.050759 0.039333 0.027030 hargrave 2021-12-06 09:53:51 
TT 550 075.6 -20.4 077.2 -14.3 2.88E-05 003.4 100.9 -48.3 0.168587 0.036826 0.024016 hargrave 2021-12-06 17:55:59 
TT 565 072.1 -23.3 074.1 -17.5 2.80E-05 003.7 094.7 -47.0 0.176703 0.035256 0.028433 hargrave 2021-12-07 14:15:58 
TT 580 074.4 -23.3 076.4 -17.3 2.74E-05 004.7 096.3 -48.9 0.225005 0.028886 0.028336 hargrave 2021-12-08 12:15:34 
TT 600 068.9 -24.8 071.2 -19.4 2.70E-05 003.8 090.7 -45.2 0.174152 0.033629 0.026032 hargrave 2021-12-09 09:50:37 
TT 610 068.7 -23.2 070.9 -17.8 2.55E-05 004.0 092.6 -44.3 0.163648 0.074710 0.029197 hargrave 2021-12-09 18:25:42 
TT 620 067.5 -26.1 070.1 -20.8 2.51E-05 003.2 088.3 -44.7 0.136718 0.030940 0.027060 hargrave 2021-12-10 16:27:30 
TT 630 072.3 -24.3 074.5 -18.6 2.50E-05 002.6 093.5 -47.7 0.111720 0.021538 0.031117 hargrave 2021-12-12 13:42:48 
TT 640 069.6 -27.1 072.2 -21.6 2.38E-05 005.1 088.2 -46.8 0.213297 0.027082 0.023736 hargrave 2021-12-13 12:10:11 
TT 650 069.0 -23.2 071.2 -17.7 2.32E-05 002.0 092.8 -44.5 0.076740 0.023342 0.025573 hargrave 2021-12-14 09:41:15 
TT 655 063.2 -29.2 066.4 -24.2 2.25E-05 005.4 082.2 -42.6 0.208158 0.046532 0.024209 hargrave 2021-12-14 18:39:24 
TT 660 067.2 -23.8 069.6 -18.5 1.91E-05 005.7 091.0 -43.4 0.192205 0.017299 0.024189 hargrave 2021-12-15 18:21:00 
TT 665 065.3 -28.3 068.3 -23.1 1.77E-05 008.2 084.4 -43.9 0.252599 0.029468 0.012138 hargrave 2021-12-16 16:04:39 
TT 670 067.3 -26.4 070.0 -21.1 1.63E-05 003.6 087.8 -44.7 0.100596 0.017300 0.010124 hargrave 2021-12-17 14:39:03 
TT 673 074.4 -20.5 076.1 -14.6 1.51E-05 002.3 099.8 -47.4 0.059439 0.013850 0.009047 hargrave 2021-12-19 18:09:21 
TT 675 064.8 -25.6 067.4 -20.5 1.37E-05 002.7 087.4 -42.3 0.063484 0.015500 0.008374 hargrave 2021-12-20 17:23:59 
TT 679 058.1 -26.1 061.1 -21.8 5.18E-06 001.2 083.1 -37.2 0.008833 0.006971 0.003688 hargrave 2021-12-21 15:48:37 
TT 683 086.9 -06.9 087.2 000.0 3.39E-06 003.5 127.0 -47.6 0.016235 0.013294 0.001789 hargrave 2021-12-22 15:49:42 
TT 687 066.5 025.3 063.2 030.2 3.12E-06 002.0 132.6 -10.1 0.005962 0.010838 0.001979 hargrave 2021-12-23 14:25:25 
