HF1- 116 sun compass orientation
 114.12 329.1  54.0 207.0   8.0   1.0
NRM    079.8 -06.6 080.1 -00.2 1.07E-04 002.4 217.7 -55.0 0.230855 0.374877 0.052190 hargrave 2021-12-04 18:52:57 
TT 150 080.7 -08.4 081.1 -01.9 1.07E-04 000.9 220.7 -56.1 0.102192 0.122407 0.076117 hargrave 2021-12-06 14:06:00 
TT 300 081.5 -09.1 081.9 -02.6 1.04E-04 000.9 222.6 -56.3 0.157512 0.044137 0.044336 hargrave 2021-12-07 10:16:02 
TT 400 081.9 -10.3 082.4 -03.7 9.99E-05 001.6 224.4 -57.0 0.150630 0.230410 0.049153 hargrave 2021-12-07 18:50:57 
TT 450 080.7 -10.2 081.3 -03.7 9.71E-05 000.9 222.6 -57.6 0.145055 0.052060 0.046935 hargrave 2021-12-08 16:24:19 
TT 500 080.1 -10.2 080.7 -03.7 9.26E-05 000.9 221.6 -57.9 0.079190 0.126509 0.043765 hargrave 2021-12-09 14:44:54 
TT 550 078.4 -09.7 079.0 -03.4 8.90E-05 000.8 218.4 -58.4 0.102675 0.068559 0.043555 hargrave 2021-12-10 12:00:17 
TT 565 080.4 -10.3 081.0 -03.8 4.40E-05 048.3 222.2 -57.8 1.856462 1.684779 3.973814 hargrave 2021-12-11 18:54:28 
TT 565 080.0 -09.7 080.5 -03.3 8.78E-05 000.5 220.9 -57.6 0.052108 0.064854 0.034579 hargrave 2021-12-12 10:42:27 
TT 580 079.6 -10.4 080.2 -04.0 8.59E-05 002.2 221.0 -58.4 0.217691 0.245590 0.045195 hargrave 2021-12-12 18:32:27 
TT 600 078.4 -09.7 079.0 -03.4 8.08E-05 001.5 218.5 -58.4 0.137721 0.160943 0.037795 hargrave 2021-12-13 17:00:39 
TT 610 081.7 -10.5 082.3 -04.0 8.00E-05 000.9 224.4 -57.3 0.095395 0.072521 0.040328 hargrave 2021-12-14 13:50:29 
TT 620 081.2 -10.1 081.8 -03.5 7.71E-05 001.9 223.2 -57.2 0.207473 0.139200 0.039736 hargrave 2021-12-15 12:02:14 
TT 630 080.6 -09.7 081.1 -03.3 7.73E-05 000.7 221.9 -57.3 0.082297 0.068724 0.037483 hargrave 2021-12-16 12:18:51 
TT 640 080.2 -09.5 080.7 -03.1 7.53E-05 003.7 221.0 -57.3 0.346606 0.307449 0.269281 hargrave 2021-12-17 10:55:05 
TT 650 079.2 -07.7 079.6 -01.4 6.71E-05 000.8 217.8 -56.3 0.062897 0.076302 0.037476 hargrave 2021-12-17 19:21:50 
TT 655 083.0 -09.2 083.5 -02.5 5.96E-05 002.6 224.9 -55.5 0.182766 0.205127 0.034236 hargrave 2021-12-20 13:55:24 
TT 660 081.0 -09.6 081.5 -03.2 2.92E-05 040.2 222.4 -57.0 1.254539 1.146755 2.615756 hargrave 2021-12-21 12:01:07 
TT 660 080.4 -09.5 080.9 -03.1 5.84E-05 000.9 221.4 -57.2 0.085825 0.045909 0.034563 hargrave 2021-12-21 13:09:00 
TT 665 080.7 -10.2 081.3 -03.7 4.23E-05 000.9 222.6 -57.6 0.059706 0.044455 0.031502 hargrave 2021-12-22 12:09:19 
TT 670 081.7 -08.7 082.2 -02.2 2.85E-05 001.2 222.6 -55.8 0.041879 0.040938 0.023744 hargrave 2021-12-23 11:12:58 
TT 672 087.4 -02.6 087.3 004.3 2.49E-05 003.0 224.6 -47.6 0.090469 0.095517 0.019927 hargrave 2021-12-23 17:44:43 
TT 675 085.9 -09.6 086.3 -02.7 8.23E-06 001.0 229.2 -54.1 0.008894 0.012617 0.007295 hargrave 2021-12-24 18:29:18 
TT 678 106.3 025.5 105.4 033.3 4.94E-06 001.9 223.1 -14.1 0.006803 0.012812 0.011901 hargrave 2021-12-27 11:18:37 
TT 682 113.7 -21.0 113.8 -13.0 5.29E-06 000.8 267.9 -40.4 0.005836 0.008056 0.006990 hargrave 2021-12-28 10:56:58 
TT 685 301.5 028.1 301.2 020.1 2.70E-06 001.9 100.2 037.4 0.007809 0.004162 0.003200 hargrave 2021-12-28 18:07:41 
TT 691 256.4 -41.6 251.0 -47.4 4.45E-07 004.4 013.1 010.8 0.002626 0.003009 0.002054 hargrave 2021-12-30 11:13:43 
