HF1- 77 mag compass orientation (IGRF corrected)
  99.57 336.8  79.0 207.0   8.0   1.0
NRM    039.7 009.2 038.3 010.9 3.63E-05 002.9 125.8 -56.3 0.147620 0.110952 0.042546 hargrave 2021-12-04 17:58:28 
TT 150 039.5 000.4 039.4 002.1 3.62E-05 001.9 111.1 -60.6 0.099996 0.061728 0.045161 hargrave 2021-12-06 13:11:20 
TT 300 039.3 -04.0 039.8 -02.3 3.55E-05 001.2 102.3 -61.9 0.065285 0.033356 0.035577 hargrave 2021-12-07 09:20:44 
TT 400 037.5 -04.1 038.0 -02.6 3.40E-05 001.8 101.2 -60.2 0.093944 0.041470 0.041956 hargrave 2021-12-07 17:52:53 
TT 450 036.9 -05.9 037.6 -04.4 3.27E-05 001.8 097.4 -60.0 0.095524 0.037358 0.041551 hargrave 2021-12-08 15:29:38 
TT 500 035.6 -06.5 036.5 -05.3 3.08E-05 001.9 095.6 -58.9 0.089921 0.036169 0.040170 hargrave 2021-12-09 13:48:58 
TT 550 034.9 -05.8 035.6 -04.6 3.02E-05 001.6 096.8 -58.0 0.075506 0.035527 0.039031 hargrave 2021-12-10 11:04:24 
TT 565 033.6 -05.9 034.4 -04.9 2.94E-05 002.6 096.1 -56.8 0.120062 0.045478 0.044467 hargrave 2021-12-11 17:57:51 
TT 580 034.6 -06.9 035.5 -05.8 2.87E-05 002.0 094.5 -58.0 0.093970 0.033122 0.038424 hargrave 2021-12-12 17:37:23 
TT 600 032.9 -05.8 033.7 -04.9 2.70E-05 001.0 096.0 -56.1 0.026669 0.031139 0.034339 hargrave 2021-12-13 16:05:40 
TT 610 036.8 -10.2 038.1 -08.8 2.45E-05 003.1 088.6 -60.5 0.128490 0.025581 0.032851 hargrave 2021-12-14 12:55:44 
TT 620 034.9 -11.9 036.4 -10.7 2.36E-05 001.0 085.2 -58.7 0.028790 0.022959 0.030440 hargrave 2021-12-15 11:05:05 
TT 630 030.5 -10.8 032.0 -10.2 2.22E-05 004.2 086.7 -54.4 0.162289 0.019117 0.030595 hargrave 2021-12-16 11:23:49 
TT 640 029.4 -12.0 031.1 -11.6 2.11E-05 003.8 084.6 -53.4 0.136826 0.019427 0.030023 hargrave 2021-12-17 09:59:53 
TT 650 026.7 -13.4 028.6 -13.3 2.07E-05 001.2 082.2 -50.8 0.022840 0.027547 0.032533 hargrave 2021-12-17 18:25:57 
TT 655 030.2 -14.2 032.2 -13.6 2.19E-05 002.2 081.0 -54.2 0.079728 0.021181 0.031998 hargrave 2021-12-20 12:58:02 
TT 660 031.8 -14.1 033.7 -13.3 2.28E-05 003.9 081.1 -55.7 0.151837 0.020497 0.030492 hargrave 2021-12-21 11:15:35 
TT 665 030.9 -08.8 032.1 -08.2 2.33E-05 001.0 090.2 -54.6 0.029535 0.014283 0.035478 hargrave 2021-12-22 11:22:28 
TT 670 029.9 -09.0 031.1 -08.5 2.04E-05 001.3 089.7 -53.6 0.033645 0.017803 0.033880 hargrave 2021-12-23 10:26:46 
TT 672 028.8 -08.8 030.0 -08.5 1.94E-05 001.7 089.8 -52.5 0.048525 0.015571 0.033778 hargrave 2021-12-23 16:59:29 
TT 675 054.9 -09.8 055.8 -06.0 7.14E-06 000.9 094.6 -78.2 0.005672 0.009197 0.003937 hargrave 2021-12-24 17:44:19 
TT 678 041.9 -09.3 043.0 -07.2 7.73E-06 000.9 091.6 -65.4 0.007519 0.009801 0.003117 hargrave 2021-12-27 10:33:11 
TT 682 063.7 001.7 063.3 006.5 3.02E-06 001.0 166.3 -76.9 0.004008 0.003566 0.001311 hargrave 2021-12-28 10:11:21 
TT 685 008.6 029.2 004.6 026.4 3.32E-06 004.2 127.4 -21.0 0.014924 0.020542 0.005077 hargrave 2021-12-28 17:23:01 
TT 691 070.1 -20.9 072.0 -15.3 2.42E-06 000.9 342.6 -79.6 0.003004 0.002464 0.000804 hargrave 2021-12-30 10:19:21 
