HF1- 101 sun compass orientation
 111.16 340.7  55.0 208.5   9.0   1.0
NRM    324.2 -18.9 325.9 -27.0 2.41E-05 001.8 065.2 002.0 0.070761 0.050431 0.032644 hargrave 2021-12-04 18:30:52 
TT 150 322.0 -19.7 323.6 -27.9 2.34E-05 002.0 063.2 003.1 0.076488 0.057892 0.025965 hargrave 2021-12-06 13:43:48 
TT 300 315.2 -29.6 317.0 -38.2 2.17E-05 003.0 051.7 001.3 0.082518 0.080641 0.022918 hargrave 2021-12-07 09:53:39 
TT 400 316.2 -35.5 318.6 -44.0 1.95E-05 001.8 047.9 -03.2 0.047338 0.040341 0.027855 hargrave 2021-12-07 18:27:10 
TT 450 318.0 -37.9 320.9 -46.3 1.79E-05 001.5 047.0 -05.9 0.035580 0.032068 0.025192 hargrave 2021-12-08 16:02:07 
TT 500 314.7 -40.9 317.4 -49.5 1.75E-05 001.4 043.1 -06.0 0.036894 0.034693 0.022039 hargrave 2021-12-09 14:22:37 
TT 550 324.4 -40.2 328.5 -48.2 7.67E-06 061.0 048.4 -11.2 0.534065 0.601573 0.159657 hargrave 2021-12-10 11:38:00 
TT 550 312.4 -50.8 315.9 -59.5 1.53E-05 001.3 034.6 -11.5 0.040193 0.012305 0.012348 hargrave 2021-12-10 13:12:50 
TT 565 319.7 -47.4 324.2 -55.7 1.49E-05 003.6 040.4 -12.9 0.062076 0.050188 0.054355 hargrave 2021-12-11 18:31:16 
TT 580 320.4 -43.7 324.4 -51.9 1.44E-05 003.8 043.7 -11.0 0.057980 0.066737 0.043754 hargrave 2021-12-12 18:10:11 
TT 600 323.8 -47.8 329.2 -55.8 1.41E-05 002.2 041.8 -15.4 0.027041 0.024468 0.045454 hargrave 2021-12-13 16:38:16 
TT 610 326.2 -43.4 331.1 -51.2 1.52E-05 001.6 046.5 -14.2 0.036405 0.030908 0.012782 hargrave 2021-12-14 13:28:14 
TT 620 323.5 -48.3 328.9 -56.3 1.39E-05 002.5 041.3 -15.5 0.041523 0.041019 0.028947 hargrave 2021-12-15 11:39:26 
TT 630 332.4 -46.4 338.9 -53.6 1.30E-05 002.1 046.4 -19.5 0.033998 0.033886 0.022121 hargrave 2021-12-16 11:56:30 
TT 640 335.3 -49.9 343.2 -56.7 1.28E-05 002.4 044.1 -22.9 0.040258 0.038622 0.018123 hargrave 2021-12-17 10:32:42 
TT 650 331.7 -49.0 338.8 -56.2 1.11E-05 002.6 043.7 -20.4 0.029404 0.037156 0.024757 hargrave 2021-12-17 18:58:41 
TT 655 326.6 -55.6 334.7 -63.2 1.16E-05 004.7 036.0 -21.1 0.056878 0.076700 0.014761 hargrave 2021-12-20 13:32:18 
TT 660 336.8 -59.0 348.8 -65.5 1.04E-05 004.5 035.4 -27.6 0.049382 0.066502 0.011983 hargrave 2021-12-21 11:42:03 
TT 665 353.0 -53.1 004.3 -57.6 8.91E-06 002.6 045.2 -34.3 0.020890 0.035986 0.011944 hargrave 2021-12-22 11:50:38 
TT 670 352.5 -67.0 013.8 -70.9 8.48E-06 001.8 028.4 -36.4 0.016494 0.018838 0.014894 hargrave 2021-12-23 10:54:28 
TT 672 344.3 -55.7 355.9 -61.3 8.17E-06 003.1 040.6 -30.2 0.030743 0.028846 0.013519 hargrave 2021-12-23 17:26:14 
TT 675 333.5 -54.0 342.5 -61.0 6.63E-06 001.2 039.6 -23.8 0.009660 0.010454 0.010338 hargrave 2021-12-24 18:11:02 
TT 678 337.3 -35.4 342.1 -42.2 4.28E-06 005.7 058.3 -17.0 0.039071 0.018682 0.003575 hargrave 2021-12-27 11:00:01 
TT 682 271.3 -03.5 270.8 -11.5 1.61E-06 002.8 030.9 046.9 0.005675 0.005990 0.002351 hargrave 2021-12-28 10:38:23 
TT 685 089.4 012.5 088.1 020.3 2.01E-06 003.9 203.9 -39.3 0.008816 0.009018 0.006144 hargrave 2021-12-28 17:49:30 
TT 691 054.4 081.7 353.0 080.8 1.88E-06 002.8 177.4 027.0 0.004334 0.008321 0.004656 hargrave 2021-12-30 10:51:42 
