HF1- 111 sun compass orientation
 112.95 336.8  69.0 208.5   9.0   1.0
NRM    091.8 -24.5 093.3 -16.4 1.71E-05 001.6 283.5 -66.7 0.026005 0.033744 0.024607 hargrave 2021-12-04 18:46:17 
TT 150 091.6 -27.7 093.3 -19.6 1.78E-05 003.1 291.5 -66.5 0.085159 0.035005 0.033000 hargrave 2021-12-06 13:59:17 
TT 300 087.6 -31.8 090.0 -24.0 1.78E-05 003.3 304.5 -68.5 0.075316 0.056382 0.042317 hargrave 2021-12-07 10:09:17 
TT 400 085.9 -35.4 088.8 -27.7 1.64E-05 004.2 314.7 -67.9 0.095261 0.055337 0.048860 hargrave 2021-12-07 18:44:14 
TT 450 088.6 -36.5 091.3 -28.6 1.46E-05 002.1 314.1 -65.5 0.034624 0.034060 0.027106 hargrave 2021-12-08 16:17:36 
TT 500 083.7 -34.1 086.6 -26.6 1.43E-05 004.0 314.9 -70.1 0.060960 0.068643 0.040233 hargrave 2021-12-09 14:38:10 
TT 550 088.7 -35.5 091.3 -27.6 1.34E-05 004.5 311.8 -66.0 0.056011 0.075799 0.049329 hargrave 2021-12-10 11:53:35 
TT 565 085.5 -40.5 089.0 -32.8 1.18E-05 003.5 325.0 -64.8 0.040450 0.049506 0.036234 hargrave 2021-12-11 18:46:53 
TT 580 086.6 -44.0 090.4 -36.2 1.18E-05 003.3 329.0 -61.7 0.032761 0.051565 0.032486 hargrave 2021-12-12 18:25:43 
TT 600 087.4 -43.3 091.0 -35.4 1.17E-05 003.5 327.1 -61.9 0.028458 0.057249 0.033956 hargrave 2021-12-13 16:53:52 
TT 610 085.7 -44.6 089.7 -36.9 1.07E-05 003.9 330.9 -61.7 0.030427 0.059577 0.032436 hargrave 2021-12-14 13:43:45 
TT 620 086.3 -45.6 090.3 -37.8 1.09E-05 004.0 331.5 -60.7 0.060813 0.022401 0.041552 hargrave 2021-12-15 11:55:43 
TT 630 088.0 -47.6 092.1 -39.7 1.11E-05 004.4 332.2 -58.4 0.043935 0.059374 0.044750 hargrave 2021-12-16 12:12:05 
TT 640 083.1 -44.5 087.4 -37.0 9.59E-06 003.9 334.0 -62.9 0.039648 0.038434 0.037635 hargrave 2021-12-17 10:48:23 
TT 650 085.9 -42.9 089.6 -35.2 9.25E-06 004.3 328.2 -62.9 0.028869 0.053980 0.034272 hargrave 2021-12-17 19:14:14 
TT 655 084.8 -50.6 089.8 -42.9 8.91E-06 004.6 338.7 -57.2 0.049314 0.031790 0.043125 hargrave 2021-12-20 13:47:50 
TT 660 091.0 -42.4 094.1 -34.3 8.93E-06 005.8 322.0 -60.5 0.080728 0.004537 0.041279 hargrave 2021-12-21 11:54:50 
TT 665 087.1 -43.8 090.8 -36.0 8.43E-06 004.0 328.2 -61.6 0.049345 0.010612 0.034631 hargrave 2021-12-22 12:03:36 
TT 670 080.4 -46.8 085.3 -39.5 9.54E-06 004.6 340.0 -61.9 0.037377 0.054526 0.040032 hargrave 2021-12-23 11:07:19 
TT 672 094.9 -45.4 097.9 -37.1 8.31E-06 003.3 323.2 -56.5 0.041615 0.018790 0.019741 hargrave 2021-12-23 17:39:10 
TT 675 098.9 -41.4 101.1 -32.9 4.57E-06 003.4 314.4 -56.1 0.024284 0.006234 0.012010 hargrave 2021-12-24 18:23:40 
TT 678 119.3 -67.4 119.1 -58.4 2.54E-06 003.1 338.6 -33.3 0.006197 0.008072 0.010243 hargrave 2021-12-27 11:13:03 
TT 682 166.2 -41.1 161.2 -34.7 2.51E-06 003.8 311.5 -06.9 0.011410 0.009986 0.009043 hargrave 2021-12-28 10:51:25 
TT 685 087.2 009.4 086.1 017.0 9.67E-07 004.7 215.4 -53.6 0.005413 0.005734 0.001872 hargrave 2021-12-28 18:02:11 
TT 691 177.8 028.1 182.4 032.4 1.80E-06 004.7 248.4 027.6 0.012762 0.007967 0.003201 hargrave 2021-12-30 11:07:05 
