HF1- 62 mag compass orientation (IGRF corrected)
  96.78 338.8  44.0 208.5   9.0   1.0
NRM    096.9 017.4 095.5 025.7 5.29E-05 003.2 208.9 -21.7 0.098347 0.279230 0.065547 hargrave 2021-12-04 17:37:43 
TT 150 095.6 018.1 094.1 026.3 5.28E-05 003.3 207.4 -21.5 0.045883 0.256020 0.162653 hargrave 2021-12-06 12:51:21 
TT 300 095.9 015.1 094.7 023.4 2.58E-05 061.3 208.8 -24.2 2.206489 1.215313 1.133615 hargrave 2021-12-07 09:00:41 
TT 300 094.4 013.7 093.2 021.9 5.17E-05 000.9 207.8 -26.0 0.083471 0.035631 0.043480 hargrave 2021-12-07 10:48:13 
TT 400 093.9 013.8 092.7 021.9 2.43E-05 073.1 207.3 -26.1 2.071954 1.069217 1.141346 hargrave 2021-12-07 17:32:01 
TT 400 092.3 013.4 091.0 021.4 4.87E-05 000.9 205.8 -26.9 0.077504 0.065623 0.040109 hargrave 2021-12-08 09:07:55 
TT 450 093.0 014.5 091.7 022.6 4.71E-05 001.6 206.1 -25.7 0.047369 0.109175 0.079711 hargrave 2021-12-08 15:08:54 
TT 500 093.7 012.4 092.6 020.5 4.54E-05 003.0 207.6 -27.4 0.053792 0.230941 0.070108 hargrave 2021-12-09 13:27:59 
TT 550 095.2 011.4 094.2 019.6 4.33E-05 001.8 209.5 -27.9 0.084980 0.087320 0.093113 hargrave 2021-12-10 10:43:28 
TT 565 095.3 012.0 094.3 020.2 4.17E-05 001.7 209.4 -27.3 0.053879 0.110117 0.071060 hargrave 2021-12-11 17:37:47 
TT 580 096.5 010.5 095.6 018.8 4.09E-05 002.2 211.3 -28.3 0.120202 0.098656 0.054908 hargrave 2021-12-12 17:17:15 
TT 600 091.6 011.2 090.5 019.2 3.76E-05 005.8 205.8 -29.2 0.119788 0.362942 0.045812 hargrave 2021-12-13 15:45:31 
TT 610 092.2 012.0 091.0 020.0 3.58E-05 004.8 206.2 -28.3 0.076425 0.285964 0.067350 hargrave 2021-12-14 12:36:34 
TT 620 082.9 020.1 080.5 027.3 3.44E-05 004.9 194.4 -22.7 0.650434 0.170938 0.054926 hargrave 2021-12-15 10:46:08 
TT 630 093.6 016.9 092.1 025.0 3.11E-05 005.7 205.9 -23.2 0.078456 0.297032 0.072454 hargrave 2021-12-16 11:04:35 
TT 640 086.8 021.4 084.5 029.0 3.18E-05 004.4 197.9 -20.6 0.047699 0.235928 0.059372 hargrave 2021-12-17 09:40:45 
TT 650 095.5 019.6 093.9 027.8 3.31E-05 002.0 206.8 -20.1 0.081588 0.048105 0.072296 hargrave 2021-12-17 18:05:57 
TT 655 090.5 021.0 088.5 028.9 3.01E-05 002.8 201.6 -20.2 0.028029 0.143044 0.048014 hargrave 2021-12-20 12:37:55 
TT 660 092.2 020.8 090.3 028.8 1.55E-05 059.3 203.3 -19.9 1.431759 0.618035 0.563705 hargrave 2021-12-21 10:59:10 
TT 660 085.8 024.9 083.0 032.4 3.20E-05 001.2 196.1 -17.4 0.113017 0.057092 0.023836 hargrave 2021-12-21 12:59:28 
TT 665 090.8 023.7 088.5 031.6 2.99E-05 002.0 201.1 -17.5 0.067964 0.102298 0.050419 hargrave 2021-12-22 11:05:58 
TT 670 092.8 019.8 091.0 027.9 3.01E-05 003.9 204.1 -20.7 0.072671 0.196395 0.044241 hargrave 2021-12-23 10:11:00 
TT 672 086.5 020.7 084.3 028.2 2.72E-05 002.3 197.8 -21.4 0.068293 0.104437 0.039202 hargrave 2021-12-23 16:43:00 
TT 675 095.7 020.4 094.1 028.6 2.38E-05 002.7 206.7 -19.3 0.096914 0.091233 0.044383 hargrave 2021-12-24 17:28:28 
TT 678 087.1 024.4 084.5 032.0 1.08E-05 055.6 197.5 -17.7 1.054887 0.331870 0.349039 hargrave 2021-12-27 10:17:15 
TT 678 077.4 025.0 074.1 031.6 2.07E-05 001.7 188.2 -18.6 0.106975 0.040322 0.020076 hargrave 2021-12-27 11:39:00 
TT 682 083.5 018.8 081.3 026.1 1.82E-05 005.4 195.2 -23.9 0.042399 0.164348 0.025722 hargrave 2021-12-28 09:55:32 
TT 685 083.1 020.2 080.7 027.4 1.05E-05 001.4 194.5 -22.5 0.011962 0.022356 0.013060 hargrave 2021-12-28 17:07:36 
TT 691 107.8 023.6 106.9 032.4 6.94E-06 006.2 216.1 -11.9 0.041836 0.062853 0.009491 hargrave 2021-12-30 10:00:20 
