HF1- 4 mag compass orientation (IGRF corrected)
  80.25 323.8  77.0 208.5   9.0   1.0
NRM    056.3 -23.6 059.4 -19.2 7.93E-05 000.8 348.0 -79.1 0.112049 0.033408 0.025384 hargrave 2021-12-01 09:38:55 
TT 150 056.3 -25.1 059.6 -20.7 8.02E-05 001.0 349.2 -77.7 0.089778 0.103312 0.028051 hargrave 2021-12-01 17:15:37 
TT 300 055.7 -26.9 059.3 -22.5 7.97E-05 000.8 353.0 -76.0 0.107671 0.039449 0.035424 hargrave 2021-12-02 13:29:50 
TT 400 055.2 -27.8 059.0 -23.5 7.73E-05 000.7 355.2 -75.1 0.100314 0.022492 0.025964 hargrave 2021-12-03 11:30:25 
TT 450 053.7 -29.1 057.8 -25.0 7.38E-05 001.2 000.3 -73.9 0.097155 0.123999 0.027702 hargrave 2021-12-04 12:51:48 
TT 500 053.6 -29.0 057.7 -24.9 7.06E-05 001.0 000.5 -74.0 0.096911 0.075301 0.024240 hargrave 2021-12-06 09:05:27 
TT 550 053.5 -29.9 057.7 -25.8 6.63E-05 000.9 000.8 -73.1 0.094949 0.048031 0.025368 hargrave 2021-12-06 17:07:56 
TT 565 052.2 -29.4 056.4 -25.5 6.45E-05 000.9 004.8 -73.5 0.086581 0.062462 0.025182 hargrave 2021-12-07 13:27:37 
TT 580 053.4 -29.6 057.6 -25.5 6.14E-05 000.9 001.1 -73.4 0.087134 0.050275 0.026110 hargrave 2021-12-08 11:26:21 
TT 600 053.1 -30.1 057.4 -26.0 5.73E-05 000.9 002.2 -72.9 0.081540 0.035279 0.022465 hargrave 2021-12-09 09:02:25 
TT 610 054.8 -31.2 059.2 -26.9 5.50E-05 001.1 357.2 -71.8 0.087639 0.054721 0.025274 hargrave 2021-12-09 17:37:24 
TT 620 051.4 -32.0 056.1 -28.1 5.47E-05 001.0 006.3 -70.9 0.080676 0.051807 0.024888 hargrave 2021-12-10 15:38:36 
TT 630 050.5 -31.2 055.1 -27.5 5.42E-05 001.0 009.0 -71.5 0.081967 0.047601 0.025541 hargrave 2021-12-12 12:53:46 
TT 640 050.3 -31.7 055.0 -28.0 5.26E-05 001.0 009.1 -71.0 0.088423 0.043329 0.024694 hargrave 2021-12-13 11:20:22 
TT 650 048.5 -35.1 054.0 -31.6 5.26E-05 001.0 011.3 -67.4 0.096515 0.024057 0.028213 hargrave 2021-12-14 08:53:00 
TT 655 048.4 -32.8 053.4 -29.4 5.24E-05 001.3 013.0 -69.6 0.088953 0.075477 0.024435 hargrave 2021-12-14 17:51:08 
TT 660 048.9 -37.5 054.9 -33.9 5.14E-05 001.0 009.2 -65.1 0.094363 0.026708 0.030078 hargrave 2021-12-15 17:32:39 
TT 665 048.5 -37.9 054.6 -34.4 4.95E-05 001.2 009.8 -64.7 0.090885 0.052360 0.029921 hargrave 2021-12-16 15:15:33 
TT 670 053.9 -40.6 060.2 -36.3 4.82E-05 001.5 359.8 -62.4 0.084558 0.096480 0.033325 hargrave 2021-12-17 13:51:29 
TT 673 049.4 -41.1 056.1 -37.4 4.20E-05 002.1 006.9 -61.6 0.111901 0.103469 0.031478 hargrave 2021-12-19 17:21:15 
TT 675 056.6 -39.3 062.4 -34.7 2.90E-05 002.7 355.2 -63.6 0.065799 0.119703 0.020491 hargrave 2021-12-20 16:36:39 
TT 679 025.5 -56.7 039.1 -56.1 7.52E-06 003.8 020.2 -41.2 0.031505 0.040480 0.008657 hargrave 2021-12-21 15:09:01 
TT 683 121.9 -05.9 121.9 003.1 4.94E-06 002.0 271.0 -22.6 0.012660 0.010498 0.010339 hargrave 2021-12-22 15:10:41 
TT 687 037.9 067.8 015.8 067.5 2.82E-06 006.8 174.0 -08.4 0.005023 0.034045 0.003084 hargrave 2021-12-23 13:46:16 
