HF1- 56 mag compass orientation (IGRF corrected)
  95.97  27.8  37.0 208.5   9.0   1.0
NRM    089.8 018.8 087.9 026.6 9.38E-05 002.1 152.7 -14.2 0.176756 0.290603 0.095265 hargrave 2021-12-01 11:04:54 
TT 150 091.6 017.1 090.0 025.1 9.31E-05 001.2 153.9 -16.3 0.070703 0.179737 0.091391 hargrave 2021-12-01 18:40:30 
TT 300 091.3 016.5 089.7 024.5 8.95E-05 002.8 153.5 -16.8 0.156512 0.412404 0.087688 hargrave 2021-12-02 14:57:03 
TT 400 093.2 017.3 091.7 025.4 8.55E-05 001.2 155.5 -16.6 0.063501 0.167515 0.077204 hargrave 2021-12-03 12:55:56 
TT 450 091.9 017.4 090.3 025.4 8.23E-05 001.1 154.3 -16.1 0.054123 0.133540 0.078039 hargrave 2021-12-04 14:16:29 
TT 500 092.6 018.0 091.0 026.0 7.80E-05 001.0 155.1 -15.7 0.042226 0.104210 0.074160 hargrave 2021-12-06 10:30:15 
TT 550 089.2 016.9 087.5 024.7 7.13E-05 001.6 151.6 -15.9 0.126382 0.155723 0.057979 hargrave 2021-12-06 18:31:48 
TT 565 091.5 018.1 089.8 026.1 7.12E-05 002.4 154.1 -15.3 0.149835 0.260289 0.073006 hargrave 2021-12-07 14:52:10 
TT 580 090.7 017.5 089.0 025.4 6.80E-05 002.6 153.2 -15.7 0.152850 0.263313 0.071484 hargrave 2021-12-08 12:51:59 
TT 600 091.8 016.9 090.2 024.9 6.26E-05 003.7 154.0 -16.6 0.206622 0.355643 0.061187 hargrave 2021-12-09 10:26:59 
TT 610 094.7 017.3 093.2 025.5 5.90E-05 002.7 157.0 -16.9 0.132235 0.250107 0.064370 hargrave 2021-12-09 19:01:59 
TT 620 095.0 017.5 093.5 025.7 5.53E-05 001.0 157.3 -16.8 0.067547 0.076607 0.058973 hargrave 2021-12-10 17:03:45 
TT 630 094.4 015.0 093.1 023.2 5.53E-05 001.9 156.0 -19.1 0.104726 0.148027 0.059618 hargrave 2021-12-12 14:18:16 
TT 640 091.0 015.0 089.5 022.9 5.54E-05 001.0 152.7 -18.2 0.064799 0.079549 0.055215 hargrave 2021-12-13 12:47:27 
TT 650 088.3 014.8 086.7 022.5 5.32E-05 001.3 150.0 -17.6 0.061602 0.107971 0.054138 hargrave 2021-12-14 10:16:44 
TT 655 089.9 014.5 088.4 022.4 5.35E-05 000.8 151.5 -18.4 0.057783 0.051243 0.055720 hargrave 2021-12-14 19:14:48 
TT 660 095.4 014.0 094.2 022.2 4.54E-05 004.0 156.8 -20.3 0.115549 0.305236 0.048990 hargrave 2021-12-15 18:56:24 
TT 665 095.1 016.4 093.7 024.6 4.39E-05 002.8 157.1 -17.9 0.116165 0.190042 0.053111 hargrave 2021-12-16 16:40:22 
TT 670 098.1 016.9 096.9 025.3 3.60E-05 002.1 160.2 -18.1 0.060765 0.125548 0.041415 hargrave 2021-12-17 15:14:32 
TT 673 100.7 017.6 099.6 026.1 2.91E-05 002.4 162.9 -17.9 0.057221 0.112941 0.030773 hargrave 2021-12-19 18:44:56 
TT 675 100.6 025.8 098.9 034.3 1.82E-05 004.8 164.3 -09.8 0.057053 0.146947 0.021959 hargrave 2021-12-20 17:59:36 
TT 679 076.1 027.4 072.4 033.9 1.20E-05 002.3 143.8 -01.8 0.036167 0.041680 0.012843 hargrave 2021-12-21 16:18:01 
TT 683 149.1 -05.7 149.0 002.1 3.29E-06 001.2 219.9 -36.2 0.006573 0.003157 0.002222 hargrave 2021-12-22 16:19:28 
TT 687 076.9 060.9 063.1 066.9 2.99E-06 002.9 158.8 028.5 0.008055 0.012752 0.007410 hargrave 2021-12-23 14:55:19 
