HF1- 23 mag compass orientation (IGRF corrected)
  86.15 356.8  52.0 207.0   8.0   1.0
NRM    067.9 020.3 065.4 025.4 4.87E-05 005.9 159.7 -29.1 0.114166 0.459141 0.171796 hargrave 2021-12-01 10:08:26 
TT 150 067.3 016.4 065.2 021.5 4.74E-05 006.8 157.7 -32.6 0.155469 0.527868 0.135546 hargrave 2021-12-01 17:44:17 
TT 300 064.4 013.7 062.5 018.5 4.47E-05 003.0 153.4 -34.2 0.112853 0.197057 0.069273 hargrave 2021-12-02 13:58:24 
TT 400 063.2 012.5 061.4 017.1 4.16E-05 004.3 151.5 -34.9 0.133708 0.274680 0.074119 hargrave 2021-12-03 12:00:02 
TT 450 066.2 010.8 064.7 015.8 1.97E-05 021.7 154.2 -37.5 1.502807 0.726972 1.278929 hargrave 2021-12-04 13:20:35 
TT 450 054.2 008.8 052.8 012.3 3.91E-05 001.1 139.9 -34.2 0.045827 0.069252 0.030266 hargrave 2021-12-04 14:49:22 
TT 500 065.4 011.2 063.9 016.1 3.62E-05 003.1 153.4 -36.9 0.053649 0.164819 0.104777 hargrave 2021-12-06 09:34:17 
TT 550 063.6 010.2 062.1 014.9 3.25E-05 001.6 150.9 -37.1 0.026997 0.055603 0.076881 hargrave 2021-12-06 17:36:35 
TT 565 060.6 006.8 059.5 011.1 3.06E-05 004.8 145.6 -39.0 0.127327 0.213170 0.079057 hargrave 2021-12-07 13:56:28 
TT 580 062.6 008.3 061.4 012.9 3.00E-05 003.9 148.8 -38.5 0.077435 0.175577 0.081030 hargrave 2021-12-08 11:56:00 
TT 600 061.8 006.4 060.8 010.9 2.90E-05 002.6 146.8 -39.9 0.063649 0.100693 0.076153 hargrave 2021-12-09 09:31:08 
TT 610 060.6 005.1 059.7 009.5 2.73E-05 004.9 144.6 -40.5 0.121160 0.195716 0.066614 hargrave 2021-12-09 18:06:09 
TT 620 059.9 006.5 058.9 010.8 2.61E-05 001.9 144.7 -38.9 0.036096 0.068881 0.068372 hargrave 2021-12-10 16:07:48 
TT 630 063.3 007.0 062.2 011.6 2.61E-05 003.1 148.9 -40.0 0.054050 0.120579 0.069531 hargrave 2021-12-12 13:23:19 
TT 640 060.7 006.0 059.7 010.4 2.48E-05 005.9 145.3 -39.7 0.126119 0.213214 0.077169 hargrave 2021-12-13 11:50:43 
TT 650 062.8 004.4 062.0 009.0 2.08E-05 002.5 146.8 -42.1 0.034397 0.071338 0.054717 hargrave 2021-12-14 09:21:46 
TT 655 058.6 002.8 058.0 006.9 1.95E-05 007.7 140.9 -41.6 0.139611 0.216474 0.069409 hargrave 2021-12-14 18:19:50 
TT 660 065.4 -00.4 065.2 004.5 1.47E-05 003.6 147.3 -47.6 0.030095 0.077405 0.051192 hargrave 2021-12-15 18:01:27 
TT 665 062.9 002.9 062.3 007.6 1.41E-05 005.0 146.1 -43.5 0.052031 0.109651 0.032318 hargrave 2021-12-16 15:45:09 
TT 670 075.6 000.5 075.2 006.5 8.24E-06 001.9 162.3 -50.1 0.009689 0.021175 0.017312 hargrave 2021-12-17 14:19:28 
TT 673 050.4 -36.1 055.4 -32.6 4.25E-06 001.1 082.4 -61.1 0.003204 0.005944 0.005166 hargrave 2021-12-19 17:49:55 
TT 675 036.6 019.0 033.7 020.2 2.03E-06 002.9 130.9 -16.0 0.005475 0.003314 0.008420 hargrave 2021-12-20 17:04:31 
TT 679 260.0 -33.9 256.2 -40.2 2.23E-06 003.1 354.1 017.8 0.004586 0.006971 0.009549 hargrave 2021-12-21 15:32:02 
TT 683 194.3 -27.7 190.4 -25.7 3.36E-06 002.4 302.1 -04.4 0.007198 0.009788 0.012489 hargrave 2021-12-22 15:33:43 
TT 687 083.7 004.9 083.0 011.6 2.50E-06 004.8 175.4 -47.0 0.010721 0.015429 0.009614 hargrave 2021-12-23 14:09:18 
