HF1- 7 mag compass orientation (IGRF corrected)
  81.04 351.8  78.0 208.5   9.0   1.0
NRM    071.4 030.8 066.8 036.7 2.37E-05 017.4 167.1 -46.1 1.712062 0.394530 1.828216 hargrave 2021-12-01 09:44:02 
NRM    074.1 030.8 069.7 037.0 4.78E-05 004.1 170.3 -46.6 0.086811 0.331274 0.026342 hargrave 2021-12-01 12:52:10 
TT 150 074.5 028.2 070.6 034.5 4.60E-05 002.1 170.1 -49.2 0.086444 0.151872 0.023027 hargrave 2021-12-01 17:19:57 
TT 300 071.5 026.6 067.6 032.5 4.38E-05 001.7 165.6 -50.1 0.086814 0.111913 0.045009 hargrave 2021-12-02 13:34:04 
TT 400 071.9 026.7 068.0 032.7 4.04E-05 001.9 166.2 -50.1 0.084312 0.116890 0.030036 hargrave 2021-12-03 11:35:32 
TT 450 072.4 026.1 068.7 032.1 3.71E-05 001.2 166.6 -50.8 0.062605 0.069463 0.024089 hargrave 2021-12-04 12:56:05 
TT 500 070.4 027.2 066.4 033.0 3.44E-05 002.1 164.4 -49.3 0.082884 0.104152 0.019936 hargrave 2021-12-06 09:09:45 
TT 550 069.6 027.1 065.6 032.8 3.15E-05 002.2 163.3 -49.2 0.073621 0.102889 0.022278 hargrave 2021-12-06 17:12:12 
TT 565 068.4 027.8 064.2 033.3 3.18E-05 002.4 162.1 -48.1 0.079310 0.113173 0.024774 hargrave 2021-12-07 13:31:54 
TT 580 070.3 027.0 066.3 032.8 3.09E-05 001.9 164.1 -49.4 0.071563 0.085194 0.021115 hargrave 2021-12-08 11:30:40 
TT 600 066.4 026.8 062.3 032.1 2.90E-05 002.4 159.1 -48.4 0.102746 0.079716 0.016815 hargrave 2021-12-09 09:06:42 
TT 610 065.0 028.8 060.5 033.9 2.88E-05 002.0 158.6 -46.1 0.080144 0.078682 0.029438 hargrave 2021-12-09 17:41:40 
TT 620 065.8 026.5 061.7 031.7 2.92E-05 002.2 158.2 -48.5 0.095568 0.074406 0.016453 hargrave 2021-12-10 15:42:56 
TT 630 062.5 029.0 057.8 033.7 2.77E-05 002.2 155.9 -45.0 0.085130 0.079326 0.021472 hargrave 2021-12-12 12:58:02 
TT 640 060.7 029.2 055.9 033.7 1.33E-05 064.8 154.1 -44.1 0.915647 0.445007 0.986564 hargrave 2021-12-13 11:25:25 
TT 640 060.2 029.2 055.4 033.6 2.66E-05 001.3 153.6 -43.8 0.040243 0.051039 0.016598 hargrave 2021-12-13 13:48:55 
TT 650 060.0 030.4 055.0 034.8 2.59E-05 002.1 154.1 -42.7 0.034667 0.098147 0.017883 hargrave 2021-12-14 08:57:16 
TT 655 066.4 030.9 061.5 036.1 2.44E-05 002.4 161.4 -44.6 0.029843 0.102743 0.014744 hargrave 2021-12-14 17:55:24 
TT 660 059.1 028.0 054.5 032.3 2.20E-05 002.6 151.5 -44.4 0.080568 0.066319 0.014821 hargrave 2021-12-15 17:36:54 
TT 665 061.3 029.4 056.5 034.0 2.21E-05 002.3 154.9 -44.1 0.068603 0.067946 0.014849 hargrave 2021-12-16 15:19:55 
TT 670 059.9 025.8 055.7 030.2 1.98E-05 002.0 150.8 -46.6 0.063161 0.045460 0.014846 hargrave 2021-12-17 13:55:44 
TT 673 057.8 025.6 053.6 029.7 1.80E-05 002.5 148.3 -45.7 0.067682 0.051406 0.015521 hargrave 2021-12-19 17:26:19 
TT 675 059.2 021.9 055.7 026.3 1.21E-05 002.4 146.7 -49.5 0.047999 0.034017 0.017647 hargrave 2021-12-20 16:40:54 
TT 679 044.6 026.5 040.0 028.7 9.97E-06 000.7 137.2 -37.2 0.009609 0.010000 0.005929 hargrave 2021-12-21 15:12:24 
TT 683 032.4 016.1 029.8 016.5 3.86E-06 002.3 118.8 -33.6 0.014592 0.008265 0.002868 hargrave 2021-12-22 15:14:05 
TT 687 312.3 038.8 310.9 030.0 1.82E-06 001.9 130.3 038.0 0.006495 0.001663 0.001738 hargrave 2021-12-23 13:49:41 
