HF1- 117 sun compass orientation
  114.3 326.5  50.0 207.0   8.0   1.0
NRM    072.8 005.2 072.0 010.9 1.01E-04 002.5 202.2 -42.4 0.273741 0.289374 0.213902 hargrave 2021-12-04 18:54:36 
TT 150 069.7 003.6 069.0 008.9 9.99E-05 001.7 198.7 -44.8 0.157980 0.218811 0.146825 hargrave 2021-12-06 14:07:40 
TT 300 068.0 003.5 067.3 008.8 9.56E-05 001.5 196.4 -45.2 0.064487 0.182035 0.166452 hargrave 2021-12-07 10:17:43 
TT 400 064.3 -27.6 067.2 -22.6 2.37E-04 000.7 209.9 -76.0 0.298757 0.111754 0.065601 hargrave 2021-12-07 18:52:36 
TT 450 064.3 -27.6 067.2 -22.6 2.32E-04 000.8 209.9 -76.0 0.283794 0.156507 0.059698 hargrave 2021-12-08 16:25:59 
TT 500 064.9 -28.0 067.9 -22.9 2.27E-04 000.6 212.6 -76.1 0.102439 0.239208 0.083542 hargrave 2021-12-09 14:46:35 
TT 550 065.4 -27.8 068.3 -22.7 2.18E-04 000.8 213.7 -75.8 0.237173 0.192003 0.058324 hargrave 2021-12-10 12:01:57 
TT 565 070.9 002.3 070.4 007.8 7.61E-05 001.5 200.9 -45.7 0.106588 0.132535 0.129936 hargrave 2021-12-11 18:56:08 
TT 580 074.1 001.8 073.6 007.6 7.35E-05 003.0 205.4 -45.2 0.219112 0.308374 0.116444 hargrave 2021-12-12 18:34:08 
TT 600 071.3 002.9 070.8 008.5 7.07E-05 001.0 201.2 -45.0 0.068431 0.047066 0.104754 hargrave 2021-12-13 17:02:19 
TT 610 070.9 003.0 070.3 008.5 6.91E-05 002.3 200.6 -45.0 0.137661 0.226927 0.109736 hargrave 2021-12-14 13:52:10 
TT 620 072.3 002.5 071.7 008.2 6.87E-05 002.5 202.6 -45.1 0.135958 0.263726 0.101139 hargrave 2021-12-15 12:03:56 
TT 630 072.4 002.6 071.8 008.3 6.70E-05 003.6 202.7 -45.0 0.208346 0.350754 0.121192 hargrave 2021-12-16 12:20:32 
TT 640 068.4 003.6 067.7 008.8 6.45E-05 003.2 196.9 -45.1 0.156430 0.308165 0.119266 hargrave 2021-12-17 10:56:45 
TT 650 070.0 002.8 069.4 008.3 5.72E-05 003.6 199.4 -45.4 0.159552 0.312742 0.107083 hargrave 2021-12-17 19:23:31 
TT 655 072.1 002.9 071.5 008.5 5.12E-05 004.9 202.2 -44.8 0.196125 0.387205 0.085258 hargrave 2021-12-20 13:57:04 
TT 660 071.0 003.8 070.3 009.3 4.54E-05 002.2 200.4 -44.2 0.106746 0.138499 0.075299 hargrave 2021-12-21 12:02:32 
TT 665 072.1 002.4 071.5 008.0 3.58E-05 002.2 202.4 -45.3 0.090790 0.084638 0.081495 hargrave 2021-12-22 12:10:44 
TT 670 075.1 005.3 074.4 011.2 1.98E-05 004.2 205.2 -41.6 0.064699 0.124933 0.044679 hargrave 2021-12-23 11:14:20 
TT 672 075.5 004.4 074.8 010.4 1.57E-05 002.2 206.0 -42.3 0.018073 0.040134 0.046764 hargrave 2021-12-23 17:46:06 
TT 675 068.6 024.3 065.4 029.5 2.28E-06 003.2 192.1 -24.7 0.006412 0.009980 0.006382 hargrave 2021-12-24 18:30:39 
TT 678 040.2 010.9 038.6 012.6 2.78E-06 001.3 159.9 -36.9 0.005104 0.005107 0.002661 hargrave 2021-12-27 11:20:03 
TT 682 057.6 051.4 048.0 054.9 1.76E-06 001.6 180.7 001.4 0.003184 0.003937 0.003198 hargrave 2021-12-28 10:58:20 
TT 685 068.8 -18.8 070.5 -13.4 1.65E-06 001.7 210.2 -66.3 0.001803 0.005123 0.003156 hargrave 2021-12-28 18:09:03 
TT 691 120.3 031.3 120.6 039.3 1.19E-06 006.5 230.1 002.6 0.011396 0.007655 0.001101 hargrave 2021-12-30 11:15:22 
