HF1- 100 sun compass orientation
 111.08 335.6  54.0 208.5   9.0   1.0
NRM    108.1 042.5 106.2 051.3 1.89E-05 003.6 209.9 -02.5 0.075264 0.103386 0.019667 hargrave 2021-12-04 18:29:23 
TT 150 095.1 043.2 090.9 051.3 1.85E-05 002.0 201.2 -06.4 0.036047 0.072133 0.020476 hargrave 2021-12-06 13:42:17 
TT 300 105.6 036.2 103.8 044.9 1.72E-05 007.3 211.7 -08.8 0.121266 0.184924 0.012545 hargrave 2021-12-07 09:52:05 
TT 400 100.2 036.2 097.6 044.7 1.49E-05 004.8 207.8 -11.0 0.067471 0.108412 0.010952 hargrave 2021-12-07 18:25:40 
TT 450 097.3 037.2 094.2 045.5 1.32E-05 006.9 205.2 -11.1 0.076857 0.142838 0.009270 hargrave 2021-12-08 16:00:37 
TT 500 101.6 039.1 098.9 047.7 1.11E-05 010.9 207.4 -07.9 0.103934 0.187639 0.009293 hargrave 2021-12-09 14:21:06 
TT 550 096.7 042.2 092.9 050.4 4.70E-06 057.8 202.7 -06.8 0.460540 0.193860 0.059144 hargrave 2021-12-10 11:36:30 
TT 550 095.3 045.2 090.8 053.3 9.37E-06 002.0 200.5 -04.5 0.028793 0.033314 0.015202 hargrave 2021-12-10 13:11:19 
TT 565 097.1 042.7 093.3 051.0 8.45E-06 002.8 202.7 -06.2 0.030747 0.038559 0.008270 hargrave 2021-12-11 18:29:46 
TT 580 102.6 039.9 100.0 048.5 8.73E-06 002.5 207.7 -06.8 0.020965 0.041295 0.006071 hargrave 2021-12-12 18:08:40 
TT 600 094.9 040.4 091.1 048.5 7.98E-06 004.3 202.2 -09.0 0.036376 0.054215 0.006668 hargrave 2021-12-13 16:36:46 
TT 610 108.9 038.2 107.4 047.1 9.05E-06 001.9 212.8 -05.7 0.018995 0.034490 0.006484 hargrave 2021-12-14 13:26:43 
TT 620 103.9 040.4 101.5 049.1 8.95E-06 003.2 208.3 -05.9 0.023518 0.050339 0.007137 hargrave 2021-12-15 11:37:57 
TT 630 102.6 044.7 099.5 053.3 8.76E-06 003.8 205.3 -02.6 0.037059 0.052822 0.007266 hargrave 2021-12-16 11:54:59 
TT 640 110.7 039.3 109.4 048.2 7.01E-06 009.8 213.3 -04.0 0.069468 0.102141 0.005927 hargrave 2021-12-17 10:31:12 
TT 650 074.3 053.3 064.1 059.2 8.81E-06 004.2 185.2 -00.4 0.026192 0.064530 0.007536 hargrave 2021-12-17 18:57:11 
TT 655 056.2 054.1 043.8 057.4 6.96E-06 006.2 174.5 000.5 0.014809 0.075431 0.005854 hargrave 2021-12-20 13:30:48 
TT 660 097.2 062.3 088.2 070.4 7.82E-06 001.4 194.4 011.5 0.008298 0.018802 0.006932 hargrave 2021-12-21 11:40:46 
TT 665 025.5 053.4 013.8 052.0 6.04E-06 001.9 157.3 005.9 0.009723 0.019782 0.006191 hargrave 2021-12-22 11:49:20 
TT 670 038.8 058.8 023.8 059.2 6.28E-06 001.3 166.4 007.4 0.011055 0.011570 0.008290 hargrave 2021-12-23 10:53:10 
TT 672 050.3 053.7 037.9 056.1 5.54E-06 006.6 171.0 000.7 0.018160 0.062358 0.005493 hargrave 2021-12-23 17:25:00 
TT 675 058.5 051.6 047.4 055.3 5.33E-06 004.1 175.6 -02.2 0.011151 0.037140 0.009593 hargrave 2021-12-24 18:09:47 
TT 678 284.9 081.6 291.9 072.7 1.22E-06 007.0 172.8 042.3 0.003473 0.014385 0.003758 hargrave 2021-12-27 10:58:44 
TT 682 035.7 -45.9 044.5 -44.1 2.70E-06 000.8 056.8 -65.5 0.003481 0.002133 0.002195 hargrave 2021-12-28 10:37:06 
TT 685 351.6 030.1 348.0 024.5 1.63E-06 003.6 123.3 005.9 0.009567 0.005263 0.002427 hargrave 2021-12-28 17:48:16 
TT 691 124.1 -02.2 124.1 006.8 2.11E-06 005.5 252.1 -26.4 0.018520 0.008320 0.003360 hargrave 2021-12-30 10:50:13 
