HF1- 108 mag compass orientation (IGRF corrected)
 112.64 333.8  59.0 207.0   8.0   1.0
NRM    071.0 001.8 070.6 007.3 1.38E-05 061.0 193.2 -56.5 0.792358 0.194329 1.226672 hargrave 2021-12-04 18:40:07 
NRM    070.1 004.0 069.4 009.4 2.73E-05 003.5 190.9 -54.5 0.119663 0.094348 0.077278 hargrave 2021-12-05 12:27:02 
TT 150 068.9 -03.0 068.9 002.3 2.75E-05 003.3 190.7 -61.6 0.115371 0.070345 0.090469 hargrave 2021-12-06 13:53:06 
TT 300 069.9 -09.2 070.5 -03.7 2.74E-05 003.9 195.8 -67.5 0.138284 0.091300 0.098901 hargrave 2021-12-07 10:03:04 
TT 400 068.8 -10.8 069.7 -05.4 2.59E-05 003.4 194.1 -69.3 0.129728 0.045346 0.078640 hargrave 2021-12-07 18:38:04 
TT 450 069.0 -12.3 070.0 -06.9 2.50E-05 004.3 195.5 -70.7 0.167750 0.052811 0.076374 hargrave 2021-12-08 16:11:26 
TT 500 068.2 -11.8 069.1 -06.5 2.42E-05 003.7 192.8 -70.4 0.135943 0.048294 0.072417 hargrave 2021-12-09 14:31:57 
TT 550 050.3 -41.5 056.2 -37.9 2.76E-05 024.9 042.3 -74.9 1.147585 0.744815 0.525946 hargrave 2021-12-10 11:47:23 
TT 550 067.8 -10.4 068.7 -05.2 2.21E-05 000.6 191.2 -69.1 0.021086 0.012557 0.015611 hargrave 2021-12-10 13:20:34 
TT 565 067.2 -14.2 068.5 -09.0 2.20E-05 003.8 191.4 -72.9 0.119890 0.065557 0.059665 hargrave 2021-12-11 18:40:40 
TT 580 069.5 -14.4 070.7 -08.9 2.14E-05 003.7 198.8 -72.6 0.119309 0.047711 0.059592 hargrave 2021-12-12 18:19:31 
TT 600 070.0 -12.5 071.0 -06.9 2.10E-05 003.8 198.4 -70.6 0.119186 0.046716 0.061012 hargrave 2021-12-13 16:47:39 
TT 610 067.1 -09.8 067.9 -04.6 1.98E-05 003.9 189.0 -68.6 0.107059 0.055029 0.063495 hargrave 2021-12-14 13:37:35 
TT 620 064.3 -09.2 065.1 -04.3 1.94E-05 001.8 181.4 -68.2 0.023066 0.052402 0.036818 hargrave 2021-12-15 11:49:09 
TT 630 068.3 -13.0 069.4 -07.6 1.92E-05 003.4 194.1 -71.5 0.101388 0.011041 0.057738 hargrave 2021-12-16 12:05:51 
TT 640 063.5 -16.7 065.1 -11.8 1.82E-05 003.7 178.9 -75.7 0.101816 0.036044 0.050164 hargrave 2021-12-17 10:42:09 
TT 650 063.4 -13.7 064.6 -08.9 1.72E-05 004.0 178.6 -72.7 0.093278 0.060806 0.054551 hargrave 2021-12-17 19:08:01 
TT 655 062.1 -12.3 063.2 -07.6 1.72E-05 003.6 174.7 -71.2 0.092608 0.028104 0.054501 hargrave 2021-12-20 13:41:40 
TT 660 059.7 -11.4 060.8 -07.0 1.35E-05 003.2 168.2 -70.0 0.063457 0.010351 0.049609 hargrave 2021-12-21 11:49:46 
TT 665 061.4 -14.8 062.9 -10.2 1.30E-05 003.7 171.7 -73.7 0.073422 0.022433 0.040506 hargrave 2021-12-22 11:58:23 
TT 670 068.5 -13.1 069.6 -07.7 1.17E-05 003.5 194.5 -71.6 0.060419 0.005829 0.043439 hargrave 2021-12-23 11:02:13 
TT 672 059.9 -15.1 061.4 -10.7 1.06E-05 003.9 166.5 -73.7 0.063836 0.015814 0.038719 hargrave 2021-12-23 17:34:00 
TT 675 054.5 -09.5 055.4 -05.7 8.61E-06 003.8 156.0 -66.8 0.049548 0.019560 0.021150 hargrave 2021-12-24 18:18:35 
TT 678 050.2 -46.7 057.3 -43.1 5.21E-06 003.9 029.9 -71.1 0.034541 0.004001 0.007116 hargrave 2021-12-27 11:07:49 
TT 682 126.4 008.8 126.7 016.7 4.10E-06 001.6 247.4 -18.1 0.006700 0.009724 0.006198 hargrave 2021-12-28 10:46:13 
TT 685 281.2 -05.9 280.9 -13.6 1.51E-06 003.9 050.7 038.6 0.008500 0.004054 0.005226 hargrave 2021-12-28 17:57:06 
TT 691 156.3 -14.5 155.3 -08.2 3.44E-06 002.3 283.7 -05.3 0.010251 0.006451 0.010266 hargrave 2021-12-30 11:00:57 
