HF1- 76 mag compass orientation (IGRF corrected)
  99.47 335.8  50.0 208.5   9.0   1.0
NRM    053.4 003.0 052.7 006.7 3.16E-05 001.3 162.2 -45.5 0.056440 0.051017 0.021556 hargrave 2021-12-04 17:57:02 
TT 150 055.0 -04.8 055.4 -00.8 3.13E-05 001.6 161.7 -53.5 0.046674 0.080806 0.024350 hargrave 2021-12-06 13:09:55 
TT 300 052.0 -08.1 052.9 -04.4 3.12E-05 001.0 155.2 -55.8 0.035921 0.043856 0.041929 hargrave 2021-12-07 09:19:19 
TT 400 048.0 -09.2 049.1 -06.1 2.94E-05 001.0 147.9 -55.4 0.037002 0.042198 0.033278 hargrave 2021-12-07 17:51:27 
TT 450 047.2 -08.5 048.2 -05.5 2.81E-05 001.1 147.2 -54.4 0.031021 0.046216 0.036525 hargrave 2021-12-08 15:28:12 
TT 500 045.9 -11.3 047.4 -08.5 2.58E-05 000.9 143.0 -56.3 0.021285 0.038087 0.029251 hargrave 2021-12-09 13:47:31 
TT 550 049.2 -12.1 050.7 -08.8 2.43E-05 001.0 147.7 -58.5 0.021457 0.036874 0.013808 hargrave 2021-12-10 11:02:55 
TT 565 043.1 -15.2 045.3 -12.8 2.48E-05 003.4 134.9 -58.3 0.116013 0.093111 0.011646 hargrave 2021-12-11 17:56:25 
TT 580 046.3 -14.7 048.3 -11.8 2.41E-05 001.4 140.4 -59.5 0.040539 0.045034 0.011786 hargrave 2021-12-12 17:35:56 
TT 600 043.9 -16.9 046.3 -14.3 2.44E-05 000.9 134.2 -60.1 0.024534 0.029427 0.009433 hargrave 2021-12-13 16:04:14 
TT 610 052.6 -13.7 054.3 -09.9 1.98E-05 001.0 152.5 -61.3 0.021540 0.027457 0.008928 hargrave 2021-12-14 12:54:18 
TT 620 050.1 -12.0 051.6 -08.6 2.06E-05 003.0 149.3 -58.8 0.063995 0.089307 0.008745 hargrave 2021-12-15 11:03:36 
TT 630 049.8 -15.0 051.8 -11.6 1.97E-05 000.9 146.3 -61.4 0.023500 0.022454 0.008353 hargrave 2021-12-16 11:22:23 
TT 640 048.4 -10.7 049.8 -07.5 2.29E-05 001.1 147.4 -56.9 0.037690 0.028511 0.010450 hargrave 2021-12-17 09:58:28 
TT 650 039.4 -11.9 041.1 -10.1 2.08E-05 002.4 132.9 -53.5 0.069682 0.056425 0.009989 hargrave 2021-12-17 18:24:32 
TT 655 043.1 -10.8 044.6 -08.4 2.22E-05 004.5 139.2 -54.5 0.124635 0.123852 0.010443 hargrave 2021-12-20 12:56:36 
TT 660 036.6 -16.1 039.0 -14.6 2.27E-05 001.9 124.9 -55.2 0.068038 0.035956 0.010990 hargrave 2021-12-21 11:14:26 
TT 665 036.5 -17.1 039.1 -15.6 2.58E-05 002.3 123.6 -55.9 0.089969 0.052954 0.011315 hargrave 2021-12-22 11:21:20 
TT 670 043.3 -16.4 045.6 -13.9 2.67E-05 000.9 133.9 -59.3 0.036149 0.024149 0.013343 hargrave 2021-12-23 10:25:38 
TT 672 035.7 -18.4 038.5 -17.0 2.71E-05 003.2 121.0 -56.3 0.127179 0.083397 0.031041 hargrave 2021-12-23 16:58:20 
TT 675 037.2 -24.9 041.2 -23.2 1.40E-05 001.4 113.5 -61.7 0.024558 0.025720 0.005284 hargrave 2021-12-24 17:43:07 
TT 678 041.1 -02.8 041.4 -00.8 1.15E-05 001.0 142.6 -46.6 0.019595 0.012322 0.006377 hargrave 2021-12-27 10:31:59 
TT 682 043.3 014.1 040.9 016.2 2.92E-06 002.0 154.0 -32.0 0.009030 0.007514 0.003287 hargrave 2021-12-28 10:10:11 
TT 685 232.2 036.6 237.8 032.6 2.43E-06 001.5 283.5 078.8 0.002080 0.006679 0.003292 hargrave 2021-12-28 17:21:53 
TT 691 198.0 -59.7 184.0 -57.0 2.57E-06 001.8 337.0 -17.2 0.007140 0.004869 0.004224 hargrave 2021-12-30 10:17:55 
