HF1- 19 mag compass orientation (IGRF corrected)
  85.65 296.8  30.0 208.5   9.0   1.0
NRM    081.9 -00.8 081.6 006.4 1.25E-04 000.6 239.2 -17.4 0.089105 0.102711 0.095680 hargrave 2021-12-01 09:59:58 
TT 150 083.7 -02.7 083.6 004.7 1.24E-04 005.8 241.8 -18.3 1.102209 0.575700 0.171255 hargrave 2021-12-01 17:35:51 
TT 300 081.6 -02.8 081.5 004.4 1.20E-04 001.0 239.8 -19.3 0.155793 0.093234 0.169415 hargrave 2021-12-02 13:49:58 
TT 400 082.0 -03.0 081.9 004.2 1.15E-04 003.9 240.3 -19.3 0.672865 0.366562 0.154068 hargrave 2021-12-03 11:51:33 
TT 450 082.2 -02.9 082.1 004.4 1.12E-04 002.0 240.5 -19.1 0.315888 0.175410 0.160651 hargrave 2021-12-04 13:12:05 
TT 500 082.1 -02.6 082.0 004.6 1.04E-04 003.5 240.2 -18.9 0.531664 0.336873 0.127449 hargrave 2021-12-06 09:25:48 
TT 550 081.6 -03.4 081.6 003.8 9.81E-05 001.0 240.1 -19.8 0.106663 0.086942 0.133742 hargrave 2021-12-06 17:28:09 
TT 565 083.1 -03.1 083.0 004.2 9.47E-05 005.2 241.4 -18.9 0.757105 0.397011 0.135075 hargrave 2021-12-07 13:48:00 
TT 580 082.0 -01.8 081.8 005.4 8.91E-05 000.9 239.8 -18.2 0.074601 0.073824 0.126357 hargrave 2021-12-08 11:47:30 
TT 600 082.9 004.1 082.2 011.4 7.59E-05 003.6 238.0 -12.5 0.391860 0.261263 0.126165 hargrave 2021-12-09 09:22:40 
TT 610 086.7 005.9 085.9 013.5 7.18E-05 002.7 240.7 -09.2 0.278560 0.175353 0.097333 hargrave 2021-12-09 17:57:39 
TT 620 079.2 009.4 077.9 016.3 6.75E-05 003.6 232.4 -09.2 0.329671 0.250130 0.100449 hargrave 2021-12-10 15:59:07 
TT 630 076.8 009.8 075.4 016.5 6.12E-05 003.3 230.0 -09.7 0.278053 0.209696 0.082618 hargrave 2021-12-12 13:14:51 
TT 640 076.9 006.4 075.9 013.1 4.90E-05 004.9 231.4 -12.8 0.326008 0.258060 0.075102 hargrave 2021-12-13 11:42:14 
TT 650 076.0 009.0 074.7 015.6 3.61E-05 004.2 229.6 -10.8 0.199603 0.166334 0.050376 hargrave 2021-12-14 09:13:17 
TT 655 064.0 005.2 063.0 010.4 3.11E-05 002.9 219.4 -18.6 0.095023 0.117155 0.052326 hargrave 2021-12-14 18:11:23 
TT 660 062.8 -07.6 063.5 -02.5 2.19E-05 003.5 222.8 -31.0 0.101734 0.086747 0.040776 hargrave 2021-12-15 17:52:59 
TT 665 064.0 006.6 062.8 011.8 1.77E-05 001.7 218.9 -17.2 0.040733 0.041277 0.020769 hargrave 2021-12-16 15:36:42 
TT 670 061.4 020.1 058.2 024.8 1.59E-05 003.5 212.4 -05.1 0.059707 0.084062 0.016887 hargrave 2021-12-17 14:11:48 
TT 673 005.9 -41.7 013.9 -44.6 1.27E-06 004.4 135.5 -67.6 0.006971 0.006811 0.002684 hargrave 2021-12-19 17:42:15 
TT 675 031.0 075.3 359.5 073.2 3.26E-06 002.4 181.5 045.3 0.008384 0.008262 0.009338 hargrave 2021-12-20 16:56:52 
TT 679 017.1 -12.0 019.1 -13.6 7.06E-06 003.0 167.3 -41.5 0.024927 0.027983 0.010175 hargrave 2021-12-21 15:25:35 
TT 683 076.0 038.1 070.4 044.4 2.20E-06 007.4 218.3 016.1 0.011473 0.027755 0.005039 hargrave 2021-12-22 15:27:17 
TT 687 327.2 008.9 326.8 001.0 4.06E-06 007.1 120.9 -06.7 0.045077 0.025443 0.006832 hargrave 2021-12-23 14:02:48 
