HF1- 39 mag compass orientation (IGRF corrected)
   89.5 343.8  87.0 207.0   8.0   1.0
NRM    095.3 002.6 094.9 010.1 7.54E-05 001.5 255.5 -67.8 0.188979 0.069134 0.023979 hargrave 2021-12-01 10:34:04 
TT 150 095.2 001.2 094.9 008.7 7.46E-05 001.1 259.1 -68.2 0.122472 0.074814 0.020922 hargrave 2021-12-01 18:09:51 
TT 300 095.9 000.1 095.7 007.6 7.15E-05 001.6 262.4 -67.7 0.198350 0.055408 0.027281 hargrave 2021-12-02 14:26:18 
TT 400 096.6 -01.9 096.5 005.6 6.80E-05 000.8 267.7 -67.2 0.079613 0.051818 0.020173 hargrave 2021-12-03 12:25:47 
TT 450 096.0 -03.2 096.0 004.2 6.63E-05 000.7 271.2 -67.8 0.073499 0.050149 0.022088 hargrave 2021-12-04 13:46:23 
TT 500 095.8 -02.3 095.7 005.2 6.37E-05 000.6 268.6 -68.0 0.044406 0.061906 0.020992 hargrave 2021-12-06 10:00:06 
TT 550 096.2 -01.8 096.1 005.7 5.99E-05 001.1 267.5 -67.6 0.097333 0.063252 0.020164 hargrave 2021-12-06 18:02:07 
TT 565 095.9 -00.4 095.7 007.1 5.85E-05 001.1 263.7 -67.8 0.098428 0.060921 0.019483 hargrave 2021-12-07 14:22:06 
TT 580 096.1 -00.1 095.9 007.4 5.67E-05 000.9 262.9 -67.5 0.068125 0.061790 0.020231 hargrave 2021-12-08 12:21:48 
TT 600 095.6 -01.3 095.4 006.1 5.42E-05 001.4 266.0 -68.2 0.116317 0.057773 0.022904 hargrave 2021-12-09 09:56:48 
TT 610 093.8 -01.2 093.7 006.1 5.22E-05 000.9 265.4 -69.9 0.072894 0.039800 0.017191 hargrave 2021-12-09 18:31:54 
TT 620 094.6 -00.8 094.4 006.5 5.07E-05 001.0 264.5 -69.1 0.066630 0.059081 0.021657 hargrave 2021-12-10 16:33:42 
TT 630 094.5 -00.6 094.3 006.8 5.02E-05 000.9 263.8 -69.2 0.070771 0.036726 0.018173 hargrave 2021-12-12 13:48:59 
TT 640 093.1 -00.7 092.9 006.6 4.78E-05 001.0 263.7 -70.6 0.076302 0.038435 0.016643 hargrave 2021-12-13 12:17:11 
TT 650 092.1 -00.3 091.9 007.0 4.51E-05 001.4 261.9 -71.5 0.097224 0.045589 0.018437 hargrave 2021-12-14 09:47:29 
TT 655 091.4 002.6 091.0 009.9 4.11E-05 001.1 252.4 -71.5 0.057457 0.047859 0.023013 hargrave 2021-12-14 18:45:37 
TT 660 090.9 001.2 090.6 008.4 3.73E-05 003.2 256.5 -72.4 0.196637 0.068335 0.021344 hargrave 2021-12-15 18:27:12 
TT 665 092.8 005.3 092.3 012.6 3.46E-05 000.8 246.4 -69.3 0.030058 0.041408 0.024288 hargrave 2021-12-16 16:10:56 
TT 670 339.8 085.6 312.0 078.4 3.96E-06 080.7 175.6 003.3 0.073889 0.755205 3.113482 hargrave 2021-12-17 14:45:18 
TT 670 085.6 005.5 084.9 012.3 3.04E-05 000.6 234.3 -75.5 0.029782 0.006951 0.005147 hargrave 2021-12-17 15:28:39 
TT 673 083.5 004.7 082.9 011.4 2.32E-05 001.6 231.4 -77.6 0.046365 0.045486 0.024589 hargrave 2021-12-19 18:15:33 
TT 675 085.3 -01.2 085.1 005.6 2.02E-05 001.3 261.2 -78.4 0.042598 0.022305 0.021591 hargrave 2021-12-20 17:30:11 
TT 679 084.1 -12.0 084.8 -05.2 1.22E-05 000.5 311.8 -76.4 0.007970 0.007436 0.004102 hargrave 2021-12-21 15:53:39 
TT 683 068.7 -03.0 068.7 002.3 6.90E-06 001.6 089.6 -84.9 0.010338 0.016952 0.001688 hargrave 2021-12-22 15:54:53 
TT 687 305.3 -52.7 307.2 -60.6 4.47E-06 007.3 030.2 019.6 0.027268 0.050569 0.004897 hargrave 2021-12-23 14:30:36 
