HF1- 25 mag compass orientation (IGRF corrected)
     87  26.8  62.0 207.0   8.0   1.0
NRM    080.7 014.0 079.2 020.4 5.83E-05 001.9 135.5 -35.3 0.114716 0.152447 0.041121 hargrave 2021-12-01 10:11:20 
TT 150 081.6 010.2 080.5 016.7 5.66E-05 002.9 133.3 -38.8 0.236680 0.169374 0.033760 hargrave 2021-12-01 17:47:10 
TT 300 069.0 -05.8 069.3 -00.5 5.27E-05 010.6 106.9 -39.6 0.922555 0.349534 0.052041 hargrave 2021-12-02 14:01:17 
TT 300 078.8 006.5 077.9 012.8 5.34E-05 005.4 127.4 -39.6 0.431351 0.266769 0.051547 hargrave 2021-12-02 16:12:32 
TT 400 079.9 007.2 079.0 013.6 5.02E-05 001.3 129.1 -39.9 0.077406 0.085121 0.034048 hargrave 2021-12-03 12:02:57 
TT 450 078.0 005.7 077.2 011.9 4.71E-05 002.1 125.9 -39.6 0.148199 0.092982 0.025722 hargrave 2021-12-04 13:23:30 
TT 500 077.9 006.7 077.0 012.8 4.39E-05 001.7 126.7 -38.9 0.119062 0.053622 0.024054 hargrave 2021-12-06 09:37:13 
TT 550 077.1 005.1 076.3 011.2 4.03E-05 002.3 124.5 -39.4 0.146342 0.076185 0.023516 hargrave 2021-12-06 17:39:29 
TT 565 077.8 005.7 077.0 011.9 3.92E-05 005.5 125.8 -39.5 0.323556 0.199550 0.026841 hargrave 2021-12-07 13:59:21 
TT 580 076.4 005.2 075.6 011.2 3.82E-05 003.0 124.0 -38.8 0.180862 0.089082 0.023097 hargrave 2021-12-08 11:58:55 
TT 600 075.1 005.2 074.3 011.1 3.71E-05 001.2 122.9 -37.9 0.066025 0.034033 0.020381 hargrave 2021-12-09 09:34:03 
TT 610 076.1 001.9 075.7 007.9 3.71E-05 001.3 120.6 -40.8 0.074874 0.034143 0.020535 hargrave 2021-12-09 18:09:05 
TT 620 078.0 003.8 077.4 010.0 3.57E-05 001.3 124.1 -41.0 0.072248 0.041322 0.018857 hargrave 2021-12-10 16:10:43 
TT 630 078.9 005.0 078.2 011.3 3.50E-05 003.4 126.1 -40.8 0.173213 0.115165 0.018322 hargrave 2021-12-12 13:26:14 
TT 640 075.4 002.3 074.9 008.2 3.39E-05 001.1 120.3 -40.0 0.054616 0.033856 0.024246 hargrave 2021-12-13 11:53:37 
TT 650 079.3 003.9 078.7 010.2 3.11E-05 001.5 125.4 -41.9 0.062795 0.051978 0.016890 hargrave 2021-12-14 09:24:40 
TT 655 077.4 -00.8 077.2 005.4 2.95E-05 001.6 118.9 -43.5 0.068992 0.044777 0.027333 hargrave 2021-12-14 18:22:44 
TT 660 081.4 006.6 080.6 013.0 2.56E-05 004.5 129.9 -41.4 0.160753 0.120781 0.017441 hargrave 2021-12-15 18:04:21 
TT 665 077.9 004.8 077.2 010.9 2.47E-05 003.4 124.9 -40.2 0.125275 0.083559 0.015466 hargrave 2021-12-16 15:48:03 
TT 670 089.0 008.1 088.3 015.2 1.85E-05 002.1 139.3 -45.0 0.047185 0.050253 0.009314 hargrave 2021-12-17 14:22:23 
TT 673 081.3 006.7 080.4 013.2 1.30E-05 001.8 129.9 -41.2 0.032626 0.028370 0.007805 hargrave 2021-12-19 17:52:49 
TT 675 082.2 009.8 081.1 016.3 7.24E-06 001.8 133.5 -39.5 0.014424 0.018741 0.004105 hargrave 2021-12-20 17:07:25 
TT 679 109.5 -20.8 109.9 -12.8 4.03E-06 000.6 136.1 -80.2 0.003643 0.002448 0.001583 hargrave 2021-12-21 15:34:21 
TT 683 212.4 046.2 220.5 044.9 1.66E-06 005.3 228.7 023.5 0.010540 0.011026 0.003454 hargrave 2021-12-22 15:36:05 
TT 687 263.8 008.4 264.2 001.7 1.80E-06 009.4 295.8 053.2 0.023562 0.019361 0.002328 hargrave 2021-12-23 14:11:41 
