HF1- 32 mag compass orientation (IGRF corrected)
  88.85 330.8  64.0 207.0   8.0   1.0
NRM    093.2 003.7 092.8 011.0 6.98E-05 002.4 231.4 -46.8 0.250860 0.134609 0.060153 hargrave 2021-12-01 10:23:17 
TT 150 091.5 003.0 091.1 010.2 6.95E-05 002.9 230.3 -48.5 0.299791 0.193400 0.050297 hargrave 2021-12-01 17:59:06 
TT 300 090.5 -01.1 090.4 006.0 6.67E-05 001.7 233.8 -52.1 0.163758 0.098865 0.056120 hargrave 2021-12-02 14:14:49 
TT 400 089.2 -01.6 089.1 005.4 6.25E-05 001.2 232.9 -53.4 0.109215 0.077343 0.035586 hargrave 2021-12-03 12:14:57 
TT 450 089.9 -03.6 089.9 003.6 5.83E-05 000.6 236.1 -54.2 0.051289 0.036217 0.031780 hargrave 2021-12-04 13:35:32 
TT 500 088.4 -02.9 088.3 004.1 5.50E-05 001.7 233.5 -54.9 0.131831 0.090854 0.028331 hargrave 2021-12-06 09:49:15 
TT 550 088.2 -02.7 088.2 004.4 4.92E-05 003.0 233.0 -54.8 0.212406 0.151508 0.032807 hargrave 2021-12-06 17:51:25 
TT 565 089.0 -03.3 088.9 003.8 4.76E-05 001.0 234.6 -54.7 0.079786 0.033262 0.032061 hargrave 2021-12-07 14:11:23 
TT 580 089.6 -03.4 089.6 003.7 4.55E-05 003.2 235.6 -54.3 0.213038 0.138307 0.024502 hargrave 2021-12-08 12:10:58 
TT 600 087.5 -02.5 087.4 004.5 4.19E-05 002.2 231.9 -55.2 0.140522 0.071344 0.035011 hargrave 2021-12-09 09:46:02 
TT 610 088.5 -05.7 088.6 001.3 4.03E-05 002.5 237.3 -56.7 0.149048 0.089603 0.020586 hargrave 2021-12-09 18:21:07 
TT 620 088.0 -05.6 088.1 001.4 3.84E-05 001.7 236.6 -57.0 0.099327 0.054775 0.021261 hargrave 2021-12-10 16:22:54 
TT 630 088.0 -06.9 088.2 000.2 3.77E-05 001.9 238.3 -57.8 0.109508 0.063931 0.018324 hargrave 2021-12-12 13:38:13 
TT 640 089.0 -07.1 089.2 -00.0 3.49E-05 004.2 239.8 -57.2 0.230654 0.120005 0.019251 hargrave 2021-12-13 12:05:36 
TT 650 089.3 -08.7 089.6 -01.6 3.21E-05 001.8 242.6 -57.9 0.092100 0.035972 0.017898 hargrave 2021-12-14 09:36:40 
TT 655 086.8 -08.2 087.1 -01.3 3.14E-05 001.7 238.9 -59.6 0.083951 0.044075 0.015630 hargrave 2021-12-14 18:34:45 
TT 660 083.5 -08.3 083.9 -01.6 2.55E-05 002.8 234.7 -62.1 0.100800 0.071140 0.011070 hargrave 2021-12-15 18:16:27 
TT 665 078.0 -06.3 078.3 -00.0 2.22E-05 004.0 222.8 -64.3 0.109283 0.112630 0.009051 hargrave 2021-12-16 16:00:03 
TT 670 083.4 -06.9 083.6 -00.2 2.00E-05 001.1 232.3 -61.2 0.034282 0.017550 0.014632 hargrave 2021-12-17 14:34:30 
TT 673 081.2 -07.8 081.5 -01.3 1.25E-05 001.1 230.4 -63.4 0.016288 0.017070 0.006456 hargrave 2021-12-19 18:04:46 
TT 675 085.4 -02.1 085.3 004.7 7.12E-06 001.6 228.7 -56.4 0.019002 0.008866 0.006003 hargrave 2021-12-20 17:19:24 
TT 679 066.1 -15.5 067.5 -10.4 4.25E-06 001.4 206.1 -78.4 0.008749 0.004988 0.003483 hargrave 2021-12-21 15:44:51 
TT 683 085.6 031.1 082.7 037.8 1.10E-06 001.3 204.1 -28.2 0.002258 0.003280 0.001929 hargrave 2021-12-22 15:45:54 
TT 687 358.6 042.5 352.7 038.4 2.83E-06 003.0 139.3 -00.7 0.007902 0.014090 0.003472 hargrave 2021-12-23 14:21:37 
