HF1- 107 sun compass orientation
 111.79 343.1  47.0 208.5   9.0   1.0
NRM    357.8 -57.7 011.9 -61.3 3.99E-05 001.6 044.5 -42.5 0.085820 0.065416 0.037535 hargrave 2021-12-04 18:38:36 
TT 150 013.1 -57.7 027.6 -59.0 4.26E-05 001.2 046.7 -50.5 0.070003 0.051766 0.032212 hargrave 2021-12-06 13:51:34 
TT 300 024.8 -62.3 041.7 -61.5 4.40E-05 001.5 038.4 -56.1 0.076690 0.080967 0.036109 hargrave 2021-12-07 10:01:31 
TT 400 028.9 -60.5 044.3 -59.2 4.31E-05 003.2 040.9 -58.4 0.155938 0.182514 0.025201 hargrave 2021-12-07 18:35:43 
TT 450 029.0 -60.6 044.5 -59.3 4.16E-05 002.0 040.7 -58.4 0.096632 0.108426 0.024801 hargrave 2021-12-08 16:09:54 
TT 500 031.0 -59.0 045.4 -57.5 4.03E-05 001.9 043.3 -59.8 0.092682 0.092877 0.023809 hargrave 2021-12-09 14:30:25 
TT 550 040.1 -41.9 047.6 -39.5 3.12E-05 023.8 081.1 -65.8 1.370579 0.046776 0.374365 hargrave 2021-12-10 11:45:52 
TT 550 031.8 -64.3 049.4 -62.4 3.74E-05 001.0 033.2 -58.5 0.056942 0.034496 0.029300 hargrave 2021-12-10 13:19:02 
TT 565 026.5 -56.5 039.9 -55.8 3.68E-05 004.7 048.7 -57.8 0.218482 0.212854 0.029572 hargrave 2021-12-11 18:39:07 
TT 580 030.4 -58.5 044.6 -57.1 3.60E-05 002.7 044.5 -59.6 0.133242 0.109608 0.023388 hargrave 2021-12-12 18:17:59 
TT 600 030.2 -61.4 046.1 -59.9 3.53E-05 002.7 038.9 -58.8 0.116464 0.118312 0.022662 hargrave 2021-12-13 16:46:08 
TT 610 041.6 -60.2 055.5 -57.1 3.35E-05 000.9 036.9 -64.4 0.036279 0.035981 0.024798 hargrave 2021-12-14 13:36:03 
TT 620 037.3 -62.9 053.3 -60.3 3.27E-05 002.9 033.7 -61.3 0.115891 0.119742 0.028862 hargrave 2021-12-15 11:47:29 
TT 630 036.6 -60.3 051.2 -57.9 3.18E-05 002.5 039.1 -62.1 0.092948 0.104708 0.024172 hargrave 2021-12-16 12:04:19 
TT 640 042.0 -61.5 056.6 -58.3 3.12E-05 002.3 034.1 -63.9 0.078454 0.097584 0.026686 hargrave 2021-12-17 10:40:36 
TT 650 036.8 -62.1 052.4 -59.6 3.01E-05 002.1 035.5 -61.5 0.072320 0.081042 0.025111 hargrave 2021-12-17 19:06:29 
TT 655 034.3 -61.0 049.5 -58.9 2.93E-05 002.6 038.5 -60.8 0.094061 0.092482 0.027133 hargrave 2021-12-20 13:40:08 
TT 660 042.2 -59.0 055.5 -55.8 2.64E-05 001.5 039.1 -65.2 0.058203 0.029896 0.028124 hargrave 2021-12-21 11:48:28 
TT 665 046.2 -58.0 058.5 -54.3 2.31E-05 000.9 038.7 -67.5 0.027591 0.019023 0.022673 hargrave 2021-12-22 11:57:05 
TT 670 053.9 -62.1 067.0 -57.3 2.25E-05 002.2 024.1 -67.8 0.042957 0.076260 0.023270 hargrave 2021-12-23 11:00:54 
TT 672 041.1 -63.0 056.7 -59.8 1.97E-05 001.7 031.8 -62.8 0.036266 0.046620 0.016677 hargrave 2021-12-23 17:32:42 
TT 675 038.3 -61.6 053.4 -58.9 1.42E-05 001.4 035.7 -62.3 0.018945 0.027425 0.006954 hargrave 2021-12-24 18:17:20 
TT 678 036.8 -63.6 053.3 -61.0 1.21E-05 001.4 032.6 -60.8 0.016329 0.026401 0.003044 hargrave 2021-12-27 11:06:31 
TT 682 017.7 -26.1 022.2 -27.4 4.79E-06 001.3 092.1 -42.3 0.008479 0.008657 0.001796 hargrave 2021-12-28 10:44:58 
TT 685 052.4 -30.2 056.7 -26.2 4.97E-06 001.0 120.9 -69.1 0.006964 0.006274 0.001975 hargrave 2021-12-28 17:55:52 
TT 691 125.0 004.5 125.2 013.4 4.48E-06 001.2 238.7 -23.3 0.007352 0.007476 0.005330 hargrave 2021-12-30 10:59:26 
