HF1- 66 mag compass orientation (IGRF corrected)
   98.3  10.8  60.0 208.5   9.0   1.0
NRM    053.2 002.3 052.6 006.0 4.32E-05 001.4 116.8 -34.3 0.100879 0.030280 0.030931 hargrave 2021-12-04 17:43:41 
TT 150 051.3 -04.9 051.8 -01.4 4.19E-05 001.0 108.3 -37.1 0.057288 0.035679 0.030379 hargrave 2021-12-06 12:57:21 
TT 300 051.1 -09.5 052.2 -06.0 1.88E-05 063.2 103.2 -39.4 0.357674 1.515157 1.279464 hargrave 2021-12-07 09:06:41 
TT 300 049.6 -13.2 051.3 -09.8 3.80E-05 001.3 098.1 -40.0 0.081094 0.027406 0.033683 hargrave 2021-12-07 10:49:50 
TT 400 047.3 -14.1 049.2 -11.1 3.37E-05 002.2 095.7 -38.4 0.123765 0.043538 0.026615 hargrave 2021-12-07 17:38:01 
TT 450 042.6 -19.7 045.5 -17.3 3.05E-05 003.7 086.9 -36.7 0.192214 0.055155 0.025643 hargrave 2021-12-08 15:14:49 
TT 500 038.3 -22.5 041.8 -20.7 2.74E-05 003.7 081.8 -34.1 0.167035 0.062430 0.025041 hargrave 2021-12-09 13:33:58 
TT 550 036.9 -28.3 041.5 -26.6 2.49E-05 002.2 074.6 -34.9 0.088039 0.052456 0.034639 hargrave 2021-12-10 10:49:27 
TT 565 033.9 -25.7 038.1 -24.5 2.43E-05 004.8 076.5 -31.5 0.197345 0.072344 0.025142 hargrave 2021-12-11 17:43:45 
TT 580 032.0 -30.4 037.2 -29.4 2.31E-05 002.3 070.7 -31.5 0.086239 0.056946 0.028788 hargrave 2021-12-12 17:23:14 
TT 600 032.8 -29.2 037.7 -28.1 2.48E-05 001.8 072.2 -31.8 0.072269 0.057601 0.023421 hargrave 2021-12-13 15:51:28 
TT 610 033.3 -28.9 038.1 -27.8 2.40E-05 001.5 072.8 -32.1 0.054869 0.049740 0.026202 hargrave 2021-12-14 12:42:30 
TT 620 032.7 -33.6 038.5 -32.5 2.48E-05 006.7 067.3 -33.1 0.260935 0.137747 0.022924 hargrave 2021-12-15 10:52:18 
TT 630 028.8 -36.8 035.5 -36.2 2.28E-05 003.4 062.6 -30.9 0.123434 0.060343 0.027131 hargrave 2021-12-16 11:10:32 
TT 640 028.1 -32.8 033.9 -32.4 2.28E-05 001.4 066.8 -29.2 0.041591 0.044381 0.029888 hargrave 2021-12-17 09:46:40 
TT 650 024.1 -37.7 031.1 -37.8 1.50E-05 005.7 060.3 -27.6 0.134301 0.069946 0.025801 hargrave 2021-12-17 18:11:54 
TT 655 031.5 -32.5 037.1 -31.6 1.59E-05 005.0 068.2 -31.8 0.131317 0.045554 0.026242 hargrave 2021-12-20 12:43:58 
TT 660 028.8 -32.4 034.5 -31.9 7.14E-06 069.7 067.4 -29.6 0.255784 0.613585 0.377397 hargrave 2021-12-21 11:04:04 
TT 660 027.3 -39.0 034.6 -38.6 1.47E-05 001.6 059.8 -30.4 0.019535 0.050022 0.017372 hargrave 2021-12-21 13:00:48 
TT 665 035.3 -40.5 042.7 -38.9 1.12E-05 001.3 059.7 -36.7 0.021082 0.025276 0.009904 hargrave 2021-12-22 11:10:52 
TT 670 026.3 -39.6 033.7 -39.4 5.29E-06 062.2 058.8 -29.8 0.254819 0.420930 0.281218 hargrave 2021-12-23 10:15:50 
TT 670 025.0 -42.8 033.3 -42.7 1.07E-05 001.2 055.0 -29.7 0.017045 0.037341 0.012336 hargrave 2021-12-23 11:50:50 
TT 672 028.5 -38.0 035.5 -37.5 1.10E-05 002.5 061.1 -31.0 0.044869 0.022952 0.010421 hargrave 2021-12-23 16:48:02 
TT 675 030.2 -37.5 037.0 -36.7 8.17E-06 002.6 062.1 -32.2 0.027426 0.020193 0.025410 hargrave 2021-12-24 17:33:24 
TT 678 026.3 024.7 022.2 024.0 2.27E-06 002.9 118.9 -00.1 0.011132 0.006005 0.004577 hargrave 2021-12-27 10:22:13 
TT 682 112.8 010.7 112.6 019.7 3.55E-06 002.0 197.7 -47.7 0.007971 0.009164 0.003250 hargrave 2021-12-28 10:00:25 
TT 685 047.2 049.1 036.7 051.2 1.99E-06 060.8 148.2 002.4 0.180522 0.111797 0.009114 hargrave 2021-12-28 17:12:23 
TT 685 054.3 052.8 042.5 055.9 3.87E-06 000.7 154.0 002.2 0.006885 0.003749 0.003040 hargrave 2021-12-29 10:37:36 
TT 691 145.8 -09.8 145.4 -01.8 2.38E-06 001.2 254.0 -43.5 0.003679 0.002676 0.002495 hargrave 2021-12-30 10:06:13 
