HF1- 38 mag compass orientation (IGRF corrected)
  89.46 313.8  77.0 207.0   8.0   1.0
NRM    099.2 -02.3 099.1 005.3 7.88E-05 002.0 263.9 -34.2 0.267628 0.062173 0.046657 hargrave 2021-12-01 10:32:35 
TT 150 099.7 -02.9 099.7 004.8 7.80E-05 000.5 264.7 -33.8 0.062350 0.052864 0.053496 hargrave 2021-12-01 18:08:21 
TT 300 101.3 -06.8 101.4 000.9 7.58E-05 001.3 269.7 -33.1 0.167581 0.040635 0.045910 hargrave 2021-12-02 14:24:50 
TT 400 100.4 -01.6 100.4 006.1 7.29E-05 000.5 263.4 -32.8 0.052074 0.043324 0.046493 hargrave 2021-12-03 12:24:18 
TT 450 101.7 -06.7 101.8 001.0 7.04E-05 005.0 269.7 -32.7 0.618276 0.045165 0.045666 hargrave 2021-12-04 13:44:53 
TT 500 101.4 -07.9 101.6 -00.2 6.67E-05 000.8 271.0 -33.2 0.092473 0.045416 0.045149 hargrave 2021-12-06 09:58:36 
TT 550 101.8 -11.2 102.1 -03.5 6.17E-05 003.8 275.0 -33.4 0.409491 0.039789 0.039523 hargrave 2021-12-06 18:00:39 
TT 565 101.9 -09.1 102.0 -01.4 6.02E-05 003.2 272.5 -33.0 0.335466 0.031770 0.035188 hargrave 2021-12-07 14:20:38 
TT 580 101.6 -09.0 101.8 -01.3 5.88E-05 002.0 272.3 -33.2 0.202351 0.053519 0.033976 hargrave 2021-12-08 12:20:18 
TT 600 103.4 -13.2 103.7 -05.4 5.61E-05 002.2 277.6 -32.1 0.215748 0.075499 0.034692 hargrave 2021-12-09 09:55:20 
TT 610 104.1 -12.1 104.3 -04.3 5.26E-05 003.2 276.4 -31.3 0.296344 0.057399 0.037055 hargrave 2021-12-09 18:30:25 
TT 620 101.1 -11.4 101.4 -03.7 5.04E-05 004.7 275.1 -34.1 0.412517 0.055672 0.030256 hargrave 2021-12-10 16:32:13 
TT 630 101.8 -10.4 102.0 -02.7 5.07E-05 000.5 274.0 -33.3 0.037798 0.052632 0.030488 hargrave 2021-12-12 13:47:31 
TT 640 101.8 -10.6 102.0 -02.8 4.97E-05 006.2 274.2 -33.3 0.540115 0.054989 0.039487 hargrave 2021-12-13 12:15:42 
TT 650 101.0 -11.4 101.3 -03.7 4.55E-05 002.9 275.1 -34.2 0.232266 0.042794 0.024949 hargrave 2021-12-14 09:46:00 
TT 655 100.8 -12.8 101.1 -05.1 4.35E-05 006.3 276.7 -34.6 0.475614 0.058990 0.023617 hargrave 2021-12-14 18:44:08 
TT 660 103.3 -16.6 103.7 -08.9 3.97E-05 002.4 281.6 -32.6 0.160123 0.078499 0.023454 hargrave 2021-12-15 18:25:43 
TT 665 101.8 -08.9 102.0 -01.1 3.72E-05 008.4 272.2 -33.0 0.547865 0.032550 0.021278 hargrave 2021-12-16 16:09:26 
TT 670 098.1 -11.3 098.4 -03.8 3.36E-05 003.3 274.5 -37.0 0.190394 0.060668 0.018235 hargrave 2021-12-17 14:43:46 
TT 673 100.4 -19.6 101.0 -11.9 2.92E-05 007.3 285.0 -35.5 0.358344 0.114346 0.022121 hargrave 2021-12-19 18:14:04 
TT 675 103.0 -09.4 103.2 -01.6 2.46E-05 005.6 273.1 -31.9 0.242535 0.033071 0.015842 hargrave 2021-12-20 17:28:42 
TT 679 103.4 -18.0 103.8 -10.2 1.44E-05 001.3 283.2 -32.6 0.031503 0.013356 0.014162 hargrave 2021-12-21 15:52:26 
TT 683 103.4 -04.3 103.4 003.5 1.05E-05 003.5 267.3 -30.6 0.062250 0.022926 0.007946 hargrave 2021-12-22 15:53:36 
TT 687 205.0 -28.7 200.6 -28.1 2.69E-06 003.0 336.6 044.5 0.009336 0.011014 0.003357 hargrave 2021-12-23 14:29:23 
