HF1- 36 mag compass orientation (IGRF corrected)
  89.38 327.8  48.0 208.5   9.0   1.0
NRM    095.1 -02.1 095.0 006.2 1.13E-04 001.8 230.2 -38.0 0.276876 0.223336 0.070793 hargrave 2021-12-01 10:29:29 
TT 150 096.1 -04.1 096.1 004.2 1.13E-04 000.9 232.7 -39.0 0.140161 0.072382 0.098426 hargrave 2021-12-01 18:05:16 
TT 300 093.3 -03.4 093.3 004.7 1.10E-04 002.9 229.2 -40.1 0.399092 0.382911 0.092881 hargrave 2021-12-02 14:21:45 
TT 400 095.4 -05.5 095.5 002.8 1.06E-04 002.6 233.1 -40.6 0.400939 0.268071 0.086374 hargrave 2021-12-03 12:21:11 
TT 450 094.7 -05.4 094.8 002.8 1.02E-04 002.4 232.2 -40.9 0.347265 0.226126 0.088312 hargrave 2021-12-04 13:41:46 
TT 500 094.4 -05.3 094.5 002.9 9.89E-05 001.1 231.8 -41.0 0.150530 0.114187 0.076582 hargrave 2021-12-06 09:55:29 
TT 550 095.6 -06.7 095.8 001.6 9.39E-05 001.1 234.2 -41.4 0.127106 0.103535 0.075166 hargrave 2021-12-06 17:57:35 
TT 565 093.4 -05.2 093.5 003.0 9.22E-05 002.2 230.7 -41.5 0.278877 0.212758 0.075326 hargrave 2021-12-07 14:17:33 
TT 580 094.8 -05.8 094.9 002.4 8.90E-05 002.3 232.7 -41.2 0.285110 0.220722 0.073814 hargrave 2021-12-08 12:17:11 
TT 600 094.4 -06.0 094.5 002.2 8.54E-05 001.8 232.4 -41.6 0.201981 0.157169 0.069361 hargrave 2021-12-09 09:52:14 
TT 610 094.5 -05.7 094.6 002.5 8.34E-05 000.8 232.3 -41.2 0.086201 0.058710 0.069741 hargrave 2021-12-09 18:27:19 
TT 620 093.4 -05.0 093.5 003.2 8.02E-05 002.0 230.5 -41.3 0.207837 0.185936 0.051395 hargrave 2021-12-10 16:29:07 
TT 630 093.7 -04.5 093.7 003.7 8.03E-05 000.9 230.5 -40.7 0.101916 0.069055 0.063982 hargrave 2021-12-12 13:44:25 
TT 640 097.9 -07.7 098.1 000.7 7.75E-05 000.8 237.4 -40.8 0.085219 0.066251 0.055052 hargrave 2021-12-13 12:11:48 
TT 650 096.5 -07.9 096.7 000.5 7.42E-05 000.7 236.1 -41.8 0.081318 0.052435 0.052729 hargrave 2021-12-14 09:42:52 
TT 655 093.0 -06.4 093.2 001.7 7.04E-05 004.0 231.2 -42.7 0.397475 0.297079 0.067417 hargrave 2021-12-14 18:41:01 
TT 660 095.7 -07.2 095.9 001.1 6.55E-05 004.1 234.7 -41.7 0.388725 0.274303 0.055494 hargrave 2021-12-15 18:22:37 
TT 665 094.7 -07.4 094.9 000.8 6.37E-05 001.3 233.8 -42.5 0.115716 0.092255 0.042636 hargrave 2021-12-16 16:06:16 
TT 670 096.8 -08.5 097.1 -00.1 6.12E-05 001.7 237.0 -42.1 0.156857 0.103117 0.041125 hargrave 2021-12-17 14:40:40 
TT 673 096.2 -07.2 096.4 001.1 5.24E-05 004.1 235.3 -41.4 0.318575 0.202932 0.032415 hargrave 2021-12-19 18:10:58 
TT 675 096.4 -08.9 096.7 -00.6 4.75E-05 003.2 236.9 -42.7 0.222283 0.148068 0.032230 hargrave 2021-12-20 17:25:36 
TT 679 095.6 -06.7 095.8 001.6 2.65E-05 002.3 234.3 -41.4 0.087195 0.052168 0.025754 hargrave 2021-12-21 15:49:56 
TT 683 093.8 -06.1 093.9 002.1 1.59E-05 001.8 231.8 -42.0 0.032419 0.041079 0.011989 hargrave 2021-12-22 15:51:02 
TT 687 074.6 022.2 071.6 028.5 2.55E-06 002.3 197.0 -24.0 0.011245 0.007542 0.003730 hargrave 2021-12-23 14:26:48 
