HF1- 49 mag compass orientation (IGRF corrected)
  91.88  18.8  36.0 208.5   9.0   1.0
NRM    059.2 -69.6 075.6 -63.9 7.19E-06 003.3 035.9 -63.0 0.034143 0.026037 0.003268 hargrave 2021-12-01 10:52:37 
TT 150 082.8 -71.8 094.0 -64.0 9.34E-06 002.7 022.5 -69.0 0.036688 0.025768 0.003662 hargrave 2021-12-01 18:28:18 
TT 300 111.7 -73.0 114.0 -64.0 1.01E-05 002.5 357.4 -71.0 0.036611 0.026047 0.005237 hargrave 2021-12-02 14:44:48 
TT 400 106.4 -75.8 111.0 -66.9 9.52E-06 002.6 001.6 -68.2 0.034738 0.027817 0.006221 hargrave 2021-12-03 12:43:35 
TT 450 123.4 -72.5 121.8 -63.5 9.41E-06 002.8 346.9 -70.5 0.036950 0.029161 0.004074 hargrave 2021-12-04 14:04:10 
TT 500 137.0 -72.2 131.1 -63.5 1.00E-05 002.6 337.2 -68.2 0.038173 0.024512 0.005172 hargrave 2021-12-06 10:17:55 
TT 550 142.7 -75.9 133.6 -67.4 9.82E-06 002.7 341.6 -64.6 0.040672 0.026375 0.004890 hargrave 2021-12-06 18:19:41 
TT 565 159.4 -75.0 144.7 -67.4 8.82E-06 002.9 335.3 -61.4 0.039626 0.025086 0.004570 hargrave 2021-12-07 14:39:49 
TT 580 170.6 -67.3 157.3 -60.9 8.95E-06 003.0 319.2 -58.6 0.041197 0.024917 0.004594 hargrave 2021-12-08 12:39:35 
TT 600 183.4 -70.6 164.9 -65.4 5.75E-06 004.6 326.5 -54.6 0.039542 0.028635 0.004896 hargrave 2021-12-09 10:14:39 
TT 610 195.6 -60.0 181.7 -56.9 5.50E-06 004.7 314.2 -45.8 0.040465 0.025084 0.005706 hargrave 2021-12-09 18:49:41 
TT 620 209.3 -62.8 192.3 -61.6 5.40E-06 004.7 322.7 -42.1 0.040764 0.026663 0.005678 hargrave 2021-12-10 16:51:28 
TT 630 226.8 -68.1 203.7 -69.2 5.60E-06 004.2 334.4 -40.4 0.038702 0.025285 0.005234 hargrave 2021-12-12 14:06:45 
TT 640 293.8 -67.9 290.7 -76.9 4.90E-06 004.7 002.2 -32.0 0.036300 0.033353 0.005141 hargrave 2021-12-13 12:35:52 
TT 650 298.6 -59.7 298.6 -68.7 5.59E-06 004.0 005.4 -24.0 0.037061 0.035084 0.007838 hargrave 2021-12-14 10:05:13 
TT 655 294.8 -50.9 293.8 -59.9 2.64E-06 005.5 003.9 -15.0 0.033718 0.023027 0.004661 hargrave 2021-12-14 19:03:22 
TT 660 237.7 -46.1 228.6 -49.9 4.10E-06 001.8 325.2 -19.1 0.011028 0.010183 0.006231 hargrave 2021-12-15 18:44:56 
TT 665 257.7 -48.3 249.7 -54.7 3.90E-06 002.3 339.1 -15.6 0.009891 0.013950 0.005164 hargrave 2021-12-16 16:28:46 
TT 670 305.3 -64.6 308.8 -73.5 2.90E-06 001.8 008.0 -29.3 0.007134 0.007730 0.002699 hargrave 2021-12-17 15:03:04 
TT 673 345.8 046.6 339.8 040.1 2.18E-06 003.9 102.2 053.9 0.010607 0.011335 0.001145 hargrave 2021-12-19 18:33:26 
TT 675 243.7 -24.9 239.8 -29.8 2.71E-06 001.5 320.0 002.0 0.005937 0.007552 0.002205 hargrave 2021-12-20 17:48:07 
TT 679 225.8 -03.4 225.1 -06.0 2.13E-06 000.8 294.3 012.6 0.002568 0.002305 0.002124 hargrave 2021-12-21 16:08:24 
TT 683 116.4 -21.9 116.5 -12.9 2.34E-06 003.4 193.1 -57.4 0.007496 0.012391 0.003201 hargrave 2021-12-22 16:09:42 
TT 687 132.4 -27.9 131.5 -19.1 1.98E-06 001.2 223.0 -58.7 0.002915 0.002777 0.002089 hargrave 2021-12-23 14:45:35 
