HF1- 3 mag compass orientation (IGRF corrected)
  80.24 269.8  71.0 207.0   8.0   1.0
NRM    061.5 -37.2 066.0 -32.4 9.00E-05 000.8 302.6 -33.6 0.113573 0.060760 0.065618 hargrave 2021-12-01 09:37:32 
TT 150 061.7 -35.1 065.8 -30.3 9.21E-05 000.4 300.1 -33.5 0.061896 0.083330 0.064311 hargrave 2021-12-01 17:13:21 
TT 300 060.7 -34.2 064.7 -29.5 9.24E-05 001.5 299.0 -34.3 0.204557 0.125868 0.066668 hargrave 2021-12-02 13:28:25 
TT 400 059.7 -38.9 064.6 -34.3 8.85E-05 002.7 304.7 -35.0 0.343078 0.246670 0.059273 hargrave 2021-12-03 11:29:00 
TT 450 059.6 -38.6 064.4 -34.0 8.46E-05 000.8 304.4 -35.1 0.105901 0.069421 0.057677 hargrave 2021-12-04 12:50:22 
TT 500 059.1 -39.6 064.1 -35.0 8.17E-05 000.8 305.6 -35.4 0.112571 0.069966 0.056850 hargrave 2021-12-06 09:04:02 
TT 550 058.9 -41.4 064.3 -36.8 7.74E-05 001.6 307.8 -35.4 0.169673 0.128704 0.054174 hargrave 2021-12-06 17:06:32 
TT 565 059.0 -41.1 064.3 -36.6 7.49E-05 001.0 307.5 -35.4 0.099857 0.089493 0.053130 hargrave 2021-12-07 13:26:13 
TT 580 058.3 -40.7 063.6 -36.2 7.24E-05 001.2 307.0 -35.9 0.123316 0.108440 0.050018 hargrave 2021-12-08 11:24:56 
TT 600 058.2 -42.4 063.8 -37.9 6.95E-05 001.7 309.1 -35.8 0.156353 0.144077 0.045071 hargrave 2021-12-09 09:00:12 
TT 610 058.3 -39.1 063.3 -34.7 6.84E-05 000.6 305.1 -36.1 0.062571 0.055382 0.045562 hargrave 2021-12-09 17:36:00 
TT 620 056.1 -39.1 061.2 -34.9 6.67E-05 001.0 305.3 -37.8 0.092054 0.068720 0.050488 hargrave 2021-12-10 15:37:11 
TT 630 055.3 -38.9 060.5 -34.8 6.60E-05 002.3 305.1 -38.4 0.210355 0.161984 0.048486 hargrave 2021-12-12 12:52:21 
TT 640 054.8 -40.7 060.3 -36.6 6.49E-05 000.8 307.4 -38.6 0.079301 0.062664 0.047934 hargrave 2021-12-13 11:18:58 
TT 650 054.8 -43.3 060.8 -39.2 6.33E-05 001.0 310.7 -38.2 0.103390 0.064893 0.041762 hargrave 2021-12-14 08:51:35 
TT 655 052.2 -44.4 058.6 -40.5 6.14E-05 000.7 312.5 -39.8 0.079518 0.034279 0.043625 hargrave 2021-12-14 17:49:44 
TT 660 053.8 -46.5 060.6 -42.4 4.61E-05 000.8 314.8 -38.2 0.061466 0.048744 0.034329 hargrave 2021-12-15 17:31:14 
TT 665 049.9 -47.9 057.4 -44.3 4.17E-05 001.8 317.5 -40.4 0.098506 0.097020 0.031394 hargrave 2021-12-16 15:14:05 
TT 670 048.9 -42.0 055.0 -38.6 3.89E-05 001.1 310.2 -42.7 0.058135 0.059749 0.027286 hargrave 2021-12-17 13:50:05 
TT 673 054.2 -43.2 060.3 -39.2 1.97E-05 001.8 310.7 -38.6 0.042974 0.050487 0.017260 hargrave 2021-12-19 17:19:51 
TT 675 042.9 -23.1 046.0 -20.7 8.76E-06 001.1 283.6 -49.7 0.011940 0.011651 0.008457 hargrave 2021-12-20 16:35:15 
TT 679 304.2 -59.4 306.5 -67.4 3.86E-06 000.7 030.2 -33.5 0.005203 0.005444 0.003690 hargrave 2021-12-21 15:07:51 
TT 683 048.3 063.3 032.1 065.1 4.68E-06 001.7 199.7 000.5 0.008901 0.012092 0.010401 hargrave 2021-12-22 15:09:30 
TT 687 340.2 059.1 332.7 052.9 3.86E-06 001.5 169.9 -10.3 0.006198 0.008191 0.005257 hargrave 2021-12-23 13:45:09 
