HF1- 42 mag compass orientation (IGRF corrected)
  89.63   1.8  85.0 207.0   8.0   1.0
NRM    092.1 000.5 091.9 007.7 5.98E-05 001.0 183.6 -84.5 0.103695 0.017015 0.010786 hargrave 2021-12-01 10:40:13 
TT 150 093.3 000.2 093.1 007.5 6.01E-05 001.4 196.2 -84.6 0.136383 0.044079 0.018228 hargrave 2021-12-01 18:15:57 
TT 300 092.7 000.1 092.5 007.4 5.98E-05 002.0 189.9 -84.8 0.206207 0.046269 0.027194 hargrave 2021-12-02 14:32:27 
TT 400 093.2 001.9 092.9 009.2 5.84E-05 001.3 191.8 -83.0 0.128616 0.032761 0.015617 hargrave 2021-12-03 12:31:58 
TT 450 093.6 001.8 093.3 009.1 5.79E-05 001.7 195.0 -83.0 0.160255 0.042603 0.022705 hargrave 2021-12-04 13:52:34 
TT 500 093.6 001.5 093.3 008.8 5.75E-05 001.6 195.2 -83.3 0.153006 0.041790 0.020494 hargrave 2021-12-06 10:06:17 
TT 550 095.3 001.5 095.0 009.0 5.29E-05 001.4 208.1 -82.6 0.122867 0.026212 0.015375 hargrave 2021-12-06 18:08:13 
TT 565 096.3 001.8 096.0 009.2 5.16E-05 001.5 213.6 -81.9 0.134976 0.028222 0.019308 hargrave 2021-12-07 14:28:15 
TT 580 096.6 001.7 096.3 009.1 5.07E-05 001.5 215.9 -81.8 0.129916 0.018964 0.013870 hargrave 2021-12-08 12:27:58 
TT 600 097.6 001.7 097.4 009.3 4.73E-05 001.5 221.0 -81.1 0.123327 0.013561 0.016883 hargrave 2021-12-09 10:02:57 
TT 610 098.1 001.6 097.8 009.1 4.39E-05 001.0 223.8 -80.9 0.061105 0.041905 0.009341 hargrave 2021-12-09 18:38:05 
TT 620 098.4 002.1 098.1 009.7 4.20E-05 001.2 222.9 -80.3 0.080498 0.035255 0.012826 hargrave 2021-12-10 16:39:51 
TT 630 096.7 001.6 096.4 009.1 4.16E-05 001.9 216.8 -81.8 0.132145 0.036116 0.014549 hargrave 2021-12-12 13:55:09 
TT 640 097.1 001.1 096.9 008.6 4.08E-05 001.0 221.3 -81.9 0.063354 0.028092 0.011027 hargrave 2021-12-13 12:23:23 
TT 650 093.4 002.9 093.0 010.3 3.55E-05 000.9 191.4 -81.9 0.036220 0.043800 0.008253 hargrave 2021-12-14 09:53:39 
TT 655 096.9 003.0 096.5 010.5 3.54E-05 001.1 212.3 -80.5 0.050965 0.048057 0.008445 hargrave 2021-12-14 18:51:47 
TT 660 097.3 004.6 096.9 012.1 2.74E-05 000.8 210.0 -78.9 0.017906 0.034745 0.006370 hargrave 2021-12-15 18:33:22 
TT 665 095.1 002.6 094.8 010.0 2.54E-05 000.8 203.4 -81.7 0.034316 0.007104 0.005066 hargrave 2021-12-16 16:17:07 
TT 670 101.9 002.5 101.7 010.2 2.06E-05 000.6 233.7 -77.4 0.013651 0.017592 0.007129 hargrave 2021-12-17 14:51:27 
TT 673 101.6 004.1 101.3 011.8 1.66E-05 001.2 227.4 -76.6 0.032565 0.010844 0.006545 hargrave 2021-12-19 18:21:42 
TT 675 103.1 004.9 102.8 012.7 1.20E-05 001.3 228.8 -75.0 0.023805 0.012821 0.002430 hargrave 2021-12-20 17:36:24 
TT 679 091.2 -20.3 092.2 -13.1 5.80E-06 001.0 002.3 -74.7 0.004874 0.008533 0.008531 hargrave 2021-12-21 15:58:48 
TT 683 110.8 -17.5 111.0 -09.5 1.94E-06 000.9 305.4 -67.6 0.001736 0.002571 0.001809 hargrave 2021-12-22 16:00:03 
TT 687 040.4 045.6 032.2 046.9 4.63E-06 001.3 143.9 -21.9 0.009957 0.008201 0.005582 hargrave 2021-12-23 14:35:49 
