HF1- 72 mag compass orientation (IGRF corrected)
     99 346.8  44.0 207.0   8.0   1.0
NRM    063.6 007.8 062.4 012.5 3.34E-05 001.7 164.0 -34.9 0.038441 0.066689 0.074815 hargrave 2021-12-04 17:51:58 
TT 150 063.8 002.8 063.2 007.5 3.29E-05 002.0 163.0 -39.9 0.031290 0.098170 0.067139 hargrave 2021-12-06 13:04:52 
TT 300 058.4 -00.3 058.2 003.9 3.17E-05 001.4 155.1 -41.5 0.036243 0.056980 0.056310 hargrave 2021-12-07 09:14:15 
TT 400 058.2 -00.8 058.0 003.4 2.93E-05 001.9 154.6 -41.9 0.036376 0.074720 0.063622 hargrave 2021-12-07 17:46:19 
TT 450 056.9 -00.2 056.7 003.8 2.78E-05 002.4 153.2 -41.0 0.052961 0.095980 0.060752 hargrave 2021-12-08 15:23:09 
TT 500 056.9 000.5 056.6 004.5 2.64E-05 003.6 153.5 -40.3 0.071036 0.145560 0.059485 hargrave 2021-12-09 13:42:25 
TT 550 054.7 001.9 054.3 005.6 2.52E-05 002.6 151.4 -38.3 0.063320 0.097186 0.040963 hargrave 2021-12-10 10:57:47 
TT 565 050.7 001.4 050.4 004.6 2.59E-05 001.7 146.5 -37.3 0.043262 0.051453 0.051349 hargrave 2021-12-11 17:51:20 
TT 580 057.2 004.7 056.4 008.7 2.43E-05 002.9 155.5 -36.4 0.041268 0.103707 0.059148 hargrave 2021-12-12 17:30:50 
TT 600 047.1 001.8 046.7 004.5 2.44E-05 001.7 142.5 -35.5 0.041227 0.055039 0.044865 hargrave 2021-12-13 15:59:11 
TT 610 053.7 -00.2 053.5 003.4 2.32E-05 003.0 149.2 -39.9 0.062118 0.100169 0.054898 hargrave 2021-12-14 12:50:02 
TT 620 048.2 001.2 047.9 004.1 2.20E-05 002.0 143.5 -36.5 0.053416 0.059353 0.025789 hargrave 2021-12-15 10:59:41 
TT 630 057.2 003.4 056.5 007.4 2.06E-05 005.4 155.0 -37.6 0.073046 0.179274 0.033976 hargrave 2021-12-16 11:18:06 
TT 640 054.2 001.3 053.8 004.9 2.09E-05 004.6 150.5 -38.7 0.070350 0.151182 0.030845 hargrave 2021-12-17 09:54:12 
TT 650 052.1 007.9 050.9 011.2 2.03E-05 005.8 150.9 -31.8 0.093083 0.183856 0.036991 hargrave 2021-12-17 18:20:16 
TT 655 049.9 005.5 049.0 008.6 2.09E-05 005.0 147.4 -33.2 0.106759 0.150955 0.031995 hargrave 2021-12-20 12:52:16 
TT 660 048.6 006.1 047.6 009.0 2.20E-05 002.7 146.3 -32.2 0.041100 0.096743 0.027490 hargrave 2021-12-21 11:10:16 
TT 665 051.2 006.8 050.1 010.0 2.20E-05 003.8 149.4 -32.5 0.057721 0.138015 0.055600 hargrave 2021-12-22 11:17:45 
TT 670 057.6 003.7 056.9 007.7 2.23E-05 005.2 155.6 -37.5 0.053968 0.190942 0.053823 hargrave 2021-12-23 10:22:04 
TT 672 050.6 002.1 050.1 005.3 2.47E-05 002.2 146.6 -36.6 0.032813 0.072430 0.061351 hargrave 2021-12-23 16:54:06 
TT 675 054.0 -06.2 054.6 -02.5 1.73E-05 001.3 146.6 -45.6 0.027122 0.017118 0.026893 hargrave 2021-12-24 17:39:34 
TT 678 072.8 -07.8 073.3 -02.0 1.30E-05 001.9 173.6 -51.6 0.025777 0.029863 0.019546 hargrave 2021-12-27 10:28:25 
TT 682 071.9 -13.7 073.0 -08.0 5.97E-06 002.8 171.2 -57.4 0.009606 0.027241 0.008579 hargrave 2021-12-28 10:06:37 
TT 685 042.9 013.8 040.8 015.9 4.57E-06 002.6 144.0 -22.8 0.008921 0.016694 0.009443 hargrave 2021-12-28 17:18:26 
TT 691 112.7 006.3 112.6 014.3 2.60E-06 007.6 221.7 -28.7 0.023044 0.026335 0.003443 hargrave 2021-12-30 10:13:41 
