HF1- 26 mag compass orientation (IGRF corrected)
   87.7 277.8  58.0 207.0   8.0   1.0
NRM    077.3 017.2 075.3 023.3 5.04E-05 001.7 244.4 -07.3 0.139381 0.058037 0.053700 hargrave 2021-12-01 10:12:51 
TT 150 074.3 013.9 072.6 019.7 4.70E-05 004.9 245.3 -11.6 0.366136 0.172269 0.055070 hargrave 2021-12-01 17:48:41 
TT 300 078.2 001.7 077.7 007.9 4.24E-05 004.7 257.8 -15.6 0.335462 0.095033 0.043498 hargrave 2021-12-02 14:03:36 
TT 400 071.7 005.6 070.9 011.2 3.87E-05 002.1 250.6 -18.6 0.133759 0.033938 0.045533 hargrave 2021-12-03 12:04:28 
TT 450 070.3 006.1 069.4 011.5 3.49E-05 007.8 249.3 -19.5 0.445880 0.160686 0.046574 hargrave 2021-12-04 13:25:01 
TT 500 073.6 -00.5 073.4 005.3 3.29E-05 001.9 257.1 -20.6 0.103025 0.017417 0.035189 hargrave 2021-12-06 09:38:44 
TT 550 069.6 002.1 069.1 007.5 3.04E-05 001.3 252.3 -22.4 0.062002 0.018596 0.039263 hargrave 2021-12-06 17:41:00 
TT 565 069.9 001.5 069.5 006.9 2.86E-05 001.6 253.0 -22.5 0.072582 0.029818 0.033285 hargrave 2021-12-07 14:00:52 
TT 580 063.7 002.4 063.2 007.2 2.73E-05 001.3 248.1 -26.9 0.058406 0.027427 0.029027 hargrave 2021-12-08 12:00:26 
TT 600 066.0 -03.4 066.1 001.7 2.59E-05 002.6 254.9 -28.5 0.110941 0.038684 0.035913 hargrave 2021-12-09 09:35:33 
TT 610 064.1 000.7 063.7 005.5 2.50E-05 001.3 249.9 -27.7 0.056709 0.028324 0.027964 hargrave 2021-12-09 18:10:36 
TT 620 063.9 -01.0 063.8 003.8 2.31E-05 004.3 251.3 -28.8 0.159861 0.067417 0.028821 hargrave 2021-12-10 16:12:18 
TT 630 058.8 -03.8 059.0 000.4 2.28E-05 004.5 250.4 -34.6 0.165432 0.075293 0.021606 hargrave 2021-12-12 13:27:46 
TT 640 055.0 -00.5 054.9 003.2 2.19E-05 004.3 244.4 -35.5 0.151978 0.063370 0.025915 hargrave 2021-12-13 11:55:08 
TT 650 060.6 -03.1 060.7 001.3 1.93E-05 002.1 251.0 -32.7 0.063006 0.030660 0.024883 hargrave 2021-12-14 09:26:11 
TT 655 058.5 -00.2 058.3 003.9 1.87E-05 002.1 246.8 -32.6 0.065213 0.030373 0.019992 hargrave 2021-12-14 18:24:15 
TT 660 062.0 001.9 061.5 006.4 1.85E-05 002.3 247.4 -28.6 0.069069 0.034127 0.022006 hargrave 2021-12-15 18:05:51 
TT 665 060.9 007.5 059.7 011.9 1.64E-05 002.7 241.7 -25.8 0.067482 0.037491 0.026787 hargrave 2021-12-16 15:49:34 
TT 670 060.1 007.4 059.0 011.7 1.24E-05 001.4 241.3 -26.5 0.024097 0.023662 0.022262 hargrave 2021-12-17 14:23:57 
TT 673 064.3 007.9 063.1 012.7 8.16E-06 003.4 243.8 -23.0 0.046392 0.017861 0.008100 hargrave 2021-12-19 17:54:20 
TT 675 053.3 001.3 052.9 004.8 6.30E-06 003.9 241.3 -35.6 0.039075 0.018286 0.008485 hargrave 2021-12-20 17:08:56 
TT 679 338.9 013.5 337.9 007.5 2.07E-06 004.6 144.1 -36.7 0.012277 0.011677 0.002546 hargrave 2021-12-21 15:35:37 
TT 683 320.0 014.3 319.4 006.9 2.59E-06 005.2 127.7 -24.9 0.016674 0.016887 0.006344 hargrave 2021-12-22 15:37:21 
TT 687 325.4 -18.6 327.0 -25.5 1.15E-06 002.3 099.0 -49.7 0.002413 0.006272 0.001947 hargrave 2021-12-23 14:12:58 
