HF1- 102 sun compass orientation
  111.4 335.2  52.0 208.5   9.0   1.0
NRM    062.4 -33.2 066.7 -27.9 2.58E-05 001.5 153.7 -84.7 0.042048 0.052312 0.005584 hargrave 2021-12-04 18:32:26 
TT 150 062.0 -39.0 067.4 -33.7 2.70E-05 001.3 067.4 -87.3 0.044013 0.044366 0.008296 hargrave 2021-12-06 13:45:23 
TT 300 058.5 -48.7 066.3 -43.7 2.77E-05 001.2 022.2 -78.3 0.042506 0.037091 0.011647 hargrave 2021-12-07 09:55:15 
TT 400 050.8 -52.5 060.5 -48.4 1.38E-05 070.2 030.1 -72.4 0.387148 0.224402 1.411791 hargrave 2021-12-07 18:29:33 
TT 400 057.7 -53.3 066.9 -48.3 2.75E-05 000.4 016.3 -73.8 0.019659 0.008102 0.023416 hargrave 2021-12-08 09:13:04 
TT 450 051.8 -53.7 061.8 -49.4 2.68E-05 000.6 026.0 -71.8 0.017600 0.018358 0.015679 hargrave 2021-12-08 16:03:42 
TT 500 052.7 -57.3 063.9 -52.8 2.57E-05 000.9 019.1 -69.0 0.019838 0.032366 0.016790 hargrave 2021-12-09 14:24:12 
TT 550 052.2 -56.9 063.3 -52.5 2.44E-05 001.3 020.3 -69.2 0.016963 0.051176 0.017688 hargrave 2021-12-10 11:39:35 
TT 565 051.9 -56.9 063.1 -52.5 2.31E-05 000.7 020.7 -69.2 0.022147 0.015432 0.012756 hargrave 2021-12-11 18:32:52 
TT 580 053.3 -56.0 063.9 -51.5 2.24E-05 001.4 019.9 -70.3 0.026140 0.044450 0.015614 hargrave 2021-12-12 18:11:48 
TT 600 047.2 -59.4 060.0 -55.5 2.00E-05 002.2 022.5 -65.7 0.056016 0.046364 0.024685 hargrave 2021-12-13 16:39:55 
TT 610 046.5 -57.3 058.5 -53.6 1.84E-05 001.0 026.4 -67.1 0.018150 0.022825 0.015115 hargrave 2021-12-14 13:29:49 
TT 620 048.4 -58.6 060.7 -54.6 1.78E-05 001.3 022.3 -66.7 0.030352 0.023660 0.016870 hargrave 2021-12-15 11:40:58 
TT 630 044.2 -55.0 055.5 -51.7 1.77E-05 000.7 033.1 -67.9 0.013587 0.016221 0.011175 hargrave 2021-12-16 11:58:05 
TT 640 037.6 -53.8 049.0 -51.5 1.76E-05 001.1 041.0 -65.4 0.028213 0.021273 0.008664 hargrave 2021-12-17 10:34:21 
TT 650 045.7 -56.7 057.5 -53.1 1.66E-05 001.0 028.4 -67.3 0.022551 0.014862 0.012262 hargrave 2021-12-17 19:00:17 
TT 655 041.5 -53.6 052.5 -50.7 1.65E-05 001.2 038.6 -67.5 0.029570 0.011867 0.012949 hargrave 2021-12-20 13:33:57 
TT 660 036.5 -56.8 049.3 -54.5 1.58E-05 000.9 035.8 -63.3 0.019912 0.018623 0.014239 hargrave 2021-12-21 11:43:23 
TT 665 038.1 -55.3 050.1 -52.9 1.48E-05 001.3 037.6 -64.9 0.019102 0.022941 0.015887 hargrave 2021-12-22 11:51:55 
TT 670 040.7 -57.4 053.4 -54.5 1.45E-05 001.9 031.6 -64.8 0.038753 0.027312 0.011330 hargrave 2021-12-23 10:55:50 
TT 672 032.1 -57.8 045.8 -56.2 1.44E-05 001.4 036.6 -60.8 0.025607 0.020661 0.018901 hargrave 2021-12-23 17:27:32 
TT 675 038.4 -55.0 050.3 -52.5 1.45E-05 001.6 038.0 -65.2 0.033306 0.020179 0.016821 hargrave 2021-12-24 18:12:19 
TT 678 034.5 -62.5 050.6 -60.3 6.80E-06 002.8 027.4 -59.2 0.022311 0.024283 0.007886 hargrave 2021-12-27 11:01:23 
TT 682 020.8 -74.1 051.3 -72.9 4.63E-06 002.6 016.8 -48.3 0.018419 0.010104 0.006616 hargrave 2021-12-28 10:39:43 
TT 685 326.8 037.3 324.1 029.3 1.75E-06 003.9 117.3 027.7 0.009407 0.005961 0.005392 hargrave 2021-12-28 17:50:46 
TT 691 047.4 -34.9 052.9 -31.6 2.97E-06 001.0 096.7 -75.4 0.005073 0.001609 0.001121 hargrave 2021-12-30 10:53:17 
