HF1- 114 mag compass orientation (IGRF corrected)
  113.5 240.8  30.0 208.5   9.0   1.0
NRM    301.9 027.5 301.7 018.5 7.23E-05 001.1 154.6 000.7 0.052584 0.093897 0.104819 hargrave 2021-12-04 18:51:15 
TT 150 297.0 023.4 297.1 014.4 6.90E-05 001.4 149.3 -02.1 0.078823 0.132136 0.078511 hargrave 2021-12-06 14:04:16 
TT 300 297.7 022.4 297.7 013.4 6.82E-05 003.6 149.6 -03.3 0.199967 0.375409 0.070517 hargrave 2021-12-07 10:14:18 
TT 400 293.5 020.1 293.7 011.1 6.68E-05 001.1 145.2 -04.4 0.068095 0.092617 0.083889 hargrave 2021-12-07 18:49:14 
TT 450 298.5 022.1 298.5 013.1 6.53E-05 003.4 150.2 -03.8 0.192522 0.324677 0.084496 hargrave 2021-12-08 16:22:36 
TT 500 292.1 021.0 292.4 012.1 6.30E-05 003.1 144.2 -03.1 0.181977 0.278712 0.076773 hargrave 2021-12-09 14:43:11 
TT 550 295.8 022.4 295.9 013.4 6.02E-05 001.7 147.9 -02.8 0.067231 0.150836 0.080047 hargrave 2021-12-10 11:58:34 
TT 565 299.4 023.0 299.4 014.0 6.05E-05 002.3 151.3 -03.1 0.118580 0.204534 0.068571 hargrave 2021-12-11 18:51:57 
TT 580 293.4 021.4 293.6 012.4 5.90E-05 001.4 145.5 -03.1 0.053268 0.137151 0.056005 hargrave 2021-12-12 18:30:44 
TT 600 288.4 020.2 288.8 011.3 5.70E-05 004.5 140.7 -02.7 0.273287 0.352727 0.074718 hargrave 2021-12-13 16:58:56 
TT 610 295.5 022.2 295.6 013.2 5.52E-05 001.8 147.6 -02.9 0.056870 0.156827 0.068720 hargrave 2021-12-14 13:48:45 
TT 620 293.4 020.4 293.6 011.4 5.52E-05 007.7 145.2 -04.0 0.422456 0.613506 0.081739 hargrave 2021-12-15 12:00:37 
TT 630 290.9 019.8 291.2 010.9 5.48E-05 003.1 142.8 -03.9 0.170615 0.239434 0.066470 hargrave 2021-12-16 12:17:07 
TT 640 293.6 020.2 293.8 011.2 5.61E-05 005.6 145.3 -04.3 0.305613 0.452615 0.069077 hargrave 2021-12-17 10:53:22 
TT 650 290.9 019.5 291.2 010.6 5.03E-05 001.4 142.7 -04.2 0.066745 0.103917 0.065664 hargrave 2021-12-17 19:20:07 
TT 655 300.3 021.4 300.2 012.4 4.67E-05 004.8 151.7 -04.9 0.190523 0.340258 0.053888 hargrave 2021-12-20 13:53:42 
TT 660 295.1 020.1 295.2 011.1 3.92E-05 002.2 146.6 -04.8 0.096737 0.117691 0.065010 hargrave 2021-12-21 11:58:59 
TT 665 298.2 018.4 298.2 009.4 3.50E-05 001.9 149.0 -07.3 0.100614 0.107050 0.060083 hargrave 2021-12-22 12:07:50 
TT 670 299.5 015.2 299.5 006.2 2.29E-05 002.6 149.3 -10.7 0.122230 0.070359 0.045580 hargrave 2021-12-23 11:11:29 
TT 672 294.5 012.2 294.6 003.2 2.04E-05 001.6 143.7 -12.2 0.052669 0.048999 0.043838 hargrave 2021-12-23 17:43:15 
TT 675 314.5 005.1 314.5 -03.6 7.50E-06 002.1 162.2 -23.6 0.020387 0.022978 0.013232 hargrave 2021-12-24 18:27:53 
TT 678 300.4 -06.9 300.5 -15.9 8.14E-06 004.2 143.6 -32.1 0.040816 0.043748 0.009946 hargrave 2021-12-27 11:17:12 
TT 682 011.4 025.1 007.7 022.2 1.98E-06 002.8 216.1 001.3 0.009983 0.004764 0.002066 hargrave 2021-12-28 10:55:33 
TT 685 300.0 020.7 299.9 011.7 3.68E-06 001.9 151.2 -05.5 0.010105 0.008575 0.007366 hargrave 2021-12-28 18:06:17 
TT 691 326.8 036.7 324.2 028.7 1.44E-06 004.2 176.8 006.8 0.004224 0.009385 0.005633 hargrave 2021-12-30 11:12:01 
