HF1- 85 mag compass orientation (IGRF corrected)
 101.91 347.8  56.0 207.0   8.0   1.0
NRM    087.7 012.2 086.6 019.2 6.12E-05 001.1 193.3 -42.8 0.039928 0.116284 0.041721 hargrave 2021-12-04 18:08:47 
TT 150 088.0 009.5 087.1 016.5 5.90E-05 003.1 194.4 -45.4 0.092856 0.299813 0.063443 hargrave 2021-12-06 13:21:38 
TT 300 089.4 008.9 088.6 016.0 5.57E-05 001.3 196.5 -45.7 0.042394 0.124657 0.062138 hargrave 2021-12-07 09:31:16 
TT 400 087.5 009.6 086.6 016.6 5.17E-05 002.9 193.7 -45.4 0.048310 0.256559 0.031027 hargrave 2021-12-07 18:04:02 
TT 450 088.8 009.8 087.9 016.8 5.00E-05 002.1 195.4 -45.0 0.044851 0.186096 0.040745 hargrave 2021-12-08 15:39:57 
TT 500 089.9 008.4 089.1 015.5 4.71E-05 003.8 197.4 -46.1 0.083586 0.306665 0.039141 hargrave 2021-12-09 13:59:21 
TT 550 085.7 009.9 084.7 016.7 4.42E-05 001.2 191.2 -45.5 0.039566 0.095672 0.038997 hargrave 2021-12-10 11:14:52 
TT 565 085.5 008.7 084.6 015.5 4.27E-05 003.0 191.1 -46.7 0.030631 0.223089 0.039645 hargrave 2021-12-11 18:08:14 
TT 580 086.0 008.9 085.1 015.7 4.08E-05 000.8 191.8 -46.4 0.048962 0.057271 0.027638 hargrave 2021-12-12 17:47:48 
TT 600 084.3 009.0 083.4 015.7 3.85E-05 003.4 189.4 -46.6 0.030046 0.228924 0.034182 hargrave 2021-12-13 16:16:03 
TT 610 085.1 008.4 084.2 015.2 3.88E-05 000.7 190.6 -47.0 0.024710 0.049841 0.025681 hargrave 2021-12-14 13:06:03 
TT 620 082.0 009.0 080.9 015.5 3.63E-05 003.6 186.0 -46.8 0.048979 0.220698 0.020691 hargrave 2021-12-15 11:15:59 
TT 630 088.4 010.1 087.5 017.1 3.63E-05 004.5 194.8 -44.8 0.047247 0.283508 0.027077 hargrave 2021-12-16 11:34:11 
TT 640 084.2 010.9 083.1 017.6 3.50E-05 001.6 188.9 -44.7 0.021335 0.101067 0.021188 hargrave 2021-12-17 10:10:22 
TT 650 088.3 010.4 087.3 017.4 3.30E-05 001.9 194.5 -44.5 0.052566 0.099026 0.020925 hargrave 2021-12-17 18:36:23 
TT 655 085.8 011.8 084.6 018.6 3.16E-05 000.8 190.8 -43.6 0.025264 0.042755 0.023937 hargrave 2021-12-20 13:08:21 
TT 660 085.3 013.7 084.0 020.4 2.97E-05 001.6 189.8 -41.8 0.062903 0.071191 0.020176 hargrave 2021-12-21 11:24:00 
TT 665 088.2 014.0 086.9 021.0 2.10E-05 005.4 193.4 -41.0 0.031745 0.071232 0.276474 hargrave 2021-12-22 11:31:14 
TT 670 090.9 012.1 089.9 019.2 1.11E-05 002.5 197.4 -42.3 0.033295 0.039461 0.007788 hargrave 2021-12-23 10:35:20 
TT 672 083.7 012.6 082.4 019.2 7.23E-06 002.5 187.9 -43.1 0.027850 0.025502 0.003088 hargrave 2021-12-23 17:08:02 
TT 675 102.4 057.6 098.1 065.3 2.56E-06 003.4 192.9 003.9 0.004768 0.015256 0.001397 hargrave 2021-12-24 17:52:47 
TT 678 346.1 015.7 344.7 010.4 1.44E-06 006.1 102.2 010.1 0.015655 0.002971 0.001384 hargrave 2021-12-27 10:41:47 
TT 682 109.0 077.7 094.9 085.5 1.70E-06 002.9 186.9 023.3 0.003589 0.008069 0.001563 hargrave 2021-12-28 10:20:04 
TT 685 012.6 -45.0 020.7 -46.4 1.97E-06 002.5 056.8 -39.9 0.007195 0.004743 0.001638 hargrave 2021-12-28 17:31:27 
TT 691 170.2 030.1 174.4 034.7 2.05E-06 005.5 245.4 018.1 0.019130 0.006572 0.003362 hargrave 2021-12-30 10:29:40 
