HF1- 91 mag compass orientation (IGRF corrected)
  104.9 340.8  44.0 208.5   9.0   1.0
NRM    106.9 032.8 105.4 041.6 9.04E-05 004.6 209.8 -04.7 0.375698 0.623545 0.074878 hargrave 2021-12-04 18:19:00 
TT 150 107.5 031.7 106.2 040.5 8.66E-05 006.3 210.7 -05.5 0.488976 0.820789 0.130066 hargrave 2021-12-06 13:31:53 
TT 300 110.7 031.0 109.8 039.9 8.24E-05 009.0 213.5 -05.0 0.713278 1.090249 0.109874 hargrave 2021-12-07 09:41:40 
TT 300 106.7 033.1 105.2 041.9 8.35E-05 000.7 209.5 -04.5 0.070875 0.066531 0.072164 hargrave 2021-12-07 10:54:38 
TT 400 115.7 029.8 115.4 038.8 7.79E-05 004.3 217.9 -04.0 0.371140 0.445581 0.081701 hargrave 2021-12-07 18:15:07 
TT 450 112.7 031.7 112.0 040.6 7.51E-05 003.9 214.7 -03.6 0.298103 0.404912 0.081878 hargrave 2021-12-08 15:50:13 
TT 500 114.2 031.8 113.7 040.8 7.20E-05 003.8 215.8 -02.9 0.257925 0.395340 0.072799 hargrave 2021-12-09 14:10:38 
TT 550 115.4 031.0 115.0 040.0 6.78E-05 003.3 217.1 -03.1 0.237866 0.308916 0.077427 hargrave 2021-12-10 11:25:11 
TT 565 117.4 030.0 117.3 039.0 6.55E-05 004.1 219.1 -03.1 0.283258 0.365787 0.063911 hargrave 2021-12-11 18:19:20 
TT 580 117.3 029.9 117.2 038.9 6.34E-05 003.0 219.0 -03.2 0.201571 0.257479 0.075366 hargrave 2021-12-12 17:58:10 
TT 600 108.4 033.1 107.1 041.9 6.17E-05 001.9 210.8 -03.9 0.082594 0.172915 0.079965 hargrave 2021-12-13 16:26:21 
TT 610 116.7 030.3 116.5 039.3 5.99E-05 004.0 218.4 -03.1 0.248961 0.323767 0.073236 hargrave 2021-12-14 13:16:18 
TT 620 113.7 030.8 113.1 039.8 5.89E-05 002.3 215.9 -03.9 0.139846 0.184356 0.068117 hargrave 2021-12-15 11:27:21 
TT 630 111.1 032.6 110.2 041.5 5.69E-05 003.9 213.1 -03.4 0.206909 0.317182 0.076426 hargrave 2021-12-16 11:44:28 
TT 640 116.2 029.5 115.9 038.5 5.46E-05 003.1 218.4 -04.0 0.191449 0.221987 0.066209 hargrave 2021-12-17 10:20:43 
TT 650 114.7 029.7 114.3 038.7 5.09E-05 004.0 217.2 -04.5 0.221017 0.276290 0.069357 hargrave 2021-12-17 18:46:45 
TT 655 111.8 031.3 111.0 040.2 4.95E-05 002.7 214.2 -04.3 0.142411 0.182743 0.050700 hargrave 2021-12-20 13:20:22 
TT 660 114.0 030.6 113.5 039.6 4.72E-05 003.3 216.2 -04.0 0.123125 0.262174 0.058698 hargrave 2021-12-21 11:32:21 
TT 665 112.0 030.6 111.2 039.5 4.13E-05 001.5 214.7 -04.8 0.074027 0.095408 0.048192 hargrave 2021-12-22 11:40:33 
TT 670 112.8 030.0 112.2 039.0 3.85E-05 001.3 215.6 -05.0 0.066886 0.093683 0.046089 hargrave 2021-12-23 10:44:26 
TT 672 115.3 029.2 114.9 038.2 3.30E-05 001.8 217.9 -04.7 0.094188 0.102607 0.058390 hargrave 2021-12-23 17:16:27 
TT 675 108.3 031.6 107.1 040.4 1.60E-05 006.8 211.4 -05.3 0.084242 0.172685 0.022147 hargrave 2021-12-24 18:01:09 
TT 678 106.0 026.9 104.8 035.7 1.01E-05 001.5 211.5 -10.4 0.023144 0.022578 0.012105 hargrave 2021-12-27 10:50:09 
TT 682 092.4 038.8 088.5 046.8 3.39E-06 003.0 196.7 -03.0 0.009751 0.015769 0.004945 hargrave 2021-12-28 10:28:32 
TT 685 097.3 046.5 092.9 054.8 1.81E-06 002.4 198.0 005.4 0.003566 0.007954 0.001019 hargrave 2021-12-28 17:39:45 
TT 691 134.8 025.9 136.3 034.5 2.31E-06 005.0 234.0 002.3 0.016403 0.012259 0.004773 hargrave 2021-12-30 10:39:51 
