HF1- 16 mag compass orientation (IGRF corrected)
   84.2   9.8  50.0 207.0   8.0   1.0
NRM    057.2 007.6 056.1 011.6 1.05E-04 000.6 130.4 -28.3 0.076961 0.071948 0.074046 hargrave 2021-12-01 09:57:04 
TT 150 056.2 004.6 055.4 008.5 1.02E-04 005.2 127.4 -30.1 0.749688 0.557603 0.070372 hargrave 2021-12-01 17:32:56 
TT 300 054.4 004.6 053.6 008.2 9.56E-05 000.7 125.7 -29.0 0.109578 0.069520 0.072068 hargrave 2021-12-02 13:47:04 
TT 400 049.6 002.4 049.1 005.4 8.95E-05 000.7 120.0 -27.6 0.061255 0.071347 0.074108 hargrave 2021-12-03 11:48:38 
TT 450 049.9 003.3 049.3 006.4 8.53E-05 001.1 120.9 -27.1 0.127812 0.081232 0.060832 hargrave 2021-12-04 13:09:10 
TT 500 050.8 004.9 049.9 008.0 8.15E-05 001.6 122.8 -26.5 0.196276 0.094744 0.054974 hargrave 2021-12-06 09:22:53 
TT 550 050.9 006.9 049.8 010.0 7.54E-05 003.5 124.3 -25.0 0.395665 0.236696 0.057971 hargrave 2021-12-06 17:25:15 
TT 565 049.4 006.3 048.4 009.3 7.45E-05 002.8 122.7 -24.5 0.316402 0.173486 0.060531 hargrave 2021-12-07 13:45:06 
TT 580 048.1 005.5 047.2 008.3 7.12E-05 002.3 121.0 -24.3 0.247890 0.139275 0.055825 hargrave 2021-12-08 11:43:45 
TT 600 049.3 002.8 048.7 005.8 6.54E-05 001.9 120.0 -27.1 0.199097 0.074895 0.055365 hargrave 2021-12-09 09:19:46 
TT 610 050.5 004.8 049.7 007.9 6.08E-05 005.4 122.5 -26.4 0.491229 0.290959 0.048422 hargrave 2021-12-09 17:54:43 
TT 620 048.3 003.3 047.7 006.2 6.08E-05 002.9 119.6 -26.0 0.252393 0.177746 0.048999 hargrave 2021-12-10 15:56:12 
TT 630 050.4 004.6 049.6 007.7 5.70E-05 002.5 122.3 -26.5 0.218685 0.120910 0.043747 hargrave 2021-12-12 13:11:07 
TT 640 048.4 000.4 048.2 003.3 5.21E-05 001.4 117.5 -28.3 0.105183 0.078793 0.040729 hargrave 2021-12-13 11:38:30 
TT 650 049.6 -01.1 049.6 001.9 4.34E-05 002.1 117.3 -30.2 0.120000 0.103819 0.036537 hargrave 2021-12-14 09:10:22 
TT 655 045.4 -03.9 045.7 -01.3 4.31E-05 000.7 111.6 -29.2 0.026082 0.052649 0.035343 hargrave 2021-12-14 18:08:27 
TT 660 053.7 000.8 053.4 004.4 3.43E-05 004.1 122.4 -31.5 0.200393 0.150213 0.032663 hargrave 2021-12-15 17:50:05 
TT 665 050.4 -05.1 050.9 -01.8 2.84E-05 004.3 114.8 -33.6 0.198896 0.083319 0.027646 hargrave 2021-12-16 15:32:58 
TT 670 034.6 000.3 034.5 001.4 1.64E-05 002.6 106.8 -18.5 0.069998 0.028873 0.026460 hargrave 2021-12-17 14:08:54 
TT 673 046.2 -09.4 047.3 -06.7 1.28E-05 002.6 107.6 -33.6 0.055067 0.021357 0.024322 hargrave 2021-12-19 17:39:20 
TT 675 053.4 019.8 050.5 023.2 6.13E-06 006.1 134.8 -16.2 0.047286 0.047082 0.004914 hargrave 2021-12-20 16:53:57 
TT 679 017.2 008.8 016.0 007.4 9.48E-06 001.3 101.5 000.1 0.022084 0.012267 0.006728 hargrave 2021-12-21 15:23:13 
TT 683 087.2 -06.8 087.4 000.2 4.68E-06 001.7 157.9 -54.9 0.006821 0.012508 0.001991 hargrave 2021-12-22 15:24:56 
TT 687 109.6 -39.9 110.3 -32.0 2.10E-06 001.3 272.6 -82.5 0.002907 0.003761 0.001790 hargrave 2021-12-23 14:00:24 
