HF1- 125 mag compass orientation (IGRF corrected)
 101.92 274.8  35.0 208.5   9.0   1.0
NRM    085.9 044.3 080.1 051.6 8.38E-05 004.0 235.2 030.6 0.494554 0.298038 0.121192 hargrave 2021-12-04 19:08:20 
TT 150 085.9 044.7 080.0 052.0 7.88E-05 001.3 234.9 030.9 0.142781 0.109554 0.068559 hargrave 2021-12-06 14:21:34 
TT 300 085.5 045.8 079.3 053.1 7.47E-05 002.2 233.8 031.5 0.249620 0.118388 0.102104 hargrave 2021-12-07 10:31:41 
TT 400 083.8 049.2 076.4 056.3 6.94E-05 001.0 230.1 033.3 0.060721 0.057635 0.095113 hargrave 2021-12-07 19:06:29 
TT 450 087.5 047.5 081.2 055.0 6.72E-05 001.4 233.6 033.7 0.132640 0.075146 0.082170 hargrave 2021-12-08 16:39:52 
TT 500 087.2 048.5 080.6 055.9 6.35E-05 001.6 232.6 034.3 0.142168 0.074032 0.083630 hargrave 2021-12-09 15:00:34 
TT 550 089.0 049.5 082.4 057.1 5.84E-05 001.0 232.8 035.8 0.063618 0.064110 0.070516 hargrave 2021-12-10 12:15:56 
TT 565 090.2 048.0 084.2 055.7 5.84E-05 001.6 234.8 035.3 0.094846 0.121087 0.060449 hargrave 2021-12-11 19:10:02 
TT 580 087.1 050.3 080.0 057.7 5.56E-05 001.1 231.1 035.5 0.054428 0.077473 0.075173 hargrave 2021-12-12 18:48:03 
TT 600 090.8 047.7 085.0 055.5 5.25E-05 001.1 235.4 035.4 0.035463 0.080344 0.065882 hargrave 2021-12-13 17:16:14 
TT 610 087.7 049.0 081.0 056.5 5.14E-05 002.9 232.5 034.9 0.176603 0.185847 0.074080 hargrave 2021-12-14 14:06:08 
TT 620 090.7 047.2 085.0 055.0 5.12E-05 005.6 235.8 035.0 0.415908 0.270611 0.061657 hargrave 2021-12-15 12:18:27 
TT 630 090.5 047.8 084.6 055.5 4.99E-05 001.3 235.2 035.3 0.046571 0.080898 0.071460 hargrave 2021-12-16 12:34:29 
TT 640 090.0 047.2 084.2 054.9 4.85E-05 001.7 235.4 034.6 0.086438 0.104107 0.061488 hargrave 2021-12-17 11:10:43 
TT 650 087.6 051.5 080.2 058.9 4.46E-05 001.1 230.3 036.6 0.055737 0.037221 0.065492 hargrave 2021-12-17 19:37:23 
TT 655 089.7 052.2 082.5 059.8 4.15E-05 001.7 230.8 038.0 0.070341 0.079908 0.064923 hargrave 2021-12-20 14:11:02 
TT 660 089.7 052.2 082.5 059.8 4.19E-05 001.3 230.8 038.0 0.084663 0.061147 0.050161 hargrave 2021-12-21 12:14:07 
TT 665 092.7 048.4 087.1 056.3 3.74E-05 002.1 235.9 036.8 0.079937 0.103699 0.055639 hargrave 2021-12-22 12:22:35 
TT 670 096.9 048.4 092.1 056.6 3.42E-05 002.2 238.3 038.8 0.079507 0.099058 0.055625 hargrave 2021-12-23 11:26:41 
TT 672 096.0 051.1 090.5 059.3 3.12E-05 002.7 235.2 040.2 0.107858 0.105214 0.053924 hargrave 2021-12-23 17:57:45 
TT 675 102.5 052.4 098.2 061.0 1.77E-05 001.9 237.3 044.1 0.044206 0.041202 0.016842 hargrave 2021-12-24 18:41:32 
TT 678 109.2 038.2 107.8 047.1 1.10E-05 001.6 255.7 038.2 0.022777 0.021676 0.008398 hargrave 2021-12-27 11:30:56 
TT 682 081.3 032.6 077.1 039.6 5.06E-06 002.0 240.1 019.2 0.016469 0.005605 0.007644 hargrave 2021-12-28 11:09:26 
TT 685 222.8 044.5 230.8 041.7 2.52E-06 001.2 082.4 063.7 0.003139 0.004875 0.002075 hargrave 2021-12-28 18:19:55 
TT 691 179.5 -16.9 177.5 -12.4 1.65E-06 001.7 354.7 018.0 0.003342 0.004383 0.002052 hargrave 2021-12-30 11:28:20 
