HF1- 71 mag compass orientation (IGRF corrected)
  98.92 350.8  58.0 208.5   9.0   1.0
NRM    077.6 022.2 074.7 028.9 3.41E-05 002.3 176.3 -35.7 0.028814 0.126727 0.055540 hargrave 2021-12-04 17:50:14 
TT 150 073.8 005.1 072.9 011.5 1.45E-05 067.9 168.5 -52.3 0.928005 0.191235 1.225524 hargrave 2021-12-06 13:03:08 
TT 150 070.4 010.0 068.8 015.9 2.85E-05 001.0 165.0 -46.8 0.021429 0.044047 0.018978 hargrave 2021-12-06 14:38:01 
TT 300 071.8 006.6 070.7 012.7 2.71E-05 001.5 165.9 -50.5 0.027608 0.059169 0.042724 hargrave 2021-12-07 09:12:27 
TT 400 069.0 006.3 067.9 012.1 2.49E-05 001.7 161.6 -50.1 0.022040 0.060378 0.046907 hargrave 2021-12-07 17:44:35 
TT 450 067.3 006.0 066.2 011.6 2.34E-05 001.6 158.9 -49.9 0.033022 0.039788 0.050540 hargrave 2021-12-08 15:21:25 
TT 500 065.8 006.1 064.7 011.5 2.19E-05 002.0 156.8 -49.3 0.035489 0.055552 0.049839 hargrave 2021-12-09 13:40:40 
TT 550 065.2 008.2 063.8 013.5 9.91E-06 069.4 157.0 -47.1 0.664575 0.282393 0.776602 hargrave 2021-12-10 10:56:03 
TT 550 065.5 008.1 064.1 013.4 1.97E-05 001.2 157.4 -47.3 0.026056 0.035081 0.013260 hargrave 2021-12-10 13:08:03 
TT 565 071.0 007.5 069.8 013.5 1.87E-05 002.2 165.0 -49.4 0.055444 0.036469 0.033724 hargrave 2021-12-11 17:49:35 
TT 580 064.6 008.4 063.2 013.6 1.81E-05 002.1 156.3 -46.7 0.033466 0.041039 0.046738 hargrave 2021-12-12 17:29:04 
TT 600 065.6 007.6 064.3 013.0 1.80E-05 001.9 157.2 -47.8 0.037747 0.029384 0.046114 hargrave 2021-12-13 15:57:19 
TT 610 067.3 006.5 066.1 012.1 1.69E-05 002.1 159.2 -49.4 0.040062 0.034072 0.039267 hargrave 2021-12-14 12:48:17 
TT 620 066.5 -01.9 066.4 003.6 8.78E-06 035.4 153.0 -57.0 0.455277 0.231472 0.786146 hargrave 2021-12-15 10:58:16 
TT 620 056.0 001.2 055.5 005.3 1.75E-05 001.0 139.9 -49.3 0.012073 0.031091 0.007102 hargrave 2021-12-15 14:42:46 
TT 630 071.6 002.5 071.0 008.6 7.99E-06 061.6 164.0 -54.4 0.478288 0.137606 0.694523 hargrave 2021-12-16 11:16:20 
TT 630 065.4 001.4 064.9 006.8 1.59E-05 001.1 153.5 -53.6 0.018046 0.026988 0.008882 hargrave 2021-12-16 12:42:38 
TT 640 067.0 001.7 066.4 007.3 8.44E-06 070.6 156.2 -53.9 0.486097 0.214703 0.729699 hargrave 2021-12-17 09:52:28 
TT 640 068.4 005.7 067.4 011.4 1.68E-05 001.3 160.4 -50.5 0.022170 0.031505 0.010155 hargrave 2021-12-17 11:37:13 
TT 650 068.7 -00.6 068.4 005.2 1.52E-05 002.0 157.6 -56.6 0.033359 0.031832 0.028497 hargrave 2021-12-17 18:18:31 
TT 655 065.0 003.5 064.2 008.8 8.00E-06 066.1 154.1 -51.4 0.480826 0.233725 0.668728 hargrave 2021-12-20 12:50:32 
TT 655 060.8 002.8 060.1 007.6 1.59E-05 001.2 147.6 -50.4 0.021225 0.028652 0.008127 hargrave 2021-12-20 14:22:34 
TT 660 053.4 004.2 052.5 007.9 8.05E-06 018.3 139.1 -45.4 0.457600 0.395830 0.612407 hargrave 2021-12-21 11:08:46 
TT 660 058.5 005.5 057.4 009.9 1.61E-05 001.6 146.4 -46.9 0.035149 0.029538 0.008340 hargrave 2021-12-21 13:06:29 
TT 665 054.2 -03.5 054.4 000.4 1.81E-05 003.2 133.3 -52.1 0.086399 0.036556 0.037219 hargrave 2021-12-22 11:16:14 
TT 670 051.1 -04.9 051.6 -01.4 8.69E-06 063.2 128.1 -51.2 0.359594 0.458467 0.724095 hargrave 2021-12-23 10:20:37 
TT 670 047.7 -08.4 048.7 -05.4 1.74E-05 001.4 120.3 -51.3 0.039255 0.018931 0.007104 hargrave 2021-12-23 11:54:15 
TT 672 054.0 -02.9 054.1 001.0 1.84E-05 002.5 133.7 -51.5 0.071279 0.024517 0.033836 hargrave 2021-12-23 16:52:40 
TT 675 054.2 -03.7 054.4 000.2 1.59E-05 002.6 133.1 -52.3 0.034990 0.059633 0.028683 hargrave 2021-12-24 17:38:07 
TT 678 053.2 -07.1 053.9 -03.3 1.14E-05 003.1 128.1 -54.2 0.055245 0.029767 0.012782 hargrave 2021-12-27 10:26:55 
TT 682 054.5 -02.0 054.5 002.0 2.25E-06 003.7 135.2 -51.1 0.011104 0.005142 0.008625 hargrave 2021-12-28 10:05:10 
TT 685 034.6 -14.7 036.9 -13.6 3.87E-06 003.0 101.3 -44.6 0.018649 0.004705 0.008051 hargrave 2021-12-28 17:16:59 
TT 691 217.9 -25.8 213.5 -26.9 3.21E-06 002.6 319.5 019.2 0.007994 0.008329 0.010455 hargrave 2021-12-30 10:11:57 
