HF1- 12 mag compass orientation (IGRF corrected)
   82.6 318.8  63.0 208.5   9.0   1.0
NRM    066.0 006.6 064.8 012.0 8.08E-05 000.7 208.9 -52.5 0.061980 0.074698 0.062441 hargrave 2021-12-01 09:51:31 
TT 150 068.2 003.5 067.4 009.2 7.66E-05 000.6 214.5 -54.2 0.057089 0.066243 0.065222 hargrave 2021-12-01 17:27:27 
TT 300 067.9 002.3 067.3 008.0 7.03E-05 003.0 215.2 -55.4 0.206523 0.300858 0.069918 hargrave 2021-12-02 13:41:33 
TT 400 067.4 001.0 066.9 006.6 6.25E-05 001.4 215.6 -56.8 0.106455 0.111154 0.056829 hargrave 2021-12-03 11:43:04 
TT 450 067.9 000.5 067.5 006.2 5.77E-05 001.1 216.9 -56.9 0.077621 0.076611 0.055313 hargrave 2021-12-04 13:03:37 
TT 500 065.9 -00.7 065.6 004.8 5.29E-05 002.1 214.7 -59.0 0.129854 0.146430 0.048518 hargrave 2021-12-06 09:17:18 
TT 550 065.8 -01.4 065.6 004.1 4.87E-05 000.9 215.3 -59.6 0.053825 0.038268 0.044958 hargrave 2021-12-06 17:19:40 
TT 565 064.1 -02.7 064.1 002.5 4.54E-05 001.0 213.7 -61.6 0.060194 0.042188 0.043885 hargrave 2021-12-07 13:39:29 
TT 580 063.0 -01.8 062.9 003.3 4.45E-05 000.9 210.8 -61.3 0.053138 0.041418 0.040513 hargrave 2021-12-08 11:38:12 
TT 600 061.0 -02.9 061.1 001.9 4.06E-05 002.3 208.0 -63.2 0.084064 0.138990 0.030801 hargrave 2021-12-09 09:14:13 
TT 610 066.4 -04.0 066.6 001.5 3.84E-05 002.7 219.1 -61.5 0.129974 0.122312 0.036368 hargrave 2021-12-09 17:49:12 
TT 620 064.7 -05.6 065.1 -00.3 3.65E-05 001.7 218.2 -63.8 0.071274 0.079012 0.034992 hargrave 2021-12-10 15:50:34 
TT 630 065.9 -05.3 066.2 000.2 3.54E-05 001.9 219.9 -62.9 0.066922 0.094928 0.031630 hargrave 2021-12-12 13:05:33 
TT 640 063.7 -08.2 064.4 -03.0 3.20E-05 001.1 219.8 -66.5 0.046093 0.037048 0.027932 hargrave 2021-12-13 11:32:57 
TT 650 064.7 -07.2 065.3 -01.8 3.05E-05 002.8 220.3 -65.1 0.101129 0.112153 0.034589 hargrave 2021-12-14 09:04:48 
TT 655 064.5 -09.2 065.3 -03.9 2.72E-05 002.4 222.7 -66.8 0.078984 0.079999 0.028093 hargrave 2021-12-14 18:02:56 
TT 660 063.2 -03.9 063.4 001.2 2.75E-05 003.9 213.3 -63.1 0.103802 0.154711 0.035440 hargrave 2021-12-15 17:44:29 
TT 665 069.2 -04.4 069.4 001.5 2.20E-05 003.3 224.4 -60.2 0.093993 0.086559 0.028652 hargrave 2021-12-16 15:27:27 
TT 670 063.1 000.9 062.7 006.0 2.12E-05 003.5 208.5 -58.9 0.062778 0.111640 0.028048 hargrave 2021-12-17 14:03:23 
TT 673 081.1 -06.2 081.3 001.0 1.46E-05 003.9 241.8 -52.9 0.085435 0.052111 0.023664 hargrave 2021-12-19 17:33:49 
TT 675 066.7 -08.8 067.4 -03.2 9.83E-06 001.2 226.3 -65.1 0.014261 0.014479 0.003506 hargrave 2021-12-20 16:48:25 
TT 679 119.3 -05.4 119.3 003.6 4.71E-06 007.5 265.9 -19.8 0.061273 0.011166 0.003666 hargrave 2021-12-21 15:18:35 
TT 683 117.2 041.5 117.0 050.5 2.69E-06 002.0 224.2 003.2 0.006517 0.008104 0.003733 hargrave 2021-12-22 15:20:21 
TT 687 070.3 -60.2 079.8 -53.6 1.02E-06 003.4 342.1 -53.7 0.004094 0.004077 0.002580 hargrave 2021-12-23 13:55:54 
