HF1- 86 mag compass orientation (IGRF corrected)
 102.01 320.8  61.0 207.0   8.0   1.0
NRM    096.4 056.5 090.9 063.8 5.23E-05 051.4 203.3 003.8 5.122729 2.205473 0.377371 hargrave 2021-12-04 18:11:37 
NRM    113.8 047.8 113.1 055.8 9.54E-05 004.1 216.9 005.3 0.375700 0.534391 0.205032 hargrave 2021-12-05 12:25:18 
TT 150 110.7 047.8 109.5 055.8 9.20E-05 002.5 215.6 003.7 0.226073 0.328796 0.077897 hargrave 2021-12-06 13:24:27 
TT 300 113.5 044.1 112.9 052.1 8.87E-05 002.9 219.7 002.8 0.228717 0.351387 0.171536 hargrave 2021-12-07 09:34:14 
TT 400 109.2 049.4 107.6 057.3 8.41E-05 002.1 213.8 004.0 0.114477 0.221088 0.204996 hargrave 2021-12-07 18:06:52 
TT 450 108.6 051.0 106.8 058.9 8.15E-05 001.8 212.3 004.8 0.127306 0.098435 0.218478 hargrave 2021-12-08 15:42:47 
TT 500 111.8 050.0 110.7 058.0 7.74E-05 002.7 214.4 005.7 0.159138 0.277878 0.197529 hargrave 2021-12-09 14:02:11 
TT 550 106.6 054.0 104.0 061.8 7.30E-05 002.4 209.3 005.9 0.146205 0.173324 0.218592 hargrave 2021-12-10 11:17:44 
TT 565 107.1 054.5 104.6 062.4 6.99E-05 004.8 209.1 006.5 0.225901 0.505108 0.188971 hargrave 2021-12-11 18:11:04 
TT 580 115.9 049.1 115.7 057.1 6.88E-05 002.2 216.8 007.2 0.092424 0.185304 0.176446 hargrave 2021-12-12 17:50:39 
TT 600 113.0 051.5 112.1 059.5 6.55E-05 001.8 213.7 007.2 0.087916 0.101794 0.166625 hargrave 2021-12-13 16:18:53 
TT 610 114.5 051.1 113.9 059.1 6.36E-05 003.6 214.6 007.7 0.191990 0.316491 0.161500 hargrave 2021-12-14 13:08:54 
TT 620 117.0 050.7 117.0 058.7 6.26E-05 001.1 215.9 008.7 0.043459 0.045413 0.098907 hargrave 2021-12-15 11:19:36 
TT 630 115.1 053.1 114.6 061.1 6.15E-05 004.2 213.2 009.2 0.192069 0.385718 0.150698 hargrave 2021-12-16 11:37:01 
TT 640 109.2 055.7 107.1 063.6 5.89E-05 001.7 209.0 008.2 0.030555 0.111289 0.141201 hargrave 2021-12-17 10:13:13 
TT 650 108.6 055.7 106.3 063.6 5.33E-05 002.1 208.8 007.9 0.100867 0.106897 0.137941 hargrave 2021-12-17 18:39:14 
TT 655 117.6 050.6 117.8 058.6 4.88E-05 001.5 216.2 009.0 0.048839 0.064310 0.112690 hargrave 2021-12-20 13:11:59 
TT 660 118.2 051.1 118.5 059.1 4.58E-05 005.2 216.0 009.6 0.175666 0.378356 0.091678 hargrave 2021-12-21 11:26:19 
TT 665 120.8 052.0 121.7 059.9 3.14E-05 002.1 216.2 011.4 0.086004 0.051534 0.085483 hargrave 2021-12-22 11:33:37 
TT 670 117.1 050.7 117.1 058.7 1.98E-05 002.4 215.9 008.8 0.028738 0.065008 0.060490 hargrave 2021-12-23 10:37:42 
TT 672 112.5 060.8 111.0 068.8 1.51E-05 002.5 206.1 012.8 0.034391 0.041638 0.043504 hargrave 2021-12-23 17:10:22 
TT 675 120.2 060.3 121.3 068.3 3.82E-06 002.5 208.8 015.6 0.007455 0.015179 0.009308 hargrave 2021-12-24 17:55:11 
TT 678 027.7 058.9 014.6 058.1 2.19E-06 001.5 168.3 000.0 0.007558 0.004933 0.003051 hargrave 2021-12-27 10:44:06 
TT 682 111.8 037.6 111.1 045.6 1.88E-06 003.3 223.9 -02.3 0.005244 0.007680 0.007755 hargrave 2021-12-28 10:22:27 
TT 685 252.9 024.5 255.0 018.6 2.04E-06 002.5 082.3 069.8 0.002090 0.008083 0.003325 hargrave 2021-12-28 17:33:47 
TT 691 016.1 077.2 347.8 073.7 2.27E-06 005.7 172.4 018.3 0.003760 0.022644 0.003641 hargrave 2021-12-30 10:32:28 
