HF1- 21 mag compass orientation (IGRF corrected)
  86.05  10.8  70.0 208.5   9.0   1.0
NRM    058.6 009.9 056.9 014.3 1.44E-04 002.7 121.8 -38.8 0.571201 0.347285 0.109117 hargrave 2021-12-01 10:03:18 
TT 150 062.5 010.5 060.8 015.4 1.42E-04 002.3 125.5 -41.5 0.471458 0.316798 0.107255 hargrave 2021-12-01 17:39:09 
TT 300 061.9 008.1 060.5 013.0 1.35E-04 002.3 122.5 -42.5 0.384875 0.327542 0.176072 hargrave 2021-12-02 13:53:17 
TT 400 062.4 007.5 061.1 012.4 1.26E-04 002.5 122.2 -43.3 0.454675 0.306926 0.109483 hargrave 2021-12-03 11:54:53 
TT 450 062.2 006.6 061.0 011.5 1.19E-04 003.9 121.1 -43.6 0.676607 0.444927 0.117610 hargrave 2021-12-04 13:15:25 
TT 500 061.5 005.9 060.4 010.7 1.13E-04 004.9 119.8 -43.5 0.839105 0.486379 0.104524 hargrave 2021-12-06 09:29:08 
TT 550 061.6 006.2 060.4 011.0 1.05E-04 002.5 120.2 -43.4 0.387042 0.238251 0.104788 hargrave 2021-12-06 17:31:28 
TT 565 059.6 004.1 058.7 008.7 1.03E-04 001.7 116.3 -42.9 0.260027 0.114517 0.101147 hargrave 2021-12-07 13:51:20 
TT 580 059.9 005.1 058.9 009.7 9.73E-05 002.7 117.6 -42.6 0.388324 0.224331 0.089540 hargrave 2021-12-08 11:50:50 
TT 600 058.2 005.5 057.1 009.9 9.51E-05 002.8 116.8 -41.0 0.396598 0.233398 0.083897 hargrave 2021-12-09 09:25:59 
TT 610 058.3 007.5 057.0 011.9 9.15E-05 001.2 119.1 -40.0 0.149764 0.069808 0.096509 hargrave 2021-12-09 18:01:00 
TT 620 057.4 007.1 056.1 011.4 8.97E-05 000.9 118.0 -39.4 0.100290 0.063404 0.088307 hargrave 2021-12-10 16:02:31 
TT 630 057.7 008.7 056.2 013.0 8.83E-05 002.3 120.0 -38.8 0.287437 0.190729 0.093206 hargrave 2021-12-12 13:18:11 
TT 640 055.0 005.6 053.9 009.5 8.33E-05 002.5 114.8 -38.2 0.333181 0.128047 0.090965 hargrave 2021-12-13 11:45:34 
TT 650 057.2 010.1 055.5 014.3 7.34E-05 001.3 121.1 -37.6 0.131945 0.098445 0.077488 hargrave 2021-12-14 09:16:36 
TT 655 053.2 005.6 052.1 009.3 6.70E-05 002.7 113.6 -36.7 0.288455 0.122734 0.068142 hargrave 2021-12-14 18:14:42 
TT 660 053.0 007.2 051.7 010.8 5.36E-05 000.9 115.2 -35.7 0.071771 0.039795 0.059820 hargrave 2021-12-15 17:56:18 
TT 665 047.8 008.1 046.4 011.0 4.61E-05 002.6 113.1 -30.8 0.190734 0.079905 0.055872 hargrave 2021-12-16 15:40:01 
TT 670 051.3 006.9 050.0 010.3 2.14E-05 002.4 113.8 -34.4 0.081039 0.043390 0.015585 hargrave 2021-12-17 14:15:07 
TT 673 053.7 012.5 051.6 016.2 1.14E-05 002.9 121.1 -33.4 0.052568 0.028355 0.007579 hargrave 2021-12-19 17:45:35 
TT 675 082.9 006.6 081.9 013.9 7.24E-06 001.8 144.7 -58.1 0.018228 0.013649 0.004241 hargrave 2021-12-20 17:00:11 
TT 679 042.7 -49.5 052.2 -46.6 2.04E-06 001.6 042.7 -35.6 0.004265 0.005536 0.002708 hargrave 2021-12-21 15:28:22 
TT 683 154.6 -10.1 154.0 -02.8 2.89E-06 003.3 267.6 -37.3 0.016159 0.007560 0.003366 hargrave 2021-12-22 15:30:05 
TT 687 348.6 038.5 343.8 032.4 1.32E-06 002.4 123.7 029.4 0.003433 0.006116 0.001273 hargrave 2021-12-23 14:05:40 
