HF1- 78 mag compass orientation (IGRF corrected)
   99.7 351.8  81.0 207.0   8.0   1.0
NRM    033.2 009.7 031.7 010.4 3.69E-05 002.9 109.9 -38.1 0.179435 0.051156 0.036692 hargrave 2021-12-04 17:59:51 
TT 150 037.2 000.7 037.0 002.1 3.54E-05 004.2 100.0 -44.5 0.255650 0.049440 0.036451 hargrave 2021-12-06 13:12:43 
TT 300 037.3 -07.3 038.2 -05.8 3.44E-05 004.8 088.8 -45.9 0.283550 0.038550 0.050108 hargrave 2021-12-07 09:22:11 
TT 400 036.2 -12.9 037.9 -11.5 3.19E-05 001.2 080.7 -45.1 0.050446 0.038199 0.038880 hargrave 2021-12-07 17:54:17 
TT 450 035.5 -16.5 037.7 -15.2 3.03E-05 003.2 075.7 -44.3 0.164412 0.052195 0.030198 hargrave 2021-12-08 15:31:01 
TT 500 034.5 -17.9 037.0 -16.6 2.88E-05 001.1 073.9 -43.3 0.035728 0.037403 0.032801 hargrave 2021-12-09 13:50:22 
TT 550 035.0 -15.5 037.1 -14.2 2.67E-05 001.1 077.1 -43.9 0.035577 0.032565 0.028486 hargrave 2021-12-10 11:05:47 
TT 565 036.0 -15.4 038.1 -14.0 2.60E-05 002.1 077.2 -44.9 0.088170 0.038634 0.028742 hargrave 2021-12-11 17:59:14 
TT 580 037.7 -19.5 040.3 -17.8 2.46E-05 002.7 071.2 -46.1 0.105596 0.049151 0.024332 hargrave 2021-12-12 17:38:46 
TT 600 038.9 -18.6 041.4 -16.7 2.46E-05 001.9 072.3 -47.4 0.073924 0.030188 0.029340 hargrave 2021-12-13 16:07:03 
TT 610 039.4 -19.8 042.1 -17.9 2.34E-05 001.5 070.4 -47.7 0.053973 0.030520 0.026449 hargrave 2021-12-14 12:57:06 
TT 620 035.6 -18.9 038.2 -17.5 1.18E-05 072.6 072.4 -44.2 0.273225 0.862298 0.879435 hargrave 2021-12-15 11:06:37 
TT 620 038.3 -31.7 043.0 -29.8 2.34E-05 001.1 054.2 -43.8 0.037330 0.021438 0.021514 hargrave 2021-12-15 14:44:36 
TT 630 036.0 -25.1 039.5 -23.6 2.29E-05 002.5 063.8 -43.6 0.083996 0.053088 0.024022 hargrave 2021-12-16 11:25:12 
TT 640 033.5 -23.7 036.8 -22.6 2.14E-05 002.6 066.2 -41.6 0.084895 0.052880 0.027463 hargrave 2021-12-17 10:01:20 
TT 650 030.3 -23.3 033.7 -22.6 1.99E-05 005.0 067.2 -38.8 0.160202 0.065157 0.028233 hargrave 2021-12-17 18:27:21 
TT 655 032.3 -23.0 035.6 -22.0 1.87E-05 003.1 067.3 -40.7 0.092240 0.041768 0.026260 hargrave 2021-12-20 12:59:25 
TT 660 028.2 -23.7 031.6 -23.3 1.66E-05 002.7 067.1 -36.8 0.067468 0.024427 0.032378 hargrave 2021-12-21 11:16:41 
TT 665 027.1 -21.2 030.2 -20.9 1.55E-05 002.5 070.3 -36.1 0.068568 0.015674 0.025586 hargrave 2021-12-22 11:23:39 
TT 670 036.6 -26.6 040.4 -25.0 1.30E-05 001.8 061.6 -43.8 0.030069 0.024848 0.022829 hargrave 2021-12-23 10:27:54 
TT 672 030.0 -17.5 032.5 -16.9 1.19E-05 001.7 074.7 -39.0 0.029924 0.014149 0.022501 hargrave 2021-12-23 17:00:36 
TT 675 025.6 002.8 025.3 002.5 4.52E-06 001.7 099.2 -32.8 0.011837 0.011060 0.003588 hargrave 2021-12-24 17:45:29 
TT 678 040.9 -00.9 040.9 001.0 2.88E-06 001.9 098.9 -48.5 0.008136 0.005935 0.003052 hargrave 2021-12-27 10:34:17 
TT 682 182.8 059.8 196.6 062.2 1.89E-06 003.6 210.5 013.3 0.005306 0.010946 0.003882 hargrave 2021-12-28 10:12:30 
TT 685 011.8 030.5 007.5 028.2 1.91E-06 001.7 124.1 -12.2 0.006174 0.005257 0.002151 hargrave 2021-12-28 17:24:08 
TT 691 144.4 -42.6 141.6 -35.4 2.56E-06 004.0 313.3 -26.1 0.013393 0.012535 0.002156 hargrave 2021-12-30 10:20:44 
