HF1- 95 mag compass orientation (IGRF corrected)
  107.1 285.8  50.0 208.5   9.0   1.0
NRM    042.5 015.2 039.9 017.2 5.50E-05 004.5 209.9 -29.5 0.178031 0.397385 0.042039 hargrave 2021-12-04 18:21:55 
TT 150 038.2 013.8 035.9 015.1 5.27E-05 001.6 206.0 -32.3 0.046940 0.150264 0.041202 hargrave 2021-12-06 13:34:47 
TT 300 040.5 010.2 038.8 011.9 4.99E-05 001.1 210.0 -34.8 0.050291 0.091956 0.041977 hargrave 2021-12-07 09:44:35 
TT 400 044.2 007.9 042.8 010.2 4.78E-05 001.1 215.3 -35.4 0.062400 0.053676 0.071781 hargrave 2021-12-07 18:18:01 
TT 450 041.7 010.6 039.9 012.5 4.70E-05 001.9 211.2 -34.0 0.113268 0.111110 0.048175 hargrave 2021-12-08 15:53:07 
TT 500 044.4 009.9 042.7 012.2 4.41E-05 001.0 214.4 -33.5 0.058940 0.037964 0.070375 hargrave 2021-12-09 14:13:33 
TT 550 044.1 010.7 042.3 013.0 4.14E-05 001.0 213.7 -32.9 0.059502 0.034542 0.062184 hargrave 2021-12-10 11:28:07 
TT 565 046.8 009.5 045.2 012.2 3.99E-05 001.3 217.2 -32.8 0.059901 0.077478 0.051120 hargrave 2021-12-11 18:22:14 
TT 580 045.3 008.7 043.8 011.2 3.98E-05 001.5 216.1 -34.2 0.090069 0.069785 0.045658 hargrave 2021-12-12 18:01:06 
TT 600 048.4 007.1 047.1 010.1 3.79E-05 001.2 220.2 -34.1 0.066103 0.043472 0.045325 hargrave 2021-12-13 16:29:15 
TT 610 046.1 006.0 045.0 008.6 3.28E-05 001.8 218.5 -36.2 0.080451 0.054804 0.045228 hargrave 2021-12-14 13:19:13 
TT 620 048.1 003.3 047.4 006.3 3.28E-05 001.7 222.3 -37.6 0.080360 0.052987 0.025096 hargrave 2021-12-15 11:30:20 
TT 630 045.4 003.7 044.6 006.3 3.30E-05 001.6 219.1 -38.5 0.071830 0.034965 0.056456 hargrave 2021-12-16 11:47:23 
TT 640 046.2 004.3 045.3 007.0 3.17E-05 001.5 219.6 -37.6 0.066132 0.033257 0.045843 hargrave 2021-12-17 10:23:37 
TT 650 040.5 004.3 039.7 006.1 3.01E-05 001.6 213.1 -40.2 0.062619 0.043313 0.043892 hargrave 2021-12-17 18:49:39 
TT 655 037.9 005.3 037.0 006.7 2.99E-05 002.1 209.4 -40.4 0.068547 0.075912 0.046120 hargrave 2021-12-20 13:23:16 
TT 660 037.8 007.0 036.6 008.4 2.79E-05 002.5 208.5 -38.8 0.126287 0.086591 0.021926 hargrave 2021-12-21 11:34:40 
TT 665 042.2 009.2 040.6 011.2 1.94E-05 002.0 212.4 -35.1 0.038615 0.050996 0.032537 hargrave 2021-12-22 11:42:56 
TT 670 045.4 013.7 043.1 016.1 1.63E-05 001.6 213.5 -29.7 0.023739 0.030786 0.032123 hargrave 2021-12-23 10:46:53 
TT 672 035.9 024.3 031.8 025.1 1.66E-05 001.9 199.9 -23.0 0.029348 0.043853 0.029648 hargrave 2021-12-23 17:18:47 
TT 675 047.8 020.7 044.3 023.4 9.16E-06 002.5 212.4 -22.4 0.027619 0.029243 0.015471 hargrave 2021-12-24 18:03:29 
TT 678 017.0 036.7 010.8 034.4 7.42E-06 001.4 181.0 -13.3 0.011465 0.014840 0.009849 hargrave 2021-12-27 10:52:28 
TT 682 045.7 034.8 039.4 037.0 4.27E-06 003.1 204.6 -10.3 0.013098 0.019957 0.008387 hargrave 2021-12-28 10:30:54 
TT 685 341.5 -45.8 349.0 -52.0 2.86E-06 001.5 065.6 -64.4 0.006340 0.004768 0.002453 hargrave 2021-12-28 17:42:07 
TT 691 031.9 -04.9 032.6 -04.3 3.08E-06 002.4 206.7 -52.0 0.009215 0.004555 0.008746 hargrave 2021-12-30 10:42:44 
