HF2- 4 mag compass orientation (IGRF corrected)
  57.14 276.8  45.0 205.0   9.0   1.0
NRM    063.9 -02.8 063.9 002.9 6.29E-05 001.8 247.4 -24.7 0.214378 0.070911 0.074566 hargrave 2021-12-24 13:22:56 
TT 150 061.5 -02.6 061.5 002.8 6.41E-05 000.9 245.2 -26.1 0.108477 0.071888 0.060001 hargrave 2021-12-25 14:24:08 
TT 300 062.4 -10.7 063.4 -05.2 6.55E-05 001.3 252.2 -31.6 0.130447 0.110450 0.091439 hargrave 2021-12-27 13:47:34 
TT 400 057.8 -11.5 059.0 -06.5 6.46E-05 002.9 248.8 -35.2 0.316251 0.130625 0.076944 hargrave 2021-12-28 13:53:19 
TT 450 060.9 -16.0 062.6 -10.6 6.45E-05 002.3 255.4 -36.4 0.251369 0.074945 0.069575 hargrave 2021-12-29 13:11:08 
TT 500 057.1 -14.2 058.7 -09.3 6.40E-05 001.1 250.5 -37.7 0.107338 0.045588 0.083089 hargrave 2021-12-30 14:12:32 
TT 550 053.9 -13.0 055.4 -08.5 6.24E-05 000.7 246.5 -38.9 0.049516 0.053479 0.079292 hargrave 2021-12-31 14:05:31 
TT 565 054.9 -14.4 056.6 -09.8 5.98E-05 000.9 248.7 -39.3 0.076676 0.070302 0.077693 hargrave 2022-01-01 10:02:05 
TT 580 054.1 -14.4 055.8 -09.9 5.81E-05 002.6 247.9 -39.8 0.245455 0.091876 0.087463 hargrave 2022-01-02 12:41:52 
TT 600 049.9 -12.8 051.5 -08.9 5.69E-05 001.5 242.5 -41.3 0.130760 0.076129 0.068793 hargrave 2022-02-07 18:07:00 
TT 610 052.2 -15.9 054.1 -11.7 5.61E-05 002.1 247.5 -42.2 0.180868 0.101591 0.056105 hargrave 2022-02-08 16:02:14 
TT 620 052.0 -15.8 053.9 -11.6 5.25E-05 001.5 247.2 -42.2 0.128544 0.057300 0.048596 hargrave 2022-02-09 13:54:59 
TT 630 053.9 -17.3 056.0 -12.8 2.62E-05 027.7 250.4 -42.1 0.697213 1.959274 1.880113 hargrave 2022-02-10 13:28:36 
TT 630 048.9 -13.4 050.6 -09.6 5.21E-05 000.8 242.0 -42.4 0.058308 0.046248 0.022651 hargrave 2022-02-10 16:09:27 
TT 640 051.3 -16.2 053.3 -12.1 5.01E-05 001.5 246.9 -43.0 0.114628 0.052169 0.059976 hargrave 2022-02-11 08:51:36 
TT 650 052.2 -18.4 054.5 -14.1 4.93E-05 002.5 249.8 -44.0 0.204494 0.063532 0.067661 hargrave 2022-02-12 13:29:38 
TT 655 049.9 -22.1 052.8 -18.1 4.48E-05 001.9 251.4 -48.1 0.134731 0.040451 0.053479 hargrave 2022-02-13 17:12:07 
TT 660 047.1 -17.2 049.4 -13.7 3.82E-05 002.5 243.7 -46.4 0.147222 0.076281 0.054804 hargrave 2022-02-14 15:26:01 
TT 664 047.5 -20.4 050.2 -16.7 2.72E-05 001.4 247.2 -48.5 0.045787 0.036976 0.050955 hargrave 2022-02-15 12:54:24 
TT 667 046.6 -17.5 048.9 -14.0 2.62E-05 001.7 243.4 -47.0 0.068003 0.038086 0.025520 hargrave 2022-02-16 09:17:10 
TT 670 043.1 -18.2 045.6 -15.2 2.62E-05 005.0 240.3 -49.7 0.201338 0.110895 0.021485 hargrave 2022-02-17 08:51:53 
TT 673 047.2 -19.4 049.8 -15.8 2.38E-05 002.6 245.9 -48.0 0.100315 0.045435 0.029129 hargrave 2022-02-17 18:39:42 
TT 675 042.4 -20.5 045.4 -17.6 1.99E-05 001.1 241.9 -51.8 0.032284 0.023556 0.022211 hargrave 2022-02-19 17:40:17 
TT 677 032.1 -17.3 034.8 -15.9 1.45E-05 001.6 225.6 -55.1 0.036298 0.017959 0.016803 hargrave 2022-02-21 09:53:32 
TT 679 023.6 -10.3 025.3 -10.4 7.26E-06 001.4 207.8 -52.4 0.013898 0.012116 0.013636 hargrave 2022-02-21 18:18:44 
TT 683 019.7 -11.8 021.6 -12.5 6.40E-06 003.0 202.4 -55.0 0.016440 0.027898 0.014792 hargrave 2022-02-22 19:01:47 
TT 685 089.1 -65.4 095.5 -57.0 9.94E-07 003.4 325.6 -43.0 0.004717 0.004002 0.002121 hargrave 2022-02-23 18:22:10 
TT 688 114.3 -00.6 114.3 008.4 2.57E-06 001.4 283.0 011.9 0.004490 0.006446 0.002822 hargrave 2022-02-24 18:36:14 
