HF2- 3 mag compass orientation (IGRF corrected)
   57.1 277.8  61.0 205.0   9.0   1.0
NRM    263.6 -23.9 261.0 -31.5 2.07E-09 068.8 062.4 -00.0 0.000377 0.000462 0.000214 hargrave 2021-12-24 13:21:46 
NRM    036.0 016.8 033.2 018.3 1.27E-04 000.3 214.4 -36.7 0.033143 0.024786 0.060256 hargrave 2021-12-24 14:56:57 
TT 150 329.0 066.0 320.6 058.1 2.44E-09 082.7 165.0 009.5 0.000940 0.001279 0.000539 hargrave 2021-12-25 14:22:59 
TT 150 039.4 014.1 037.1 016.1 1.26E-04 001.1 219.7 -37.2 0.089132 0.273452 0.059363 hargrave 2021-12-25 16:12:46 
TT 300 040.7 012.3 038.6 014.6 5.85E-05 066.5 222.3 -37.9 3.652591 3.326427 3.842173 hargrave 2021-12-27 13:46:21 
TT 300 042.7 010.8 040.9 013.5 1.19E-04 001.0 225.4 -37.8 0.203632 0.147993 0.067320 hargrave 2021-12-27 15:12:31 
TT 400 047.4 004.4 046.5 007.8 5.38E-05 064.7 235.3 -39.4 2.530393 3.656951 3.656276 hargrave 2021-12-28 13:52:10 
TT 400 045.6 005.1 044.6 008.2 1.08E-04 000.7 233.0 -40.2 0.119643 0.082253 0.064041 hargrave 2021-12-28 15:19:47 
TT 450 041.4 007.9 040.0 010.4 5.13E-05 053.3 226.5 -40.9 2.852906 3.005079 3.590488 hargrave 2021-12-29 13:09:42 
TT 450 047.2 002.3 046.6 005.6 1.03E-04 000.5 237.2 -41.0 0.074535 0.028646 0.045536 hargrave 2021-12-29 17:51:09 
TT 500 355.1 -17.6 357.9 -21.9 6.85E-09 047.5 131.5 -73.7 0.000686 0.000747 0.000337 hargrave 2021-12-30 14:11:05 
TT 500 032.4 012.3 030.4 013.3 9.57E-05 001.0 213.4 -42.4 0.064728 0.184650 0.037320 hargrave 2021-12-31 09:57:12 
TT 550 040.1 006.6 038.9 008.9 4.42E-05 042.1 226.3 -42.7 2.401646 2.510776 3.205761 hargrave 2021-12-31 14:04:05 
TT 550 044.9 001.2 044.5 004.3 8.88E-05 000.5 236.1 -43.4 0.068585 0.048074 0.052279 hargrave 2021-12-31 15:45:37 
TT 565 042.3 004.8 041.3 007.4 4.25E-05 047.7 230.1 -42.7 2.141536 2.560641 3.084593 hargrave 2022-01-01 10:00:38 
TT 565 038.9 006.2 037.8 008.3 8.52E-05 000.5 225.3 -43.8 0.063647 0.032385 0.047610 hargrave 2022-01-01 11:50:38 
TT 580 036.6 007.7 035.2 009.4 4.02E-05 057.8 221.5 -44.0 2.316939 2.049355 2.982382 hargrave 2022-01-02 12:40:25 
TT 580 044.1 001.1 043.7 004.0 8.08E-05 000.5 235.5 -44.1 0.064649 0.013117 0.046931 hargrave 2022-01-02 14:22:39 
TT 600 048.3 -04.8 048.8 -01.2 3.94E-05 071.4 245.6 -44.7 1.237215 2.723409 2.961810 hargrave 2022-02-07 18:05:49 
TT 610 032.0 -78.1 066.0 -74.3 1.59E-09 080.9 353.7 -39.7 0.001097 0.001118 0.000554 hargrave 2022-02-08 16:00:47 
TT 610 046.4 -02.6 046.5 000.7 7.66E-05 001.9 241.4 -44.8 0.097904 0.187137 0.151943 hargrave 2022-02-08 18:44:36 
TT 620 219.3 -56.2 205.6 -57.4 1.52E-09 068.7 016.9 000.7 0.000365 0.000313 0.000044 hargrave 2022-02-09 13:53:33 
TT 620 041.3 001.0 041.0 003.5 7.28E-05 000.4 232.8 -46.1 0.052972 0.042927 0.028024 hargrave 2022-02-09 16:25:06 
TT 630 027.6 -00.7 027.6 -00.3 7.35E-09 064.2 217.2 -56.0 0.000966 0.001122 0.000312 hargrave 2022-02-10 13:27:09 
TT 630 045.9 -04.7 046.3 -01.4 7.17E-05 000.5 243.3 -46.5 0.055671 0.015572 0.039410 hargrave 2022-02-10 16:08:00 
TT 640 044.2 -03.3 044.5 -00.3 3.40E-05 046.0 240.2 -46.9 1.232377 2.152186 2.653933 hargrave 2022-02-11 08:50:10 
TT 640 040.9 001.1 040.6 003.5 6.79E-05 000.7 232.3 -46.3 0.074028 0.050561 0.046683 hargrave 2022-02-11 16:12:35 
TT 650 044.0 -02.1 044.1 000.8 3.29E-05 027.1 238.7 -46.3 1.261698 2.075105 2.541121 hargrave 2022-02-12 13:28:11 
TT 650 046.0 -06.2 046.7 -03.0 6.62E-05 000.5 245.2 -47.4 0.060874 0.018380 0.039220 hargrave 2022-02-12 17:26:48 
TT 655 037.0 005.4 036.0 007.2 3.04E-05 045.6 224.0 -45.6 1.634348 1.576954 2.320025 hargrave 2022-02-13 17:10:40 
TT 655 039.4 000.9 039.1 003.1 6.09E-05 000.5 230.8 -47.5 0.042251 0.036121 0.030998 hargrave 2022-02-14 08:46:00 
TT 660 035.9 -02.2 036.1 -00.5 2.25E-05 041.2 230.1 -52.2 0.947255 1.131633 1.898131 hargrave 2022-02-14 15:24:34 
TT 660 036.2 -04.4 036.7 -02.6 4.55E-05 000.9 232.9 -53.5 0.073391 0.037917 0.025658 hargrave 2022-02-14 17:30:21 
TT 664 037.2 -00.9 037.2 001.0 1.05E-05 058.8 230.2 -50.3 0.460442 0.551520 0.865716 hargrave 2022-02-15 12:52:57 
TT 664 043.5 -11.1 045.0 -08.1 2.13E-05 000.9 249.2 -52.2 0.034322 0.011419 0.011427 hargrave 2022-02-15 14:37:59 
TT 667 026.7 -09.0 028.1 -08.6 5.69E-06 041.9 225.3 -63.3 0.192704 0.194691 0.543471 hargrave 2022-02-16 09:15:43 
TT 667 030.2 -14.8 032.5 -13.8 1.14E-05 000.6 240.2 -64.9 0.012398 0.001622 0.004280 hargrave 2022-02-16 11:02:37 
TT 670 037.0 008.7 035.5 010.5 5.44E-06 046.7 221.2 -42.9 0.320756 0.279693 0.397056 hargrave 2022-02-17 08:50:26 
TT 670 041.6 004.1 040.8 006.6 1.09E-05 001.2 230.1 -43.6 0.023795 0.006333 0.007076 hargrave 2022-02-17 10:44:12 
TT 673 030.4 -09.5 031.8 -08.5 3.65E-06 033.6 231.9 -61.2 0.116266 0.146865 0.341854 hargrave 2022-02-17 18:38:16 
TT 673 032.2 -13.7 034.2 -12.4 7.33E-06 000.7 241.0 -62.7 0.008922 0.001981 0.004313 hargrave 2022-02-18 08:14:39 
TT 675 041.8 -02.8 042.0 -00.2 4.00E-06 040.1 237.3 -48.4 0.153997 0.238579 0.319218 hargrave 2022-02-19 17:38:50 
TT 675 036.7 001.7 036.3 003.5 7.67E-06 001.2 227.0 -48.7 0.017275 0.003827 0.019102 hargrave 2022-02-20 10:12:44 
TT 677 357.9 -13.6 000.1 -17.6 2.82E-06 057.1 147.0 -72.1 0.077894 0.051700 0.287098 hargrave 2022-02-21 09:52:05 
TT 677 000.3 -14.6 002.7 -18.2 5.66E-06 000.6 152.7 -74.0 0.001662 0.005764 0.003198 hargrave 2022-02-21 11:49:35 
TT 679 039.5 044.2 030.6 045.8 9.73E-07 045.1 202.6 -11.3 0.094221 0.039128 0.019748 hargrave 2022-02-21 18:17:18 
TT 679 061.0 031.5 056.0 036.5 2.00E-06 001.7 224.1 -11.1 0.006834 0.001211 0.002036 hargrave 2022-02-22 09:47:06 
TT 683 314.4 003.6 314.5 -04.9 2.65E-06 065.3 113.2 -29.4 0.097098 0.227368 0.140030 hargrave 2022-02-22 19:00:21 
TT 683 316.7 004.7 316.7 -03.7 5.26E-06 000.8 115.8 -30.5 0.003405 0.009509 0.001789 hargrave 2022-02-23 09:14:21 
TT 685 288.7 001.4 288.6 -07.5 3.05E-09 073.5 096.6 -08.8 0.001007 0.000992 0.000204 hargrave 2022-02-23 18:20:43 
TT 685 008.3 038.2 002.0 035.1 4.36E-06 001.0 180.4 -22.8 0.008662 0.006974 0.001186 hargrave 2022-02-24 09:11:43 
TT 688 258.9 018.5 260.3 011.2 1.31E-06 061.5 098.2 025.0 0.017982 0.125258 0.059052 hargrave 2022-02-24 18:34:47 
TT 688 260.3 020.7 261.8 013.3 2.49E-06 001.2 101.0 024.7 0.004040 0.005088 0.000342 hargrave 2022-02-25 08:10:37 
