HF2- 5 mag compass orientation (IGRF corrected)
  57.11 295.8  30.0 205.0   9.0   1.0
NRM    060.9 001.2 060.5 006.5 1.21E-04 001.6 218.7 -23.0 0.255771 0.208598 0.192735 hargrave 2021-12-24 13:24:03 
TT 150 059.9 000.5 059.5 005.6 1.19E-04 003.8 217.9 -24.0 0.468682 0.615888 0.198338 hargrave 2021-12-25 14:25:19 
TT 300 058.2 -02.1 058.1 002.8 1.11E-04 001.5 216.9 -27.0 0.128686 0.198398 0.196539 hargrave 2021-12-27 13:48:45 
TT 400 057.8 -04.3 058.0 000.6 1.02E-04 004.4 217.2 -29.2 0.496206 0.588270 0.173291 hargrave 2021-12-28 13:54:25 
TT 450 058.3 -06.0 058.8 -01.1 9.59E-05 001.5 218.4 -30.7 0.170160 0.150701 0.142154 hargrave 2021-12-29 13:12:32 
TT 500 058.7 -07.3 059.3 -02.3 9.00E-05 000.9 219.3 -31.8 0.078368 0.052092 0.146760 hargrave 2021-12-30 14:13:55 
TT 550 057.8 -07.9 058.5 -02.9 8.40E-05 001.6 218.5 -32.6 0.124127 0.172040 0.137945 hargrave 2021-12-31 14:06:55 
TT 565 057.8 -08.0 058.5 -03.1 8.10E-05 000.9 218.6 -32.7 0.054093 0.060625 0.138498 hargrave 2022-01-01 10:03:30 
TT 580 058.1 -09.2 059.0 -04.2 7.89E-05 000.9 219.4 -33.7 0.062206 0.056892 0.126854 hargrave 2022-01-02 12:43:16 
TT 600 060.0 -09.8 061.0 -04.6 7.53E-05 002.7 221.8 -33.7 0.248706 0.253196 0.119845 hargrave 2022-02-07 18:08:13 
TT 610 058.3 -09.8 059.2 -04.8 7.46E-05 003.1 219.8 -34.3 0.264842 0.297415 0.113772 hargrave 2022-02-08 16:03:38 
TT 620 059.5 -11.3 060.6 -06.1 6.84E-05 000.8 221.8 -35.3 0.038699 0.045729 0.100280 hargrave 2022-02-09 13:56:23 
TT 630 058.1 -10.8 059.2 -05.8 6.72E-05 000.8 220.0 -35.3 0.031434 0.044045 0.097857 hargrave 2022-02-10 13:30:00 
TT 640 058.2 -12.8 059.5 -07.7 6.35E-05 003.3 220.9 -37.1 0.244148 0.260443 0.096333 hargrave 2022-02-11 08:52:59 
TT 650 055.1 -11.6 056.4 -06.9 6.26E-05 003.8 216.9 -36.9 0.277705 0.301070 0.099762 hargrave 2022-02-12 13:31:01 
TT 655 052.3 -11.9 053.7 -07.7 5.78E-05 001.3 213.7 -38.1 0.090691 0.089657 0.088006 hargrave 2022-02-13 17:13:32 
TT 660 055.6 -13.1 057.0 -08.4 5.17E-05 003.7 218.0 -38.2 0.223669 0.241904 0.085162 hargrave 2022-02-14 15:27:25 
TT 664 055.9 -15.2 057.7 -10.4 4.40E-05 001.5 219.3 -40.1 0.076599 0.081949 0.073320 hargrave 2022-02-15 12:55:48 
TT 667 056.7 -14.3 058.3 -09.4 4.32E-05 004.7 219.8 -39.0 0.240420 0.263118 0.073682 hargrave 2022-02-16 09:18:33 
TT 670 054.8 -14.7 056.5 -10.1 4.10E-05 004.0 217.7 -40.0 0.181633 0.216358 0.071549 hargrave 2022-02-17 08:53:17 
TT 673 052.0 -12.7 053.5 -08.5 3.91E-05 001.4 213.6 -38.9 0.054001 0.068660 0.067341 hargrave 2022-02-17 18:41:06 
TT 675 056.9 -14.4 058.5 -09.6 3.52E-05 001.4 220.1 -39.1 0.061600 0.040662 0.058421 hargrave 2022-02-19 17:41:40 
TT 677 051.9 -13.8 053.6 -09.6 2.58E-05 003.7 213.9 -40.0 0.104511 0.129161 0.037776 hargrave 2022-02-21 09:54:55 
TT 679 049.2 -08.1 050.0 -04.3 2.01E-05 002.3 208.7 -35.2 0.044585 0.072872 0.028768 hargrave 2022-02-21 18:20:08 
TT 683 050.8 -02.3 050.8 001.6 1.53E-05 001.9 208.9 -29.2 0.038388 0.037455 0.022869 hargrave 2022-02-22 19:03:11 
TT 685 043.2 -17.1 045.6 -14.1 2.04E-06 002.4 204.0 -45.3 0.004010 0.007910 0.002738 hargrave 2022-02-23 18:23:33 
TT 688 074.1 035.7 069.1 042.2 4.11E-06 001.4 218.6 013.6 0.008731 0.007127 0.005612 hargrave 2022-02-24 18:37:38 
