HF2- 2 mag compass orientation (IGRF corrected)
  57.47 316.8  60.0 205.0   9.0   1.0
NRM    039.8 002.8 039.2 005.1 9.75E-05 001.3 167.3 -56.5 0.107903 0.211183 0.066228 hargrave 2021-12-24 13:20:34 
TT 150 042.8 001.1 042.4 003.8 9.58E-05 001.4 172.2 -58.7 0.095430 0.214641 0.063965 hargrave 2021-12-25 14:21:47 
TT 300 046.3 -02.0 046.4 001.3 9.07E-05 000.8 179.0 -62.0 0.097849 0.086414 0.088662 hargrave 2021-12-27 13:45:05 
TT 400 049.1 -04.5 049.4 -00.8 8.49E-05 001.8 185.2 -64.4 0.033211 0.263889 0.075823 hargrave 2021-12-28 13:50:57 
TT 450 049.3 -05.4 049.8 -01.7 8.22E-05 002.0 186.0 -65.3 0.058934 0.285070 0.054191 hargrave 2021-12-29 13:08:12 
TT 500 051.4 -06.4 052.0 -02.3 7.87E-05 001.0 191.3 -66.0 0.032043 0.136178 0.067785 hargrave 2021-12-30 14:09:35 
TT 550 051.8 -06.6 052.5 -02.5 7.36E-05 000.4 192.4 -66.1 0.034809 0.046650 0.066538 hargrave 2021-12-31 14:02:35 
TT 565 050.2 -08.4 051.2 -04.5 7.09E-05 000.6 189.2 -68.2 0.034713 0.068960 0.077760 hargrave 2022-01-01 09:59:08 
TT 580 051.8 -06.3 052.4 -02.2 6.81E-05 001.4 192.2 -65.8 0.040122 0.159783 0.057470 hargrave 2022-01-02 12:38:55 
TT 600 049.9 -09.2 051.0 -05.3 6.30E-05 001.0 188.6 -69.0 0.089705 0.056492 0.042841 hargrave 2022-02-07 18:04:33 
TT 610 051.7 -07.2 052.5 -03.1 5.97E-05 001.3 192.5 -66.7 0.021013 0.126611 0.064258 hargrave 2022-02-08 15:59:18 
TT 620 051.3 -09.2 052.4 -05.2 5.56E-05 001.3 192.5 -68.8 0.037555 0.119442 0.063840 hargrave 2022-02-09 13:52:03 
TT 630 053.2 -11.0 054.4 -06.7 5.40E-05 001.9 198.8 -70.1 0.074710 0.161843 0.042399 hargrave 2022-02-10 13:25:39 
TT 640 052.3 -11.9 053.6 -07.7 5.01E-05 002.3 196.8 -71.2 0.116647 0.161036 0.064105 hargrave 2022-02-11 08:48:40 
TT 650 051.0 -10.1 052.1 -06.0 4.78E-05 002.6 192.0 -69.7 0.147350 0.143840 0.078778 hargrave 2022-02-12 13:26:41 
TT 655 049.5 -12.3 051.0 -08.4 4.22E-05 001.9 188.7 -72.1 0.086266 0.097834 0.056169 hargrave 2022-02-13 17:09:09 
TT 660 055.8 -08.7 056.6 -04.0 3.33E-05 002.2 203.3 -67.1 0.093315 0.081349 0.049785 hargrave 2022-02-14 15:23:04 
TT 664 066.2 -01.1 066.0 004.8 1.82E-05 003.2 216.1 -55.7 0.069016 0.070824 0.045156 hargrave 2022-02-15 12:51:28 
TT 667 074.5 -05.1 074.7 001.7 1.48E-05 001.0 231.9 -53.9 0.020741 0.022442 0.025226 hargrave 2022-02-16 09:14:13 
TT 670 048.1 -16.3 050.2 -12.7 1.09E-05 001.0 185.1 -76.3 0.010688 0.012021 0.029877 hargrave 2022-02-17 08:48:57 
TT 673 068.7 007.0 067.6 013.2 1.59E-05 002.4 213.2 -47.4 0.036443 0.050587 0.044730 hargrave 2022-02-17 18:36:47 
TT 675 036.2 -01.5 036.3 000.2 9.20E-06 001.1 158.5 -59.8 0.008146 0.015235 0.008304 hargrave 2022-02-19 17:37:20 
TT 677 354.2 009.1 353.3 004.4 3.40E-06 004.8 119.1 -26.1 0.012384 0.007325 0.030562 hargrave 2022-02-21 09:50:34 
TT 679 340.3 036.1 336.3 029.6 5.19E-06 003.9 132.2 000.9 0.011910 0.010164 0.032690 hargrave 2022-02-21 18:15:47 
TT 683 017.6 025.6 013.5 024.1 5.81E-06 003.7 150.2 -27.8 0.011378 0.015411 0.037733 hargrave 2022-02-22 18:58:52 
TT 685 025.0 -16.5 027.6 -16.3 3.05E-06 002.3 119.3 -65.9 0.011014 0.006066 0.002593 hargrave 2022-02-23 18:19:12 
TT 688 346.7 061.5 336.1 055.2 3.52E-06 002.1 154.8 013.5 0.005528 0.013797 0.005672 hargrave 2022-02-24 18:33:17 
