HF2- 6 mag compass orientation (IGRF corrected)
  57.09 290.8  16.0 205.0   9.0   1.0
NRM    062.3 -06.2 062.7 -00.7 9.53E-05 004.1 223.8 -18.0 0.464519 0.481494 0.127358 hargrave 2021-12-24 13:25:10 
TT 150 059.9 -07.0 060.4 -01.8 9.54E-05 000.9 221.5 -19.2 0.107051 0.106739 0.124109 hargrave 2021-12-25 14:26:25 
TT 300 060.3 -09.4 061.2 -04.1 9.27E-05 000.9 222.4 -21.5 0.141133 0.075092 0.105615 hargrave 2021-12-27 13:49:51 
TT 400 059.6 -10.5 060.6 -05.3 8.79E-05 000.9 221.9 -22.7 0.080818 0.095080 0.104226 hargrave 2021-12-28 13:55:32 
TT 450 060.4 -11.5 061.6 -06.2 8.37E-05 001.4 223.0 -23.6 0.107173 0.145592 0.096659 hargrave 2021-12-29 13:13:56 
TT 500 060.7 -11.9 061.9 -06.6 8.01E-05 002.5 223.4 -23.9 0.248740 0.230122 0.097237 hargrave 2021-12-30 14:15:19 
TT 550 058.1 -11.9 059.3 -06.9 7.59E-05 001.7 220.6 -24.4 0.143053 0.156377 0.085616 hargrave 2021-12-31 14:08:19 
TT 565 057.0 -10.7 058.1 -05.9 7.41E-05 000.9 219.2 -23.4 0.066785 0.075080 0.086082 hargrave 2022-01-01 10:04:54 
TT 580 059.6 -11.4 060.7 -06.2 7.20E-05 000.9 222.1 -23.6 0.077814 0.072267 0.078822 hargrave 2022-01-02 12:44:40 
TT 600 056.6 -11.7 057.9 -06.8 7.05E-05 002.8 219.0 -24.4 0.276965 0.234216 0.098739 hargrave 2022-02-07 18:09:21 
TT 610 057.3 -13.1 058.7 -08.2 6.73E-05 002.7 220.0 -25.7 0.214927 0.229612 0.072544 hargrave 2022-02-08 16:05:02 
TT 620 056.9 -13.5 058.4 -08.7 6.42E-05 001.0 219.7 -26.2 0.033665 0.069339 0.091333 hargrave 2022-02-09 13:57:48 
TT 630 055.5 -13.8 057.0 -09.1 6.23E-05 003.1 218.2 -26.7 0.210306 0.255545 0.072048 hargrave 2022-02-10 13:31:23 
TT 640 057.9 -15.7 059.7 -10.6 6.03E-05 001.6 221.2 -28.1 0.118100 0.107662 0.056329 hargrave 2022-02-11 08:54:22 
TT 650 054.3 -14.2 055.9 -09.7 5.89E-05 006.6 217.0 -27.3 0.428800 0.523203 0.067861 hargrave 2022-02-12 13:32:25 
TT 655 051.8 -13.2 053.3 -09.0 5.47E-05 001.5 214.1 -26.7 0.102331 0.094453 0.061077 hargrave 2022-02-13 17:14:57 
TT 660 054.1 -14.4 055.7 -09.9 5.36E-05 003.4 216.8 -27.5 0.199895 0.243338 0.058988 hargrave 2022-02-14 15:28:50 
TT 664 058.4 -14.6 060.0 -09.6 4.60E-05 002.0 221.5 -27.0 0.109884 0.118520 0.048058 hargrave 2022-02-15 12:57:12 
TT 667 053.3 -14.9 055.1 -10.5 4.45E-05 003.5 216.1 -28.1 0.168141 0.212504 0.057853 hargrave 2022-02-16 09:19:57 
TT 670 054.3 -14.4 056.0 -09.9 4.34E-05 002.4 217.1 -27.5 0.124987 0.137668 0.039976 hargrave 2022-02-17 08:54:42 
TT 673 053.9 -18.1 056.1 -13.6 3.85E-05 000.9 217.4 -31.2 0.051871 0.042557 0.031856 hargrave 2022-02-17 18:42:30 
TT 675 052.5 -18.5 054.8 -14.1 3.49E-05 001.5 215.9 -31.8 0.040425 0.076597 0.043126 hargrave 2022-02-19 17:43:04 
TT 677 050.4 -16.1 052.5 -12.1 3.01E-05 002.3 213.2 -29.8 0.083389 0.083421 0.033686 hargrave 2022-02-21 09:56:20 
TT 679 056.7 -14.7 058.4 -09.9 2.32E-05 001.4 219.7 -27.4 0.046758 0.046846 0.020669 hargrave 2022-02-21 18:21:32 
TT 683 041.6 -13.0 043.4 -10.3 1.61E-05 007.7 203.1 -27.9 0.097300 0.195294 0.022947 hargrave 2022-02-22 19:04:34 
TT 685 033.9 -07.5 034.9 -06.1 7.23E-06 001.9 194.1 -23.1 0.012144 0.020823 0.009513 hargrave 2022-02-23 18:24:57 
TT 688 059.5 005.6 058.4 010.6 2.77E-06 002.6 218.8 -06.9 0.007497 0.010349 0.004707 hargrave 2022-02-24 18:39:01 
