HF2- 7 mag compass orientation (IGRF corrected)
  57.06 309.8  59.0 205.0   9.0   1.0
NRM    061.1 -01.3 060.9 004.0 5.30E-05 061.7 218.2 -54.1 2.604999 2.053094 4.589207 hargrave 2021-12-24 13:27:03 
NRM    057.1 000.9 056.7 005.7 1.06E-04 000.8 210.5 -54.1 0.104755 0.101865 0.055762 hargrave 2021-12-24 14:59:46 
TT 150 059.9 -02.8 059.9 002.4 1.07E-04 001.0 217.9 -56.0 0.061979 0.136705 0.125800 hargrave 2021-12-25 14:27:32 
TT 300 057.5 -02.8 057.5 002.1 1.08E-04 001.7 214.1 -57.2 0.229175 0.107010 0.211821 hargrave 2021-12-27 13:50:58 
TT 400 057.3 -04.1 057.5 000.7 1.06E-04 001.3 215.0 -58.5 0.116634 0.140796 0.192567 hargrave 2021-12-28 13:56:38 
TT 450 056.9 -05.7 057.4 -00.9 1.04E-04 003.0 215.9 -60.0 0.439143 0.249440 0.202468 hargrave 2021-12-29 13:15:20 
TT 500 058.9 -07.3 059.5 -02.2 1.01E-04 001.3 220.9 -60.3 0.175031 0.045892 0.177858 hargrave 2021-12-30 14:16:43 
TT 550 056.3 -06.4 056.8 -01.7 9.51E-05 001.3 215.5 -61.0 0.131714 0.086286 0.163934 hargrave 2021-12-31 14:09:43 
TT 565 056.8 -07.6 057.5 -02.8 9.25E-05 002.5 217.6 -61.7 0.336841 0.187089 0.167705 hargrave 2022-01-01 10:06:18 
TT 580 056.1 -07.3 056.8 -02.6 9.12E-05 001.5 216.2 -61.8 0.085443 0.175181 0.154383 hargrave 2022-01-02 12:46:03 
TT 600 056.8 -08.4 057.6 -03.6 8.79E-05 002.2 218.7 -62.4 0.256625 0.136206 0.177100 hargrave 2022-02-07 18:10:28 
TT 610 056.7 -07.6 057.4 -02.9 8.34E-05 002.3 217.6 -61.8 0.285152 0.134040 0.143359 hargrave 2022-02-08 16:06:25 
TT 620 055.5 -07.2 056.2 -02.6 7.91E-05 002.3 215.0 -62.0 0.280684 0.101150 0.138255 hargrave 2022-02-09 13:59:12 
TT 630 053.9 -06.9 054.6 -02.5 7.32E-05 001.6 211.7 -62.5 0.153530 0.065163 0.132947 hargrave 2022-02-10 13:32:47 
TT 640 056.4 -07.8 057.1 -03.1 7.25E-05 001.7 217.2 -62.1 0.186409 0.050329 0.118751 hargrave 2022-02-11 08:55:47 
TT 650 052.7 -06.3 053.3 -02.1 7.15E-05 002.5 208.8 -62.5 0.251322 0.142254 0.136635 hargrave 2022-02-12 13:33:49 
TT 655 051.7 -07.3 052.4 -03.2 6.69E-05 001.8 207.6 -63.8 0.182176 0.068760 0.107107 hargrave 2022-02-13 17:16:22 
TT 660 056.2 -07.3 056.9 -02.6 6.33E-05 002.9 216.3 -61.8 0.263872 0.152809 0.118129 hargrave 2022-02-14 15:31:03 
TT 664 052.7 -09.9 053.8 -05.6 5.62E-05 002.4 212.3 -65.7 0.198517 0.084935 0.090443 hargrave 2022-02-15 12:58:36 
TT 667 056.6 -11.6 057.8 -06.7 4.99E-05 003.5 222.3 -65.1 0.254157 0.152666 0.080671 hargrave 2022-02-16 09:21:21 
TT 670 054.2 -08.7 055.1 -04.3 4.99E-05 004.0 214.1 -64.0 0.284858 0.191628 0.087575 hargrave 2022-02-17 08:56:05 
TT 673 053.8 -08.6 054.6 -04.2 4.66E-05 002.0 213.1 -64.1 0.134387 0.053602 0.081581 hargrave 2022-02-17 18:43:54 
TT 675 054.6 -07.9 055.4 -03.4 4.20E-05 002.8 214.1 -63.1 0.163781 0.096854 0.078156 hargrave 2022-02-19 17:44:28 
TT 677 054.3 -09.6 055.3 -05.1 3.23E-05 003.2 215.2 -64.7 0.146963 0.093793 0.066430 hargrave 2022-02-21 09:57:44 
TT 679 064.4 -11.3 065.4 -05.5 2.69E-05 004.5 234.5 -59.9 0.195354 0.079470 0.033926 hargrave 2022-02-21 18:22:56 
TT 683 053.6 -19.5 056.1 -15.0 1.72E-05 002.7 230.5 -73.0 0.076711 0.024189 0.008907 hargrave 2022-02-22 19:05:58 
TT 685 062.4 -05.1 062.7 000.4 9.59E-06 001.5 224.0 -56.5 0.013842 0.019853 0.011135 hargrave 2022-02-23 18:26:21 
TT 688 093.5 -02.4 093.4 005.9 4.08E-06 005.4 251.6 -31.9 0.037570 0.008785 0.004671 hargrave 2022-02-24 18:40:26 
