HF2- 1 mag compass orientation (IGRF corrected)
  57.47 311.8  80.0 205.0   9.0   1.0
NRM    344.2 002.0 344.3 -03.9 1.12E-09 073.6 098.6 -31.4 0.000309 0.000401 0.000055 hargrave 2021-12-24 13:19:18 
NRM    053.6 -03.4 053.8 001.0 6.95E-05 000.5 241.4 -76.5 0.030257 0.053058 0.021844 hargrave 2021-12-24 14:53:27 
TT 150 005.9 050.8 356.4 047.1 2.96E-09 084.6 156.5 -21.7 0.001161 0.001414 0.000697 hargrave 2021-12-25 14:20:31 
TT 150 053.7 -00.1 053.4 004.2 6.84E-05 000.9 230.8 -74.6 0.077819 0.071589 0.024286 hargrave 2021-12-25 16:11:30 
TT 300 056.3 -08.3 057.1 -03.6 6.67E-05 001.0 264.4 -75.6 0.087626 0.074358 0.021412 hargrave 2021-12-27 13:43:49 
TT 400 056.2 -09.6 057.2 -04.9 6.35E-05 000.9 269.7 -75.8 0.085973 0.047128 0.019909 hargrave 2021-12-28 13:49:41 
TT 450 056.7 -11.1 057.9 -06.3 3.08E-05 073.6 275.8 -75.3 0.090915 0.832561 3.180545 hargrave 2021-12-29 13:06:39 
TT 450 055.6 -05.1 055.9 -00.5 6.17E-05 000.6 251.2 -75.5 0.063089 0.023646 0.015059 hargrave 2021-12-29 17:49:36 
TT 500 057.0 -09.0 057.9 -04.2 2.94E-05 041.6 267.4 -75.0 0.046406 0.815132 3.040161 hargrave 2021-12-30 14:08:02 
TT 500 056.4 -06.6 056.9 -01.9 5.92E-05 000.5 258.0 -75.2 0.050050 0.015654 0.019163 hargrave 2021-12-31 09:55:38 
TT 550 057.3 -10.5 058.4 -05.6 5.54E-05 002.0 273.2 -74.7 0.194079 0.019944 0.017415 hargrave 2021-12-31 14:01:01 
TT 565 056.1 -10.8 057.3 -06.1 5.31E-05 002.3 274.6 -75.9 0.212304 0.019997 0.014317 hargrave 2022-01-01 09:57:35 
TT 580 056.0 -09.9 057.0 -05.2 5.27E-05 002.8 270.9 -76.0 0.251050 0.032443 0.018344 hargrave 2022-01-02 12:37:20 
TT 600 057.8 -11.8 059.0 -06.8 2.53E-05 046.5 277.9 -74.2 0.102203 0.727226 2.598616 hargrave 2022-02-07 18:03:13 
TT 610 056.3 -11.9 057.6 -07.1 4.87E-05 001.8 279.0 -75.6 0.149001 0.038527 0.018265 hargrave 2022-02-08 15:57:43 
TT 620 054.0 -10.3 055.1 -05.9 2.24E-05 051.4 272.5 -78.0 0.024636 0.495518 2.338898 hargrave 2022-02-09 13:50:30 
TT 620 053.9 -08.1 054.7 -03.7 4.49E-05 000.3 261.8 -77.9 0.020646 0.004523 0.005365 hargrave 2022-02-09 16:23:33 
TT 630 054.3 -14.5 056.0 -10.0 4.50E-05 001.7 291.5 -77.0 0.129673 0.016677 0.011463 hargrave 2022-02-10 13:24:06 
TT 640 056.8 -13.9 058.4 -09.1 4.44E-05 002.3 286.4 -74.8 0.175736 0.011624 0.009852 hargrave 2022-02-11 08:47:07 
TT 650 054.4 -12.3 055.8 -07.8 4.39E-05 002.6 281.6 -77.4 0.197654 0.011109 0.009627 hargrave 2022-02-12 13:25:08 
TT 655 051.1 -16.3 053.1 -12.2 3.79E-05 002.4 305.7 -79.0 0.153797 0.044379 0.014674 hargrave 2022-02-13 17:07:35 
TT 660 050.5 -14.6 052.3 -10.6 3.52E-05 001.9 299.4 -80.3 0.116774 0.016775 0.010570 hargrave 2022-02-14 15:21:30 
TT 664 051.9 -17.6 054.1 -13.4 3.13E-05 001.8 309.0 -77.6 0.094761 0.017537 0.012363 hargrave 2022-02-15 12:49:54 
TT 667 052.3 -16.9 054.4 -12.7 2.93E-05 001.0 305.4 -77.7 0.052228 0.008708 0.005501 hargrave 2022-02-16 09:12:40 
TT 670 049.0 -19.5 051.6 -15.7 2.66E-05 001.1 324.7 -78.2 0.049391 0.019907 0.006062 hargrave 2022-02-17 08:47:24 
TT 673 048.9 -19.5 051.5 -15.7 2.62E-05 002.1 325.0 -78.3 0.085868 0.045209 0.009214 hargrave 2022-02-17 18:35:13 
TT 675 044.0 -22.7 047.3 -19.5 1.10E-05 067.7 350.8 -77.1 0.259912 0.042910 1.150272 hargrave 2022-02-19 17:35:47 
TT 675 048.5 -20.0 051.2 -16.2 2.21E-05 000.3 327.7 -78.1 0.005501 0.010953 0.006258 hargrave 2022-02-20 10:11:10 
TT 677 050.4 -14.0 052.1 -10.0 2.05E-05 001.9 296.0 -80.7 0.066401 0.018941 0.003233 hargrave 2022-02-21 09:49:00 
TT 679 043.9 -19.8 046.7 -16.7 1.70E-05 000.7 348.5 -80.0 0.010934 0.018503 0.006216 hargrave 2022-02-21 18:14:14 
TT 683 060.3 -14.5 061.8 -09.2 1.41E-05 001.0 286.0 -71.4 0.022825 0.012735 0.009056 hargrave 2022-02-22 18:57:18 
TT 685 041.2 -27.4 045.4 -24.6 1.02E-05 001.8 001.7 -72.6 0.012831 0.028261 0.005766 hargrave 2022-02-23 18:17:39 
TT 688 063.4 -09.8 064.3 -04.1 1.12E-05 003.2 271.3 -68.7 0.060611 0.012925 0.006496 hargrave 2022-02-24 18:31:44 
