HF3- 2 mag compass orientation (IGRF corrected)
  48.94 283.8  19.0 188.0  10.0   1.0
NRM    055.8 043.4 048.1 050.4 1.98E-05 001.6 213.5 028.3 0.032010 0.044107 0.027259 hargrave 2021-12-24 13:29:26 
TT 150 045.7 022.0 041.9 027.8 1.60E-05 001.7 209.5 005.6 0.032228 0.032401 0.021107 hargrave 2021-12-25 14:29:58 
TT 300 053.7 -05.5 053.9 001.7 1.71E-05 001.8 222.7 -19.8 0.039837 0.047829 0.014585 hargrave 2021-12-27 13:53:24 
TT 400 064.5 -12.9 065.4 -04.5 2.04E-05 002.2 235.9 -24.3 0.050983 0.065551 0.018723 hargrave 2021-12-28 13:59:00 
TT 450 064.7 -13.9 065.6 -05.5 2.18E-05 001.9 236.4 -25.2 0.056851 0.056029 0.021784 hargrave 2021-12-29 13:18:16 
TT 500 071.6 -16.0 072.5 -07.0 2.24E-05 003.1 244.1 -25.3 0.111921 0.062108 0.020167 hargrave 2021-12-30 14:19:40 
TT 550 073.6 -13.4 074.3 -04.2 2.47E-05 002.0 245.3 -22.2 0.076476 0.046945 0.025738 hargrave 2021-12-31 14:12:39 
TT 565 077.5 -16.5 078.2 -07.1 2.37E-05 003.2 250.2 -24.0 0.122440 0.054060 0.024870 hargrave 2022-01-01 10:09:16 
TT 580 073.0 -14.2 073.7 -05.1 2.50E-05 001.4 244.9 -23.2 0.056541 0.036453 0.023320 hargrave 2022-01-02 12:49:00 
TT 600 071.0 -07.3 071.3 001.6 2.03E-05 030.0 240.8 -17.2 0.458048 0.893566 0.517785 hargrave 2022-02-07 18:44:25 
TT 600 077.0 -17.6 077.8 -08.2 2.39E-05 004.0 250.1 -25.2 0.156794 0.057377 0.018415 hargrave 2022-02-07 18:50:13 
TT 610 073.8 -15.7 074.6 -06.6 2.42E-05 003.9 246.2 -24.4 0.153489 0.070913 0.019210 hargrave 2022-02-08 16:09:22 
TT 620 078.4 -13.0 078.9 -03.5 2.31E-05 002.1 249.9 -20.4 0.081005 0.050072 0.015125 hargrave 2022-02-09 14:02:09 
TT 630 073.4 -10.6 073.9 -01.5 2.43E-05 002.6 244.2 -19.6 0.102177 0.054493 0.016028 hargrave 2022-02-10 13:35:43 
TT 640 074.9 -11.1 075.3 -01.9 2.47E-05 005.1 245.8 -19.7 0.208464 0.087467 0.024654 hargrave 2022-02-11 08:58:43 
TT 650 076.1 -11.2 076.5 -01.9 2.66E-05 000.9 247.0 -19.4 0.044453 0.029359 0.017612 hargrave 2022-02-12 13:36:46 
TT 655 069.2 -10.8 069.7 -02.0 2.47E-05 004.6 240.0 -21.0 0.175884 0.099078 0.023254 hargrave 2022-02-13 17:20:11 
TT 660 074.0 -11.9 074.5 -02.8 2.46E-05 001.8 245.2 -20.7 0.072632 0.041006 0.016656 hargrave 2022-02-14 15:34:01 
TT 664 073.2 -11.9 073.8 -02.8 2.06E-05 003.1 244.4 -20.9 0.102644 0.050147 0.022956 hargrave 2022-02-15 13:01:34 
TT 667 078.1 -12.0 078.5 -02.6 2.13E-05 001.7 249.3 -19.6 0.060574 0.038582 0.014344 hargrave 2022-02-16 09:24:20 
TT 670 076.2 -10.6 076.5 -01.3 1.90E-05 007.2 246.9 -18.8 0.221942 0.098351 0.012623 hargrave 2022-02-17 08:59:02 
TT 673 073.1 -10.3 073.6 -01.2 1.82E-05 002.0 243.8 -19.4 0.058053 0.037193 0.013881 hargrave 2022-02-17 18:46:52 
TT 675 070.5 -05.7 070.6 003.1 1.73E-05 001.2 239.8 -15.8 0.033694 0.028629 0.014726 hargrave 2022-02-19 17:47:25 
TT 677 063.2 001.7 062.6 009.9 1.14E-05 003.0 230.5 -10.6 0.044949 0.042594 0.010698 hargrave 2022-02-21 10:00:42 
TT 679 062.3 -03.1 062.2 005.0 9.14E-06 002.0 230.9 -15.5 0.026839 0.021798 0.007349 hargrave 2022-02-21 18:25:53 
TT 683 060.2 005.3 059.2 013.2 6.50E-06 004.5 226.7 -07.8 0.036160 0.038072 0.005799 hargrave 2022-02-22 19:08:54 
TT 685 029.4 001.1 028.9 004.7 3.87E-06 001.9 196.3 -17.2 0.008695 0.011095 0.006326 hargrave 2022-02-23 18:29:18 
TT 688 014.4 -14.7 016.9 -13.4 1.96E-06 003.5 180.7 -33.7 0.007974 0.008681 0.004813 hargrave 2022-02-24 18:43:23 
