HF3- 6 sun compass orientation
     49 295.8  51.0 188.0  10.0   1.0
NRM    277.8 -33.0 277.8 -43.0 1.70E-05 003.1 053.7 -08.1 0.070506 0.050508 0.037435 hargrave 2021-12-24 13:35:33 
TT 150 276.6 -43.5 276.2 -53.5 1.95E-05 001.7 045.0 -14.3 0.054580 0.035899 0.037394 hargrave 2021-12-25 14:36:06 
TT 300 278.3 -40.0 278.3 -50.0 2.11E-05 002.1 048.6 -13.0 0.081174 0.047070 0.020486 hargrave 2021-12-27 14:00:18 
TT 400 272.0 -36.9 270.9 -46.9 2.29E-05 005.3 047.5 -07.3 0.132069 0.175645 0.030048 hargrave 2021-12-28 14:05:44 
TT 450 272.9 -33.4 272.2 -43.3 2.35E-05 001.3 050.6 -05.4 0.038653 0.043882 0.035770 hargrave 2021-12-29 13:27:16 
TT 500 271.6 -29.7 270.7 -39.7 2.40E-05 003.9 052.4 -02.0 0.047884 0.284599 0.036430 hargrave 2021-12-30 14:27:51 
TT 550 268.9 -30.3 267.7 -40.1 2.22E-05 005.5 050.4 -00.8 0.164702 0.138597 0.031442 hargrave 2021-12-31 14:20:51 
TT 565 262.9 -31.5 260.9 -41.1 2.26E-05 001.9 045.8 001.8 0.080414 0.050979 0.021805 hargrave 2022-01-01 12:03:08 
TT 580 268.4 -28.6 267.2 -38.5 2.18E-05 002.6 051.2 000.7 0.081253 0.053637 0.041118 hargrave 2022-01-02 12:57:12 
TT 600 271.6 -29.7 270.7 -39.7 2.15E-05 005.6 052.4 -02.0 0.146367 0.157671 0.040484 hargrave 2022-02-07 18:56:21 
TT 610 273.0 -28.0 272.4 -38.0 2.28E-05 001.4 054.5 -01.7 0.052060 0.041835 0.038986 hargrave 2022-02-08 16:17:33 
TT 620 274.6 -24.3 274.3 -34.3 2.54E-05 003.1 058.2 -00.2 0.113171 0.077687 0.042480 hargrave 2022-02-09 14:10:22 
TT 630 271.3 -24.6 270.6 -34.5 2.51E-05 004.1 055.9 001.8 0.148682 0.111389 0.035779 hargrave 2022-02-10 13:43:53 
TT 640 269.5 -24.6 268.6 -34.5 2.59E-05 006.9 054.7 002.9 0.245560 0.193993 0.046533 hargrave 2022-02-11 09:07:42 
TT 650 268.4 -24.5 267.4 -34.4 2.52E-05 003.6 054.0 003.7 0.126669 0.103676 0.042958 hargrave 2022-02-12 13:44:59 
TT 655 268.5 -26.7 267.5 -36.6 2.53E-05 002.7 052.6 002.0 0.094607 0.084210 0.042578 hargrave 2022-02-13 17:28:29 
TT 660 269.3 -26.4 268.3 -36.3 2.04E-05 005.9 053.3 001.8 0.166435 0.131907 0.033919 hargrave 2022-02-14 15:42:16 
TT 664 269.6 -20.3 268.9 -30.2 2.00E-05 003.0 057.8 005.9 0.088398 0.057859 0.029495 hargrave 2022-02-15 13:09:47 
TT 667 273.3 -22.0 272.8 -32.0 1.65E-05 006.5 059.0 002.3 0.164218 0.091032 0.027820 hargrave 2022-02-16 09:33:22 
TT 670 271.7 -21.0 271.1 -30.9 1.26E-05 003.5 058.7 004.1 0.067429 0.038132 0.022152 hargrave 2022-02-17 09:08:49 
TT 673 256.2 -18.7 254.5 -28.0 8.75E-06 001.5 049.2 015.5 0.020202 0.015216 0.013700 hargrave 2022-02-17 18:55:52 
TT 675 261.0 -30.7 258.8 -40.3 7.05E-06 004.4 045.0 003.4 0.041593 0.035606 0.011483 hargrave 2022-02-19 17:54:49 
TT 677 310.6 -31.9 314.8 -40.2 4.59E-06 001.6 071.5 -30.1 0.011008 0.008245 0.002416 hargrave 2022-02-21 10:09:43 
TT 679 286.8 -04.1 287.0 -14.0 6.17E-06 003.0 081.1 004.4 0.030333 0.014760 0.003615 hargrave 2022-02-21 18:33:17 
TT 683 271.5 051.2 272.6 041.2 1.82E-06 004.8 127.8 043.7 0.010519 0.011306 0.003284 hargrave 2022-02-22 19:16:19 
TT 685 358.3 -24.3 002.9 -25.6 2.25E-06 001.4 114.2 -62.5 0.004409 0.004272 0.000695 hargrave 2022-02-23 18:36:45 
TT 688 074.6 -28.0 076.2 -18.8 1.88E-06 002.5 269.9 -48.4 0.007996 0.003568 0.002355 hargrave 2022-02-24 18:50:46 
