HF3- 9 mag compass orientation (IGRF corrected)
  50.37 317.8  65.0 188.0  10.0   1.0
NRM    245.7 008.1 246.1 -00.3 3.46E-05 000.7 048.4 066.0 0.037415 0.022795 0.015063 hargrave 2021-12-24 13:38:55 
TT 150 244.8 -01.0 244.3 -09.4 3.41E-05 001.0 034.9 059.2 0.044409 0.031428 0.025054 hargrave 2021-12-25 14:39:31 
TT 300 249.7 -03.3 249.0 -12.1 3.34E-05 001.4 039.9 054.6 0.065302 0.046579 0.024628 hargrave 2021-12-27 14:03:44 
TT 400 253.5 -02.3 253.0 -11.4 3.32E-05 001.0 046.1 053.0 0.054427 0.031891 0.020597 hargrave 2021-12-28 14:09:02 
TT 450 251.9 -03.2 251.3 -12.2 3.32E-05 004.5 043.1 053.3 0.200562 0.168138 0.019440 hargrave 2021-12-29 13:31:22 
TT 500 252.9 -04.1 252.3 -13.2 3.20E-05 003.8 043.5 052.0 0.166896 0.132579 0.025992 hargrave 2021-12-30 14:31:57 
TT 550 252.9 -05.9 252.1 -15.0 2.98E-05 005.2 041.6 050.6 0.200592 0.185909 0.021671 hargrave 2021-12-31 14:24:56 
TT 565 255.4 -05.1 254.7 -14.3 3.04E-05 003.3 045.5 049.7 0.132274 0.115145 0.023633 hargrave 2022-01-01 10:21:37 
TT 580 255.0 -03.0 254.5 -12.2 3.03E-05 003.5 047.2 051.5 0.146416 0.116811 0.018036 hargrave 2022-01-02 13:01:17 
TT 600 258.3 -03.4 257.8 -12.8 2.95E-05 004.3 050.6 049.0 0.186170 0.121757 0.021530 hargrave 2022-02-07 19:01:15 
TT 610 255.4 -05.8 254.6 -15.0 2.90E-05 002.2 044.8 049.2 0.097707 0.062995 0.019500 hargrave 2022-02-08 16:21:37 
TT 620 257.2 -03.6 256.7 -12.9 2.80E-05 002.5 049.2 049.6 0.100196 0.069562 0.018813 hargrave 2022-02-09 14:15:16 
TT 630 258.6 -03.8 258.1 -13.2 2.72E-05 002.3 050.5 048.5 0.098921 0.049324 0.018586 hargrave 2022-02-10 13:47:59 
TT 640 254.9 -04.4 254.3 -13.6 2.74E-05 004.7 045.6 050.5 0.186667 0.131085 0.018843 hargrave 2022-02-11 09:11:46 
TT 650 254.3 -05.5 253.6 -14.6 2.50E-05 001.6 043.8 050.1 0.064674 0.033925 0.017888 hargrave 2022-02-12 13:49:55 
TT 655 253.5 -01.9 253.0 -11.0 2.48E-05 004.7 046.5 053.3 0.161795 0.125770 0.014809 hargrave 2022-02-13 17:32:37 
TT 660 251.7 001.3 251.5 -07.7 2.05E-05 004.3 048.0 056.9 0.131777 0.084085 0.014348 hargrave 2022-02-14 15:46:23 
TT 664 252.5 000.2 252.2 -08.8 1.77E-05 003.3 047.7 055.6 0.085870 0.056210 0.013680 hargrave 2022-02-15 13:13:53 
TT 667 249.0 -01.9 248.5 -10.7 1.39E-05 002.6 040.5 056.1 0.047150 0.045363 0.014792 hargrave 2022-02-16 09:37:28 
TT 670 257.1 005.4 257.1 -03.9 1.11E-05 004.2 060.0 055.8 0.071463 0.041168 0.020355 hargrave 2022-02-17 09:12:55 
TT 673 254.0 -11.8 252.8 -20.9 4.15E-06 006.1 037.8 045.2 0.029715 0.032650 0.005105 hargrave 2022-02-17 18:59:57 
TT 675 203.9 020.1 207.1 017.1 2.95E-06 001.3 277.6 067.4 0.005367 0.004456 0.001331 hargrave 2022-02-19 17:58:54 
TT 677 052.5 001.0 051.9 008.0 2.82E-06 004.3 190.6 -63.6 0.013191 0.016044 0.004460 hargrave 2022-02-21 10:13:49 
TT 679 250.7 002.2 250.5 -06.6 1.44E-06 001.8 047.7 058.3 0.005397 0.003730 0.003276 hargrave 2022-02-21 18:37:22 
TT 683 146.2 -00.7 146.5 006.0 1.48E-06 010.1 274.2 007.3 0.026468 0.001703 0.001764 hargrave 2022-02-22 19:20:23 
TT 683 144.8 -00.7 145.2 006.2 1.56E-06 001.7 273.6 006.1 0.004251 0.002042 0.001508 hargrave 2022-02-23 09:19:49 
TT 685 230.0 075.7 249.0 067.7 2.11E-06 004.8 179.3 039.3 0.004998 0.016500 0.005007 hargrave 2022-02-23 18:40:50 
TT 688 190.0 -32.4 183.6 -32.2 2.49E-06 004.2 326.0 022.2 0.008207 0.016497 0.002885 hargrave 2022-02-24 18:54:53 
