HF3- 5 sun compass orientation
  48.94 302.3  60.0 188.0  10.0   1.0
NRM    006.0 -58.5 022.0 -57.4 8.86E-06 003.9 024.7 -56.3 0.031160 0.051648 0.007808 hargrave 2021-12-24 13:34:25 
TT 150 045.9 -81.3 073.7 -73.2 5.56E-06 066.0 357.4 -38.4 0.466063 0.030689 0.369290 hargrave 2021-12-25 14:34:58 
TT 150 033.6 -80.1 065.6 -73.2 1.11E-05 000.9 359.7 -39.9 0.014951 0.017401 0.011174 hargrave 2021-12-25 16:15:38 
TT 300 264.6 -73.3 246.5 -82.7 1.44E-05 004.5 013.9 -19.1 0.040875 0.109101 0.012575 hargrave 2021-12-27 13:59:10 
TT 400 260.3 -60.9 252.2 -70.2 8.25E-06 061.6 021.5 -08.9 0.810180 0.319938 0.136498 hargrave 2021-12-28 14:04:36 
TT 400 244.0 -67.3 223.7 -74.6 1.65E-05 001.3 011.9 -10.2 0.012817 0.034889 0.014898 hargrave 2021-12-28 15:23:16 
TT 450 255.0 -57.9 246.2 -66.8 1.75E-05 001.5 021.2 -04.9 0.037887 0.036485 0.024455 hargrave 2021-12-29 13:25:50 
TT 500 244.9 -56.7 233.7 -64.6 1.80E-05 007.9 017.2 -01.0 0.086496 0.237013 0.031648 hargrave 2021-12-30 14:26:25 
TT 550 250.1 -49.0 243.1 -57.6 1.82E-05 005.0 023.8 004.1 0.080947 0.143398 0.030057 hargrave 2021-12-31 14:19:26 
TT 565 244.9 -48.6 237.0 -56.6 1.95E-05 001.6 021.0 006.2 0.049883 0.034682 0.017354 hargrave 2022-01-01 12:01:43 
TT 580 248.4 -47.7 241.4 -56.1 1.88E-05 004.5 023.5 005.8 0.067893 0.135482 0.044860 hargrave 2022-01-02 12:55:46 
TT 600 251.7 -44.1 246.2 -52.9 1.99E-05 001.3 027.4 007.6 0.055204 0.031912 0.033019 hargrave 2022-02-07 18:54:56 
TT 610 252.0 -46.2 246.1 -54.9 1.94E-05 005.1 026.4 005.8 0.090006 0.161236 0.015085 hargrave 2022-02-08 16:16:08 
TT 620 258.6 -39.3 255.1 -48.7 2.08E-05 004.7 034.4 008.4 0.091911 0.152160 0.021928 hargrave 2022-02-09 14:08:57 
TT 630 262.4 -39.7 259.5 -49.3 2.22E-05 004.4 036.4 006.2 0.105944 0.144172 0.014827 hargrave 2022-02-10 13:42:28 
TT 640 251.1 -43.4 245.6 -52.1 1.15E-05 070.6 027.4 008.5 1.078591 0.559729 0.182438 hargrave 2022-02-11 09:06:17 
TT 640 256.8 -38.9 253.1 -48.1 2.29E-05 008.7 033.6 009.6 0.185960 0.299735 0.024085 hargrave 2022-02-11 16:14:02 
TT 650 250.4 -40.7 245.4 -49.3 2.23E-05 007.0 028.5 011.0 0.139124 0.242875 0.026041 hargrave 2022-02-12 13:43:34 
TT 655 258.0 -37.0 254.7 -46.3 2.36E-05 010.6 035.5 010.5 0.252071 0.368960 0.036040 hargrave 2022-02-13 17:27:02 
TT 655 255.6 -39.5 251.6 -48.6 2.39E-05 000.9 032.5 009.7 0.051331 0.022248 0.017162 hargrave 2022-02-14 08:49:27 
TT 660 247.3 -38.9 242.2 -47.2 2.11E-05 007.9 027.4 013.8 0.134933 0.264404 0.024614 hargrave 2022-02-14 15:40:50 
TT 664 257.8 -36.9 254.5 -46.2 1.91E-05 005.0 035.5 010.7 0.099581 0.142431 0.021003 hargrave 2022-02-15 13:08:21 
TT 667 239.3 -44.8 231.7 -52.1 7.93E-06 061.7 019.2 011.3 0.785269 0.273398 0.166385 hargrave 2022-02-16 09:31:55 
TT 667 251.1 -39.4 246.5 -48.1 1.60E-05 001.4 029.7 011.8 0.042895 0.015575 0.011795 hargrave 2022-02-16 11:05:17 
TT 670 247.5 -34.3 243.2 -42.7 7.82E-06 054.0 030.0 017.6 0.691256 0.399155 0.251058 hargrave 2022-02-17 09:07:24 
TT 670 250.4 -33.5 246.6 -42.2 1.57E-05 001.5 032.6 017.0 0.042167 0.016149 0.011793 hargrave 2022-02-17 10:48:28 
TT 673 250.7 -29.3 247.5 -38.1 1.36E-05 006.2 035.3 020.3 0.084199 0.124375 0.009002 hargrave 2022-02-17 18:54:26 
TT 675 250.4 -27.9 247.3 -36.7 1.07E-05 008.2 035.9 021.6 0.098281 0.113424 0.041508 hargrave 2022-02-19 17:53:23 
TT 675 244.8 -33.2 240.4 -41.4 1.08E-05 001.5 028.5 019.7 0.029024 0.011601 0.007086 hargrave 2022-02-20 10:18:32 
TT 677 252.8 -20.0 250.7 -29.0 4.56E-06 068.8 043.0 026.6 0.319531 0.297500 0.218375 hargrave 2022-02-21 10:08:17 
TT 677 259.0 -13.7 257.9 -23.1 9.10E-06 001.3 052.7 027.3 0.022810 0.003598 0.006545 hargrave 2022-02-21 11:53:49 
TT 679 249.1 010.4 249.6 001.7 2.32E-06 008.5 068.1 050.6 0.034632 0.004975 0.002547 hargrave 2022-02-21 18:31:51 
TT 679 246.4 005.7 246.5 -02.8 2.35E-06 001.4 059.7 049.8 0.004586 0.002676 0.002629 hargrave 2022-02-22 09:49:45 
TT 683 160.7 071.2 191.6 073.3 1.35E-06 010.0 199.4 040.3 0.008203 0.022272 0.003560 hargrave 2022-02-22 19:14:53 
TT 683 156.1 067.1 180.7 070.6 1.38E-06 001.1 205.1 040.4 0.002878 0.001121 0.001118 hargrave 2022-02-23 09:17:00 
TT 685 233.5 -50.9 222.9 -57.4 2.74E-06 008.4 013.3 007.0 0.012472 0.038730 0.004331 hargrave 2022-02-23 18:35:19 
TT 685 226.7 -52.2 214.6 -57.7 2.76E-06 001.6 008.8 006.8 0.007161 0.005961 0.001997 hargrave 2022-02-24 09:14:22 
TT 688 158.2 000.7 158.7 005.7 3.49E-06 003.9 289.2 030.9 0.020455 0.013860 0.003059 hargrave 2022-02-24 18:49:21 
