HF3- 8 mag compass orientation (IGRF corrected)
  50.34 328.8  70.0 188.0  10.0   1.0
NRM    243.9 017.6 245.2 009.2 3.57E-05 000.6 064.0 084.6 0.037895 0.011951 0.022266 hargrave 2021-12-24 13:37:49 
TT 150 244.9 009.6 245.4 001.1 3.39E-05 000.5 030.4 078.0 0.009660 0.025781 0.017660 hargrave 2021-12-25 14:38:25 
TT 300 248.9 005.3 249.0 -03.5 3.33E-05 000.5 035.1 072.3 0.017725 0.025913 0.015238 hargrave 2021-12-27 14:02:34 
TT 400 252.1 004.5 252.1 -04.5 3.30E-05 001.3 041.6 069.8 0.040892 0.065332 0.014718 hargrave 2021-12-28 14:07:56 
TT 450 252.8 003.5 252.7 -05.5 3.21E-05 001.4 041.5 068.6 0.063624 0.044986 0.015358 hargrave 2021-12-29 13:29:58 
TT 500 254.6 004.0 254.5 -05.2 3.18E-05 001.3 045.8 067.8 0.042208 0.058636 0.015443 hargrave 2021-12-30 14:30:34 
TT 550 254.4 004.0 254.4 -05.2 3.03E-05 001.0 045.5 067.9 0.045110 0.028076 0.014127 hargrave 2021-12-31 14:23:34 
TT 565 253.9 003.1 253.8 -06.0 3.11E-05 001.1 043.1 067.6 0.047336 0.034894 0.014671 hargrave 2022-01-01 10:20:14 
TT 580 254.3 003.9 254.2 -05.3 3.08E-05 000.7 045.1 067.9 0.034676 0.023492 0.015298 hargrave 2022-01-02 12:59:55 
TT 600 251.7 004.6 251.7 -04.4 2.94E-05 002.7 040.9 070.1 0.068761 0.121497 0.016423 hargrave 2022-02-07 18:59:52 
TT 610 253.7 003.4 253.6 -05.7 2.98E-05 000.8 043.1 067.9 0.029558 0.033487 0.017078 hargrave 2022-02-08 16:20:15 
TT 620 254.3 003.6 254.2 -05.5 3.00E-05 000.8 044.7 067.7 0.039743 0.026021 0.015642 hargrave 2022-02-09 14:13:54 
TT 630 254.9 004.0 254.8 -05.2 3.01E-05 001.7 046.5 067.6 0.084390 0.030226 0.015878 hargrave 2022-02-10 13:46:37 
TT 640 253.8 004.9 253.8 -04.3 2.92E-05 001.5 045.9 069.0 0.040894 0.065734 0.015563 hargrave 2022-02-11 09:10:24 
TT 650 254.4 003.0 254.3 -06.2 2.71E-05 000.7 043.8 067.2 0.026739 0.023019 0.019092 hargrave 2022-02-12 13:48:32 
TT 655 253.6 001.0 253.3 -08.1 2.61E-05 002.0 039.1 066.1 0.085933 0.041470 0.015366 hargrave 2022-02-13 17:31:14 
TT 660 249.3 001.7 249.0 -07.1 2.32E-05 001.4 030.4 069.0 0.053978 0.023715 0.016818 hargrave 2022-02-14 15:45:00 
TT 664 246.5 001.4 246.2 -07.2 2.09E-05 000.7 022.9 069.9 0.024274 0.015117 0.018030 hargrave 2022-02-15 13:12:30 
TT 667 240.1 001.7 239.8 -06.1 1.75E-05 000.6 004.0 071.7 0.013406 0.014969 0.016190 hargrave 2022-02-16 09:36:05 
TT 670 247.0 003.3 246.9 -05.3 1.51E-05 001.0 026.7 071.5 0.009494 0.025398 0.016547 hargrave 2022-02-17 09:11:32 
TT 673 233.7 001.3 233.5 -05.8 1.07E-05 000.7 344.5 070.7 0.006067 0.012714 0.002760 hargrave 2022-02-17 18:58:34 
TT 675 243.7 022.1 245.5 013.7 6.49E-06 000.7 115.3 085.0 0.005498 0.005741 0.001142 hargrave 2022-02-19 17:57:31 
TT 677 201.3 028.1 206.2 025.4 3.78E-06 002.3 249.3 055.0 0.010014 0.012187 0.002855 hargrave 2022-02-21 10:12:26 
TT 679 185.8 059.5 202.5 058.4 2.81E-06 003.8 209.9 035.6 0.008504 0.016796 0.004640 hargrave 2022-02-21 18:36:00 
TT 683 192.0 -03.5 191.3 -04.1 1.28E-06 004.5 291.8 038.4 0.008717 0.008046 0.002952 hargrave 2022-02-22 19:19:01 
TT 685 239.6 049.2 245.5 041.0 1.69E-06 002.4 178.9 060.8 0.002212 0.006794 0.001870 hargrave 2022-02-23 18:39:28 
TT 688 156.2 -26.0 152.6 -20.5 1.87E-06 002.0 296.9 -02.4 0.004716 0.006539 0.002652 hargrave 2022-02-24 18:53:30 
