HF3- 7 mag compass orientation (IGRF corrected)
  50.33 333.8  73.0 188.0  10.0   1.0
NRM    234.8 005.4 235.0 -01.9 3.78E-05 001.0 321.6 075.4 0.018704 0.063126 0.010206 hargrave 2021-12-24 13:36:43 
TT 150 233.8 -01.1 233.2 -08.2 3.73E-05 001.4 330.3 069.4 0.055899 0.074213 0.019852 hargrave 2021-12-25 14:37:16 
TT 300 238.1 -04.8 237.1 -12.4 3.73E-05 001.4 345.0 067.5 0.044185 0.078814 0.008864 hargrave 2021-12-27 14:01:28 
TT 400 244.7 -05.8 243.7 -14.1 3.65E-05 004.3 002.3 067.2 0.031961 0.270527 0.008918 hargrave 2021-12-28 14:06:50 
TT 450 241.6 -06.7 240.4 -14.7 3.62E-05 001.6 354.5 066.2 0.041597 0.091215 0.009661 hargrave 2021-12-29 13:28:38 
TT 500 243.0 -06.1 241.9 -14.2 3.49E-05 003.8 357.9 066.9 0.038786 0.231350 0.010542 hargrave 2021-12-30 14:29:13 
TT 550 243.9 -06.4 242.9 -14.6 3.44E-05 003.1 000.3 066.6 0.038342 0.180104 0.010046 hargrave 2021-12-31 14:22:13 
TT 565 242.2 -07.7 241.0 -15.8 3.41E-05 000.8 356.2 065.2 0.036733 0.032235 0.010080 hargrave 2022-01-01 12:04:30 
TT 580 245.7 -06.4 244.7 -14.8 3.24E-05 003.1 004.7 066.5 0.041593 0.171663 0.011194 hargrave 2022-01-02 12:58:35 
TT 600 249.8 -06.1 248.9 -14.9 3.34E-05 003.5 014.9 066.1 0.091759 0.182832 0.017194 hargrave 2022-02-07 18:58:32 
TT 610 246.3 -05.9 245.4 -14.3 3.29E-05 004.5 006.5 067.0 0.087829 0.246017 0.015534 hargrave 2022-02-08 16:18:54 
TT 620 248.0 -06.6 247.1 -15.3 3.33E-05 002.4 010.4 066.0 0.062788 0.128473 0.020621 hargrave 2022-02-09 14:12:34 
TT 630 249.2 -04.5 248.4 -13.3 3.27E-05 005.1 014.4 067.8 0.114174 0.268846 0.013086 hargrave 2022-02-10 13:45:15 
TT 640 248.8 -05.6 248.0 -14.3 3.29E-05 005.6 012.9 066.9 0.120504 0.302249 0.018939 hargrave 2022-02-11 09:09:04 
TT 650 247.2 -06.6 246.2 -15.1 2.91E-05 004.3 008.5 066.2 0.074764 0.204751 0.017424 hargrave 2022-02-12 13:47:11 
TT 655 248.8 -05.8 247.9 -14.5 2.87E-05 006.9 012.6 066.7 0.125067 0.321749 0.017646 hargrave 2022-02-13 17:29:53 
TT 660 246.5 -08.1 245.4 -16.5 2.60E-05 004.7 006.4 064.8 0.062653 0.204044 0.014387 hargrave 2022-02-14 15:43:38 
TT 664 247.6 -06.6 246.6 -15.2 2.21E-05 003.2 009.4 066.1 0.051684 0.112935 0.010541 hargrave 2022-02-15 13:11:10 
TT 667 246.4 -00.3 246.0 -08.8 2.03E-05 004.8 008.6 072.5 0.060872 0.157359 0.006115 hargrave 2022-02-16 09:34:44 
TT 670 247.5 -01.4 247.0 -10.0 1.54E-05 004.1 011.5 071.2 0.039855 0.101854 0.006585 hargrave 2022-02-17 09:10:12 
TT 673 236.0 -02.9 235.3 -10.3 1.09E-05 004.0 338.2 068.7 0.019271 0.073080 0.003449 hargrave 2022-02-17 18:57:14 
TT 675 256.1 -03.7 255.5 -13.0 5.96E-06 004.9 031.4 066.0 0.028166 0.042682 0.002579 hargrave 2022-02-19 17:56:11 
TT 677 214.1 002.9 214.2 -01.6 3.82E-06 006.0 292.6 057.6 0.037680 0.014367 0.003070 hargrave 2022-02-21 10:11:05 
TT 679 265.7 002.1 265.6 -07.7 2.38E-06 007.1 057.6 063.8 0.026514 0.013241 0.004302 hargrave 2022-02-21 18:34:39 
TT 683 148.9 012.0 151.0 018.2 3.04E-06 013.0 257.1 -01.1 0.067815 0.018523 0.003748 hargrave 2022-02-22 19:17:41 
TT 683 145.3 020.3 148.6 026.9 3.12E-06 001.5 248.1 -01.8 0.009332 0.003622 0.002225 hargrave 2022-02-23 09:18:25 
TT 685 035.1 065.6 012.2 068.3 1.33E-06 014.0 168.5 -04.6 0.003590 0.033570 0.001238 hargrave 2022-02-23 18:38:07 
TT 685 016.8 058.7 000.2 058.8 1.36E-06 001.2 157.6 -05.1 0.004334 0.002351 0.001478 hargrave 2022-02-24 09:15:47 
TT 688 131.7 013.3 133.5 021.5 3.27E-06 009.1 250.1 -16.4 0.049388 0.018600 0.002796 hargrave 2022-02-24 18:52:09 
TT 688 127.4 025.2 130.3 033.8 3.32E-06 001.2 237.1 -15.1 0.008404 0.002056 0.001927 hargrave 2022-02-25 08:14:44 
