HF3- 4 sun compass orientation
  48.94 303.6  29.0 188.0  10.0   1.0
NRM    345.2 -06.1 346.5 -09.9 1.59E-05 002.3 125.3 -24.4 0.066150 0.017811 0.019640 hargrave 2021-12-24 13:33:13 
TT 150 337.0 -40.2 345.2 -44.7 1.27E-05 001.9 094.9 -50.2 0.035399 0.026741 0.006302 hargrave 2021-12-25 14:33:44 
TT 300 303.3 -54.7 311.5 -63.4 1.66E-05 001.1 055.4 -45.4 0.016550 0.036555 0.016067 hargrave 2021-12-27 13:57:55 
TT 400 287.1 -49.2 289.6 -59.0 1.99E-05 001.3 049.8 -34.9 0.030203 0.041079 0.024358 hargrave 2021-12-28 14:03:25 
TT 450 279.1 -46.8 279.4 -56.8 2.10E-05 001.5 046.0 -30.0 0.051958 0.032584 0.024273 hargrave 2021-12-29 13:23:33 
TT 500 273.0 -45.3 271.8 -55.2 2.09E-05 002.7 042.6 -26.6 0.073305 0.070006 0.023624 hargrave 2021-12-30 14:24:57 
TT 550 266.0 -41.3 263.6 -51.1 2.17E-05 001.6 039.5 -20.8 0.047676 0.039476 0.032712 hargrave 2021-12-31 14:17:57 
TT 565 272.2 -36.4 271.2 -46.3 2.41E-05 001.7 046.4 -18.4 0.078234 0.043711 0.019213 hargrave 2022-01-01 12:00:14 
TT 580 265.2 -40.3 262.8 -50.0 2.25E-05 003.3 039.4 -19.6 0.084931 0.096849 0.033554 hargrave 2022-01-02 12:54:18 
TT 600 272.1 -39.2 271.0 -49.2 2.30E-05 003.1 045.0 -20.9 0.071009 0.103377 0.045610 hargrave 2022-02-07 18:53:28 
TT 610 262.3 -41.4 259.2 -51.0 2.18E-05 008.2 036.8 -19.8 0.187636 0.251969 0.039979 hargrave 2022-02-08 16:14:40 
TT 620 267.5 -39.9 265.6 -49.7 2.25E-05 002.1 041.3 -20.0 0.062131 0.057349 0.032240 hargrave 2022-02-09 14:07:28 
TT 630 269.9 -36.2 268.5 -46.1 2.40E-05 002.7 044.7 -17.4 0.082072 0.078862 0.034153 hargrave 2022-02-10 13:41:00 
TT 640 260.0 -39.6 256.7 -49.0 2.52E-05 003.9 035.8 -17.4 0.099753 0.141048 0.037373 hargrave 2022-02-11 09:04:00 
TT 650 268.1 -37.0 266.4 -46.8 2.49E-05 005.6 043.0 -17.5 0.171548 0.175837 0.040420 hargrave 2022-02-12 13:42:06 
TT 655 265.7 -35.3 263.8 -45.0 2.65E-05 006.7 041.9 -15.2 0.204647 0.236021 0.046154 hargrave 2022-02-13 17:25:33 
TT 660 261.7 -38.5 258.8 -48.0 2.36E-05 002.5 037.5 -16.9 0.069113 0.072906 0.034340 hargrave 2022-02-14 15:39:20 
TT 664 270.9 -35.8 269.8 -45.7 2.20E-05 006.9 045.7 -17.4 0.187485 0.189670 0.034319 hargrave 2022-02-15 13:06:53 
TT 667 264.9 -35.1 262.8 -44.8 1.97E-05 003.5 041.3 -14.8 0.079332 0.089236 0.031728 hargrave 2022-02-16 09:29:39 
TT 670 280.2 -30.6 280.5 -40.5 1.90E-05 001.8 055.4 -16.2 0.048896 0.039426 0.022064 hargrave 2022-02-17 09:05:07 
TT 673 271.4 -33.8 270.4 -43.8 1.55E-05 003.2 046.9 -15.8 0.063439 0.061045 0.025351 hargrave 2022-02-17 18:52:57 
TT 675 262.7 -37.9 260.1 -47.5 1.29E-05 008.4 038.5 -16.7 0.117364 0.151305 0.022511 hargrave 2022-02-19 17:51:55 
TT 675 263.1 -38.0 260.6 -47.6 1.31E-05 001.3 038.8 -16.9 0.033550 0.011891 0.010907 hargrave 2022-02-20 10:17:03 
TT 677 295.3 -33.0 297.8 -42.5 6.81E-06 002.9 066.0 -24.7 0.032233 0.016440 0.006021 hargrave 2022-02-21 10:06:48 
TT 679 256.7 -57.1 248.7 -66.1 3.53E-06 005.2 026.2 -32.8 0.011240 0.030696 0.005115 hargrave 2022-02-21 18:30:23 
TT 683 348.2 -01.1 348.6 -04.5 3.51E-06 002.3 130.3 -20.9 0.009885 0.010694 0.007002 hargrave 2022-02-22 19:13:24 
TT 685 165.6 -25.0 161.7 -20.8 2.56E-06 004.7 317.5 -04.3 0.017569 0.012873 0.003559 hargrave 2022-02-23 18:33:50 
TT 688 129.2 -25.0 127.3 -16.4 3.51E-06 006.9 287.4 -19.1 0.041485 0.010676 0.003592 hargrave 2022-02-24 18:47:53 
