HF3- 1 mag compass orientation (IGRF corrected)
  48.93 334.8  34.0 188.0  10.0   1.0
NRM    111.7 -57.0 109.0 -47.3 1.01E-05 003.5 292.1 -64.6 0.055777 0.027708 0.019339 hargrave 2021-12-24 13:28:13 
TT 150 084.0 -69.3 088.3 -59.5 9.65E-06 002.3 334.8 -74.2 0.031933 0.022603 0.019948 hargrave 2021-12-25 14:28:42 
TT 300 332.9 -59.8 349.8 -64.4 1.12E-05 004.4 045.3 -45.0 0.057841 0.070343 0.020465 hargrave 2021-12-27 13:52:08 
TT 400 336.9 -37.8 344.4 -42.4 1.37E-05 001.5 068.0 -31.6 0.032810 0.033608 0.022381 hargrave 2021-12-28 13:57:47 
TT 450 324.6 -29.8 329.5 -36.4 1.59E-05 002.5 064.6 -19.0 0.066816 0.036777 0.021970 hargrave 2021-12-29 13:16:46 
TT 500 327.9 -22.5 331.6 -28.7 1.71E-05 002.4 071.5 -14.8 0.069944 0.034034 0.025095 hargrave 2021-12-30 14:18:10 
TT 550 327.4 -20.0 330.7 -26.3 1.78E-05 002.2 072.6 -12.5 0.065428 0.035699 0.022406 hargrave 2021-12-31 14:11:09 
TT 565 333.0 -13.1 335.3 -18.7 1.88E-05 003.4 081.1 -09.8 0.103524 0.054928 0.023309 hargrave 2022-01-01 10:07:46 
TT 580 323.2 -20.0 326.3 -26.8 1.80E-05 002.1 069.3 -10.2 0.063115 0.032577 0.023947 hargrave 2022-01-02 12:47:30 
TT 600 320.1 -14.4 322.3 -21.7 2.02E-05 003.2 069.9 -03.9 0.102818 0.129779 0.025567 hargrave 2022-02-07 18:11:38 
TT 610 321.5 -17.8 324.3 -24.9 1.82E-05 002.7 069.2 -07.5 0.081283 0.046432 0.022334 hargrave 2022-02-08 16:07:52 
TT 620 319.5 -12.1 321.5 -19.5 1.82E-05 002.5 070.7 -01.7 0.075227 0.033186 0.026428 hargrave 2022-02-09 14:00:39 
TT 630 317.8 -14.0 319.9 -21.6 1.68E-05 002.6 068.2 -02.4 0.070291 0.034122 0.028804 hargrave 2022-02-10 13:34:13 
TT 640 319.5 -12.1 321.4 -19.5 1.82E-05 005.9 070.6 -01.7 0.180951 0.057132 0.028018 hargrave 2022-02-11 08:57:13 
TT 650 317.4 -09.0 318.9 -16.7 1.75E-05 001.4 070.6 002.0 0.038096 0.027157 0.010621 hargrave 2022-02-12 13:35:16 
TT 655 318.0 -14.8 320.3 -22.3 1.83E-05 003.8 068.0 -03.2 0.115565 0.050648 0.024387 hargrave 2022-02-13 17:17:50 
TT 660 323.0 -09.3 324.7 -16.2 1.71E-05 004.7 075.1 -01.2 0.134314 0.046982 0.028239 hargrave 2022-02-14 15:32:31 
TT 664 322.4 -09.4 324.0 -16.5 1.84E-05 005.8 074.5 -01.0 0.178981 0.072685 0.026675 hargrave 2022-02-15 13:00:03 
TT 667 319.1 -17.2 321.7 -24.6 1.54E-05 002.4 067.6 -05.8 0.062279 0.033778 0.024661 hargrave 2022-02-16 09:22:48 
TT 670 324.8 -09.0 326.4 -15.7 1.49E-05 003.2 076.7 -01.9 0.079701 0.039061 0.024109 hargrave 2022-02-17 08:57:32 
TT 673 318.4 -13.7 320.5 -21.2 1.43E-05 003.3 068.9 -02.5 0.077250 0.041657 0.024653 hargrave 2022-02-17 18:45:20 
TT 675 326.1 -23.1 329.9 -29.5 1.14E-05 003.1 069.8 -14.3 0.058799 0.034528 0.022425 hargrave 2022-02-19 17:45:55 
TT 677 318.2 -21.0 321.3 -28.4 9.75E-06 002.5 064.8 -08.5 0.031753 0.021855 0.024835 hargrave 2022-02-21 09:59:11 
TT 679 331.6 -16.0 334.4 -21.8 7.18E-06 002.5 078.3 -11.5 0.022918 0.010673 0.024457 hargrave 2022-02-21 18:24:23 
TT 683 298.3 -57.8 306.1 -66.9 5.17E-06 004.0 030.2 -31.6 0.014299 0.031880 0.020779 hargrave 2022-02-22 19:07:25 
TT 685 044.2 -12.8 045.6 -06.8 3.57E-06 001.9 151.5 -44.0 0.006519 0.008370 0.007885 hargrave 2022-02-23 18:27:48 
TT 688 283.5 -34.0 284.3 -43.9 2.38E-06 001.8 031.4 -05.8 0.008126 0.006216 0.004179 hargrave 2022-02-24 18:41:52 
