HF3- 3 mag compass orientation (IGRF corrected)
  48.96 326.8  35.0 188.0  10.0   1.0
NRM    234.0 019.4 235.9 012.0 6.36E-06 068.3 355.5 054.3 0.395459 0.031732 0.552817 hargrave 2021-12-24 13:30:53 
NRM    229.5 021.2 231.9 014.4 1.27E-05 002.9 347.9 055.8 0.055623 0.026592 0.024983 hargrave 2021-12-24 15:01:07 
TT 150 236.2 -13.1 234.2 -20.4 1.15E-05 004.2 359.4 021.9 0.016041 0.084336 0.012778 hargrave 2021-12-25 14:31:24 
TT 300 259.4 -34.3 256.6 -43.7 1.77E-05 001.8 018.5 -01.4 0.035116 0.052952 0.017125 hargrave 2021-12-27 13:54:55 
TT 400 268.1 -37.5 266.4 -47.3 2.18E-05 002.6 024.5 -06.3 0.065118 0.051834 0.087949 hargrave 2021-12-28 14:00:26 
TT 450 264.1 -37.8 261.8 -47.4 2.39E-05 002.5 021.4 -05.7 0.057279 0.070514 0.072297 hargrave 2021-12-29 13:20:00 
TT 500 267.8 -37.0 266.0 -46.8 2.54E-05 002.5 024.4 -05.7 0.062518 0.056626 0.089079 hargrave 2021-12-30 14:21:23 
TT 550 268.5 -36.6 266.9 -46.4 2.54E-05 002.3 025.1 -05.5 0.066867 0.054001 0.076061 hargrave 2021-12-31 14:14:23 
TT 565 254.5 -40.4 250.2 -49.4 2.52E-05 001.0 013.5 -06.6 0.051999 0.040101 0.024288 hargrave 2022-01-01 11:58:42 
TT 580 266.4 -38.3 264.4 -48.1 2.52E-05 004.3 023.0 -06.7 0.104009 0.154165 0.048616 hargrave 2022-01-02 12:50:44 
TT 600 268.1 -34.0 266.6 -43.9 2.64E-05 002.2 025.5 -03.0 0.059539 0.076249 0.056269 hargrave 2022-02-07 18:51:57 
TT 610 271.5 -32.2 270.5 -42.1 2.59E-05 002.0 028.8 -02.1 0.063596 0.057335 0.056770 hargrave 2022-02-08 16:11:06 
TT 620 269.9 -34.2 268.6 -44.1 2.58E-05 003.0 026.9 -03.6 0.065053 0.117898 0.054689 hargrave 2022-02-09 14:03:53 
TT 630 270.3 -33.2 269.1 -43.1 2.61E-05 001.9 027.5 -02.8 0.064494 0.059533 0.045035 hargrave 2022-02-10 13:37:27 
TT 640 267.3 -35.4 265.6 -45.2 2.73E-05 005.0 024.5 -04.1 0.136183 0.194887 0.057204 hargrave 2022-02-11 09:00:27 
TT 650 264.8 -37.3 262.5 -47.0 2.59E-05 003.7 022.0 -05.4 0.060640 0.140731 0.087428 hargrave 2022-02-12 13:38:31 
TT 655 267.5 -35.0 265.9 -44.8 2.54E-05 003.9 024.8 -03.8 0.068463 0.148094 0.074347 hargrave 2022-02-13 17:21:56 
TT 660 270.7 -33.4 269.6 -43.3 2.31E-05 002.4 027.8 -03.1 0.056715 0.063873 0.063587 hargrave 2022-02-14 15:35:46 
TT 664 281.6 -28.5 282.1 -38.5 2.44E-05 003.8 038.3 -01.9 0.091936 0.131141 0.046701 hargrave 2022-02-15 13:03:18 
TT 667 281.5 -31.5 282.0 -41.5 1.88E-05 003.0 037.0 -04.6 0.065273 0.081020 0.043973 hargrave 2022-02-16 09:26:04 
TT 670 284.1 -29.4 284.9 -39.3 1.96E-05 002.8 039.9 -03.6 0.058590 0.075137 0.042411 hargrave 2022-02-17 09:00:46 
TT 673 264.0 -37.4 261.6 -47.1 1.51E-05 002.9 021.4 -05.3 0.029515 0.041620 0.066094 hargrave 2022-02-17 18:48:36 
TT 675 262.5 -33.8 260.2 -43.4 1.62E-05 003.1 021.1 -01.5 0.031260 0.075834 0.044077 hargrave 2022-02-19 17:49:09 
TT 677 270.4 -31.7 269.4 -41.6 1.00E-05 003.2 028.1 -01.4 0.019746 0.046764 0.034238 hargrave 2022-02-21 10:02:26 
TT 679 248.9 -38.2 244.1 -46.8 6.89E-06 002.0 009.5 -03.8 0.015491 0.019891 0.011520 hargrave 2022-02-21 18:27:37 
TT 683 304.9 -30.2 308.2 -39.0 2.67E-06 003.5 055.4 -13.1 0.016247 0.004729 0.008155 hargrave 2022-02-22 19:10:38 
TT 685 206.9 -24.3 202.3 -27.1 2.74E-06 001.9 332.8 006.7 0.007822 0.006145 0.006949 hargrave 2022-02-23 18:31:03 
TT 688 245.9 013.5 246.8 005.0 3.48E-06 001.6 013.3 047.9 0.005763 0.005568 0.007880 hargrave 2022-02-24 18:45:07 
