HF4- 7 mag compass orientation (IGRF corrected)
  44.06 140.8  36.0 234.0   8.0   1.0
NRM    224.4 000.2 224.5 001.6 5.12E-06 002.5 172.1 -35.5 0.010253 0.020038 0.008384 hargrave 2021-12-24 13:50:52 
TT 150 216.0 -15.2 214.1 -12.6 5.51E-06 001.9 157.7 -49.5 0.008449 0.017476 0.008783 hargrave 2021-12-25 14:50:40 
TT 300 223.2 -19.5 220.6 -17.8 5.55E-06 002.2 167.5 -55.0 0.006338 0.021320 0.010031 hargrave 2021-12-27 14:14:55 
TT 400 233.0 -15.5 230.8 -15.2 5.05E-06 001.3 183.4 -51.5 0.010936 0.010227 0.010420 hargrave 2021-12-28 14:20:06 
TT 450 244.3 -21.4 241.1 -22.6 5.42E-06 001.2 202.7 -55.8 0.011297 0.006723 0.010851 hargrave 2021-12-29 13:46:31 
TT 500 256.4 -26.5 252.4 -29.3 5.91E-06 001.4 224.7 -56.7 0.010965 0.013131 0.008547 hargrave 2021-12-30 14:44:45 
TT 550 271.7 -29.6 267.7 -34.3 5.08E-06 001.2 247.1 -51.8 0.009257 0.008085 0.007693 hargrave 2021-12-31 14:37:43 
TT 565 266.9 -31.4 262.3 -35.5 4.84E-06 001.3 243.4 -55.8 0.008213 0.006420 0.007113 hargrave 2022-01-01 10:34:30 
TT 580 255.2 -31.7 250.3 -34.3 4.70E-06 001.3 227.9 -61.7 0.010792 0.004379 0.007907 hargrave 2022-01-02 13:14:07 
TT 600 229.3 -70.1 209.0 -68.0 2.70E-06 001.8 001.8 -73.9 0.006319 0.005783 0.003139 hargrave 2022-02-07 19:13:58 
TT 610 286.2 -45.1 280.3 -51.2 2.46E-06 001.6 279.0 -54.0 0.005723 0.003837 0.004630 hargrave 2022-02-08 16:33:35 
TT 620 282.1 -54.2 273.2 -59.7 2.14E-06 003.5 291.6 -60.6 0.012451 0.003966 0.003998 hargrave 2022-02-09 14:27:14 
TT 630 312.1 -49.8 309.6 -57.6 2.14E-06 003.8 300.1 -42.5 0.014787 0.002474 0.004528 hargrave 2022-02-10 14:00:45 
TT 640 330.7 -67.4 334.2 -75.3 2.14E-06 004.6 327.6 -45.1 0.014618 0.010133 0.004139 hargrave 2022-02-11 09:23:46 
TT 650 316.5 -58.0 314.3 -66.0 3.05E-06 003.1 311.5 -45.2 0.015215 0.006938 0.004641 hargrave 2022-02-12 14:01:53 
TT 655 326.1 -51.9 326.6 -59.9 2.78E-06 002.4 309.6 -37.1 0.005379 0.013570 0.004660 hargrave 2022-02-13 17:45:34 
TT 660 310.1 -68.7 302.3 -76.3 2.68E-06 002.0 324.1 -52.5 0.007010 0.008229 0.004431 hargrave 2022-02-14 15:58:27 
TT 664 295.0 -83.1 203.6 -86.1 1.98E-06 003.4 348.7 -56.5 0.009364 0.008489 0.004494 hargrave 2022-02-15 13:25:54 
TT 667 305.8 -48.0 302.3 -55.6 2.72E-06 004.2 294.7 -44.7 0.018038 0.008505 0.004785 hargrave 2022-02-16 09:49:34 
TT 670 327.8 -56.5 328.9 -64.4 2.00E-06 003.7 314.8 -39.4 0.017379 0.008271 0.005054 hargrave 2022-02-17 09:24:54 
TT 673 242.1 -78.6 205.0 -77.1 1.84E-06 003.1 354.7 -65.1 0.009025 0.006080 0.003788 hargrave 2022-02-17 19:11:58 
TT 675 041.3 009.7 040.1 007.9 7.17E-07 005.3 346.7 045.1 0.008427 0.002088 0.003659 hargrave 2022-02-19 18:10:53 
TT 677 192.6 -00.9 192.8 004.4 5.49E-07 004.8 135.4 -28.3 0.004717 0.001467 0.003003 hargrave 2022-02-21 10:27:26 
TT 679 142.1 065.6 141.3 073.6 6.91E-07 007.1 142.8 047.0 0.003870 0.007350 0.003663 hargrave 2022-02-21 18:49:20 
TT 683 272.2 063.1 282.4 057.6 1.09E-06 003.4 200.5 031.5 0.002448 0.003124 0.005700 hargrave 2022-02-22 19:32:24 
TT 685 032.7 046.0 025.6 042.6 8.14E-07 001.6 297.3 075.9 0.002017 0.001538 0.001514 hargrave 2022-02-23 18:52:49 
TT 688 006.8 021.5 005.0 015.5 8.83E-07 002.7 296.8 043.6 0.004077 0.001642 0.000817 hargrave 2022-02-24 19:08:29 
