HF4- 6 mag compass orientation (IGRF corrected)
  44.07 131.8  33.0 234.0   8.0   1.0
NRM    195.8 016.5 198.0 021.3 3.38E-06 006.2 154.4 -13.4 0.020662 0.031338 0.019189 hargrave 2021-12-24 13:49:42 
TT 150 189.5 -10.4 188.7 -04.8 4.48E-06 002.4 138.7 -37.2 0.018925 0.014130 0.018565 hargrave 2021-12-25 14:49:27 
TT 300 200.1 -15.7 198.5 -11.2 5.63E-06 005.6 149.4 -45.6 0.049757 0.037352 0.039441 hargrave 2021-12-27 14:13:45 
TT 400 204.0 -23.9 201.3 -19.7 5.39E-06 005.6 151.3 -54.5 0.032338 0.043551 0.020753 hargrave 2021-12-28 14:18:56 
TT 450 215.3 -19.1 212.9 -16.4 5.67E-06 003.3 170.0 -51.8 0.018556 0.026159 0.020099 hargrave 2021-12-29 13:45:04 
TT 500 200.0 -13.6 198.6 -09.0 4.69E-06 003.6 150.1 -43.5 0.017998 0.023624 0.019296 hargrave 2021-12-30 14:43:18 
TT 550 202.1 -32.3 198.3 -27.8 4.30E-06 003.1 142.9 -61.8 0.019661 0.010630 0.033329 hargrave 2021-12-31 14:36:16 
TT 565 191.0 -43.3 186.2 -37.6 4.56E-06 002.9 111.9 -66.3 0.019006 0.017013 0.016046 hargrave 2022-01-01 10:33:02 
TT 580 198.3 -08.7 197.6 -04.0 3.39E-06 004.0 149.8 -38.4 0.014390 0.022287 0.014646 hargrave 2022-01-02 13:12:39 
TT 600 201.7 032.7 206.5 036.7 6.32E-06 003.6 163.2 001.3 0.028561 0.034680 0.017684 hargrave 2022-02-07 19:12:31 
TT 610 192.7 016.4 194.8 021.6 5.80E-06 004.4 151.4 -12.7 0.030206 0.040973 0.014257 hargrave 2022-02-08 16:32:08 
TT 620 185.5 006.4 186.3 012.4 8.14E-06 005.3 141.2 -20.0 0.053148 0.053318 0.018576 hargrave 2022-02-09 14:25:47 
TT 630 200.7 -07.4 200.1 -02.9 6.79E-06 005.2 153.2 -37.7 0.031485 0.052721 0.015069 hargrave 2022-02-10 13:59:18 
TT 640 192.0 -04.1 191.9 001.3 7.14E-06 006.1 144.2 -32.1 0.038075 0.064197 0.020692 hargrave 2022-02-11 09:22:19 
TT 650 203.3 -07.5 202.6 -03.3 8.41E-06 002.7 156.3 -38.4 0.011029 0.035441 0.018323 hargrave 2022-02-12 14:00:27 
TT 655 207.7 -01.2 207.8 002.3 7.59E-06 003.3 163.1 -33.1 0.010726 0.038692 0.019660 hargrave 2022-02-13 17:44:06 
TT 660 210.2 -15.4 208.4 -12.1 8.23E-06 004.1 163.3 -47.5 0.009881 0.055587 0.017764 hargrave 2022-02-14 15:57:00 
TT 664 187.1 -02.8 187.1 003.1 6.14E-06 006.7 139.3 -29.2 0.042358 0.057384 0.016201 hargrave 2022-02-15 13:24:27 
TT 667 198.7 -10.5 197.8 -05.8 1.02E-05 004.4 149.7 -40.2 0.030033 0.070112 0.017692 hargrave 2022-02-16 09:48:06 
TT 670 205.3 001.0 205.7 004.8 5.57E-06 002.1 160.8 -30.5 0.011154 0.011776 0.014374 hargrave 2022-02-17 09:23:27 
TT 673 221.3 -16.6 219.1 -14.7 5.54E-06 002.8 179.3 -49.6 0.012712 0.021469 0.011619 hargrave 2022-02-17 19:10:31 
TT 675 199.2 -07.2 198.6 -02.5 4.92E-06 001.7 151.4 -37.1 0.010028 0.007955 0.009295 hargrave 2022-02-19 18:09:25 
TT 677 216.6 -27.9 212.8 -25.3 5.23E-06 002.9 170.5 -60.7 0.010107 0.022146 0.010859 hargrave 2022-02-21 10:25:59 
TT 679 256.8 -41.5 249.8 -44.1 3.79E-06 001.5 250.3 -62.8 0.007789 0.006781 0.003687 hargrave 2022-02-21 18:47:54 
TT 683 101.3 -46.6 106.2 -40.5 1.55E-06 002.1 040.7 -24.8 0.004388 0.003826 0.001876 hargrave 2022-02-22 19:30:55 
TT 685 214.6 -31.9 210.2 -28.9 4.19E-06 001.5 165.7 -64.4 0.006124 0.006345 0.007619 hargrave 2022-02-23 18:51:22 
TT 688 264.3 -67.6 244.6 -70.5 1.24E-06 002.5 316.2 -68.2 0.001232 0.005993 0.002252 hargrave 2022-02-24 19:07:01 
