HF4- 1 mag compass orientation (IGRF corrected)
  44.33  70.8  52.0 234.0   8.0   1.0
NRM    072.4 020.2 069.4 022.6 9.49E-05 004.1 107.1 011.1 0.643979 0.239163 0.073031 hargrave 2021-12-24 13:40:03 
TT 150 070.4 012.3 068.6 014.4 8.52E-05 007.0 099.5 007.8 1.031772 0.166022 0.061901 hargrave 2021-12-25 14:40:39 
TT 300 072.4 008.4 071.1 010.8 7.41E-05 006.6 097.6 003.9 0.851388 0.175696 0.057896 hargrave 2021-12-27 14:04:52 
TT 400 072.4 005.2 071.6 007.7 6.65E-05 004.9 095.1 001.9 0.562364 0.107957 0.051534 hargrave 2021-12-28 14:10:10 
TT 450 073.6 005.7 072.7 008.3 6.22E-05 000.9 096.2 001.3 0.091645 0.039444 0.040196 hargrave 2021-12-29 13:32:47 
TT 500 072.4 004.6 071.6 007.1 5.85E-05 002.4 094.6 001.6 0.237417 0.051738 0.041785 hargrave 2021-12-30 14:33:22 
TT 550 071.3 001.3 071.0 003.7 5.18E-05 004.0 091.4 000.4 0.363491 0.046120 0.036230 hargrave 2021-12-31 14:26:22 
TT 565 072.5 004.0 071.8 006.5 4.93E-05 003.5 094.2 001.1 0.297622 0.042422 0.032045 hargrave 2022-01-01 10:23:04 
TT 580 068.4 -01.3 068.4 000.7 4.67E-05 001.7 087.5 001.1 0.138236 0.047203 0.030361 hargrave 2022-01-02 13:02:43 
TT 600 068.2 -02.2 068.4 -00.2 4.25E-05 001.8 086.7 000.7 0.122806 0.067177 0.038621 hargrave 2022-02-07 19:02:40 
TT 610 069.2 -01.0 069.2 001.1 4.08E-05 004.6 088.2 000.6 0.322936 0.047241 0.034658 hargrave 2022-02-08 16:23:02 
TT 620 070.2 -00.7 070.2 001.5 3.86E-05 007.9 089.1 -00.0 0.535708 0.039844 0.023762 hargrave 2022-02-09 14:16:41 
TT 630 070.2 -01.8 070.3 000.4 3.69E-05 006.1 088.2 -00.7 0.394516 0.039243 0.022255 hargrave 2022-02-10 13:49:24 
TT 640 072.7 -00.7 072.6 001.9 3.50E-05 004.7 090.6 -01.9 0.285799 0.034715 0.020144 hargrave 2022-02-11 09:13:12 
TT 650 071.7 -05.0 072.2 -02.5 3.03E-05 002.4 086.6 -03.8 0.126895 0.031209 0.018663 hargrave 2022-02-12 13:51:20 
TT 655 067.5 -12.3 069.1 -10.3 2.93E-05 003.1 078.3 -05.0 0.151810 0.051992 0.020471 hargrave 2022-02-13 17:34:03 
TT 660 070.2 -06.8 071.0 -04.5 2.54E-05 002.2 084.3 -03.7 0.096855 0.035170 0.016144 hargrave 2022-02-14 15:47:49 
TT 664 073.9 -06.9 074.6 -04.2 2.35E-05 001.2 086.4 -06.7 0.046087 0.031396 0.015213 hargrave 2022-02-15 13:15:18 
TT 667 074.2 -09.7 075.3 -06.8 1.61E-05 004.4 084.4 -08.6 0.122126 0.025938 0.014688 hargrave 2022-02-16 09:38:54 
TT 670 080.8 -06.1 081.3 -02.5 1.32E-05 005.0 091.3 -11.6 0.114363 0.021191 0.008630 hargrave 2022-02-17 09:14:21 
TT 673 059.6 -13.3 061.4 -12.4 4.93E-06 004.0 072.7 000.4 0.032156 0.013069 0.003769 hargrave 2022-02-17 19:01:22 
TT 675 086.7 005.9 085.7 010.2 5.22E-06 001.3 104.6 -08.7 0.010632 0.008009 0.004678 hargrave 2022-02-19 18:00:19 
TT 677 160.9 016.3 161.8 023.9 2.36E-06 001.7 180.1 -35.7 0.004139 0.003340 0.005917 hargrave 2022-02-21 10:15:15 
TT 679 179.0 026.0 181.7 032.4 3.28E-06 001.4 197.9 -23.8 0.006738 0.005352 0.006777 hargrave 2022-02-21 18:38:48 
TT 683 216.7 -38.4 211.0 -35.6 2.16E-06 002.7 288.6 -46.8 0.008457 0.007182 0.004892 hargrave 2022-02-22 19:21:48 
TT 685 105.2 001.6 104.7 007.8 2.28E-06 001.9 114.1 -25.3 0.008831 0.004103 0.002275 hargrave 2022-02-23 18:42:15 
TT 688 276.2 -34.6 271.5 -39.7 2.32E-06 004.9 311.8 -04.1 0.014113 0.014419 0.001807 hargrave 2022-02-24 18:56:18 
