HF4- 3 mag compass orientation (IGRF corrected)
  44.25  33.8  55.0 234.0   8.0   1.0
NRM    067.9 013.8 065.9 015.6 4.36E-05 001.3 122.3 -18.0 0.092958 0.044096 0.069402 hargrave 2021-12-24 13:43:11 
TT 150 069.9 005.2 069.1 007.4 4.03E-05 003.7 117.1 -25.4 0.238706 0.077251 0.106779 hargrave 2021-12-25 14:43:05 
TT 300 073.8 -01.5 073.8 001.2 3.51E-05 002.9 114.4 -32.8 0.153371 0.097857 0.041676 hargrave 2021-12-27 14:07:59 
TT 400 073.1 -07.0 073.8 -04.4 3.10E-05 002.5 108.7 -35.8 0.114517 0.076933 0.046057 hargrave 2021-12-28 14:12:36 
TT 450 073.9 -08.3 074.8 -05.5 2.93E-05 003.1 108.1 -37.2 0.145399 0.065098 0.035259 hargrave 2021-12-29 13:37:22 
TT 500 075.0 -07.9 075.8 -05.0 2.72E-05 001.9 109.3 -37.8 0.072294 0.053921 0.040739 hargrave 2021-12-30 14:36:23 
TT 550 072.3 -10.7 073.5 -08.1 2.45E-05 003.4 104.5 -37.4 0.132282 0.065760 0.035807 hargrave 2021-12-31 14:29:22 
TT 565 070.9 -10.9 072.2 -08.5 2.39E-05 002.1 103.3 -36.4 0.075534 0.041749 0.030780 hargrave 2022-01-01 10:26:05 
TT 580 073.2 -10.8 074.4 -08.1 2.27E-05 002.2 105.0 -38.2 0.078547 0.032929 0.027617 hargrave 2022-01-02 13:05:44 
TT 600 070.4 -10.6 071.7 -08.3 2.13E-05 004.4 103.2 -35.9 0.159825 0.041201 0.020468 hargrave 2022-02-07 19:07:41 
TT 610 067.6 -13.0 069.3 -11.0 2.01E-05 002.0 098.9 -35.0 0.063379 0.028437 0.021836 hargrave 2022-02-08 16:26:01 
TT 620 066.7 -13.5 068.4 -11.6 1.91E-05 001.5 097.8 -34.5 0.034425 0.027521 0.032295 hargrave 2022-02-09 14:19:40 
TT 630 068.9 -15.4 070.9 -13.2 1.85E-05 001.9 097.3 -37.3 0.056286 0.025184 0.020501 hargrave 2022-02-10 13:53:13 
TT 640 069.2 -13.8 070.9 -11.6 1.76E-05 002.5 099.1 -36.7 0.072583 0.024627 0.023005 hargrave 2022-02-11 09:16:12 
TT 650 069.3 -12.4 070.9 -10.1 1.66E-05 001.8 100.7 -36.0 0.042517 0.022797 0.025542 hargrave 2022-02-12 13:54:20 
TT 655 063.8 -12.5 065.4 -11.0 1.59E-05 001.4 096.9 -31.6 0.030749 0.021766 0.023142 hargrave 2022-02-13 17:37:56 
TT 660 068.7 -17.8 071.0 -15.6 1.50E-05 002.9 094.5 -38.4 0.074600 0.022116 0.011907 hargrave 2022-02-14 15:50:50 
TT 664 073.4 -18.7 075.7 -15.9 1.26E-05 001.1 096.5 -42.7 0.020115 0.016703 0.006962 hargrave 2022-02-15 13:18:19 
TT 667 074.6 -15.6 076.5 -12.7 1.08E-05 001.4 100.9 -42.1 0.024701 0.014174 0.004882 hargrave 2022-02-16 09:41:57 
TT 670 071.4 -09.0 072.4 -06.6 7.90E-06 002.5 105.5 -35.7 0.029113 0.022389 0.004566 hargrave 2022-02-17 09:17:21 
TT 673 063.5 -24.5 067.0 -23.0 4.48E-06 002.5 084.1 -37.4 0.019802 0.006333 0.003606 hargrave 2022-02-17 19:04:24 
TT 675 109.6 017.2 107.9 023.7 3.19E-06 002.4 163.2 -36.1 0.008685 0.009106 0.006223 hargrave 2022-02-19 18:03:19 
TT 677 114.4 -41.1 117.3 -34.1 8.84E-07 000.9 047.4 -80.4 0.000792 0.001496 0.003370 hargrave 2022-02-21 10:18:16 
TT 679 077.2 -25.0 080.3 -21.7 1.48E-06 003.6 090.9 -48.8 0.005636 0.008396 0.001915 hargrave 2022-02-21 18:41:48 
TT 683 221.9 -29.9 217.6 -27.9 1.38E-06 005.0 299.1 -10.7 0.013091 0.002379 0.001952 hargrave 2022-02-22 19:24:48 
TT 685 071.1 007.1 070.0 009.4 1.86E-06 002.7 119.5 -24.9 0.008323 0.004196 0.001389 hargrave 2022-02-23 18:45:15 
TT 688 259.8 -76.1 225.8 -77.3 1.32E-06 002.5 349.4 -24.5 0.004137 0.003527 0.003097 hargrave 2022-02-24 18:59:18 
