HF4- 2 mag compass orientation (IGRF corrected)
   44.3 131.8  61.0 234.0   8.0   1.0
NRM    059.0 004.8 058.3 005.4 5.02E-05 002.0 037.2 060.8 0.120466 0.128117 0.028398 hargrave 2021-12-24 13:41:16 
TT 150 061.6 000.7 061.4 001.8 4.70E-05 001.3 037.2 056.0 0.080680 0.074698 0.028743 hargrave 2021-12-25 14:41:51 
TT 300 063.5 -00.7 063.5 000.7 4.33E-05 002.5 038.8 053.8 0.138504 0.138251 0.024273 hargrave 2021-12-27 14:06:03 
TT 400 065.3 000.9 065.0 002.5 3.84E-05 002.9 042.8 054.1 0.109199 0.155686 0.049491 hargrave 2021-12-28 14:11:21 
TT 450 067.3 000.1 067.2 002.0 3.73E-05 001.9 044.7 052.2 0.097213 0.080803 0.040155 hargrave 2021-12-29 13:34:16 
TT 500 066.2 000.8 066.0 002.5 3.47E-05 001.2 043.9 053.4 0.060990 0.055090 0.031172 hargrave 2021-12-30 14:34:51 
TT 550 065.1 000.3 064.9 001.8 3.20E-05 003.5 041.9 053.7 0.136300 0.141719 0.031395 hargrave 2021-12-31 14:27:50 
TT 565 064.4 -00.5 064.4 000.9 2.99E-05 004.0 040.2 053.4 0.146185 0.152127 0.026333 hargrave 2022-01-01 10:24:33 
TT 580 060.3 -01.7 060.4 -00.8 2.86E-05 001.2 033.1 054.6 0.057419 0.028771 0.031588 hargrave 2022-01-02 13:04:11 
TT 600 059.2 -01.1 059.3 -00.4 2.62E-05 004.1 032.0 055.6 0.108739 0.153395 0.027614 hargrave 2022-02-07 19:04:08 
TT 610 059.5 -02.1 059.8 -01.3 2.48E-05 002.7 031.7 054.6 0.086054 0.077952 0.028282 hargrave 2022-02-08 16:24:30 
TT 620 060.3 -02.0 060.5 -01.1 2.45E-05 001.7 032.9 054.3 0.064299 0.041883 0.025117 hargrave 2022-02-09 14:18:09 
TT 630 055.6 -04.4 056.2 -04.1 2.31E-05 003.8 023.9 054.1 0.084350 0.130947 0.017503 hargrave 2022-02-10 13:51:42 
TT 640 058.9 -03.2 059.2 -02.5 2.21E-05 002.5 029.8 053.9 0.072716 0.065227 0.029521 hargrave 2022-02-11 09:14:40 
TT 650 053.3 -06.3 054.2 -06.3 1.88E-05 002.1 019.3 053.0 0.056908 0.046009 0.021783 hargrave 2022-02-12 13:52:49 
TT 655 051.8 -09.8 053.2 -10.0 1.73E-05 003.2 015.4 050.0 0.040298 0.089333 0.016214 hargrave 2022-02-13 17:36:22 
TT 660 054.9 -07.4 055.9 -07.2 1.48E-05 002.0 021.2 051.5 0.048835 0.033760 0.015563 hargrave 2022-02-14 15:49:18 
TT 664 061.3 -09.4 062.5 -08.3 1.39E-05 002.0 029.0 047.3 0.047471 0.031146 0.014881 hargrave 2022-02-15 13:16:47 
TT 667 052.4 -08.3 053.6 -08.5 1.00E-05 001.3 016.9 051.3 0.011618 0.020191 0.009266 hargrave 2022-02-16 09:40:24 
TT 670 056.9 -07.7 058.0 -07.2 5.80E-06 002.5 024.0 050.5 0.014342 0.020140 0.007861 hargrave 2022-02-17 09:15:49 
TT 673 017.4 -19.2 019.9 -23.9 2.96E-06 001.4 331.0 036.3 0.006184 0.004371 0.007932 hargrave 2022-02-17 19:02:51 
TT 675 053.3 028.6 049.0 028.3 1.31E-06 001.5 090.8 079.9 0.001615 0.003135 0.001242 hargrave 2022-02-19 18:01:48 
TT 677 354.9 019.1 353.7 012.2 2.69E-06 001.1 272.2 046.3 0.003988 0.003325 0.001606 hargrave 2022-02-21 10:16:43 
TT 679 020.0 062.0 009.5 057.0 2.54E-06 002.0 197.2 054.0 0.005741 0.005642 0.003818 hargrave 2022-02-21 18:40:16 
TT 683 359.1 018.8 357.8 012.2 1.93E-06 001.8 274.9 049.9 0.005727 0.001707 0.002048 hargrave 2022-02-22 19:23:17 
TT 685 136.4 025.8 135.8 033.8 1.84E-06 002.8 114.9 008.5 0.009638 0.003071 0.002935 hargrave 2022-02-23 18:43:44 
TT 688 351.0 002.1 351.1 -05.0 7.40E-07 004.1 289.5 034.8 0.004695 0.002898 0.001061 hargrave 2022-02-24 18:57:47 
