HF4- 4 mag compass orientation (IGRF corrected)
  44.22 127.8  11.0 234.0   8.0   1.0
NRM    092.0 041.3 085.8 045.9 4.55E-05 003.3 063.4 047.0 0.208670 0.189370 0.041896 hargrave 2021-12-24 13:44:41 
TT 150 095.5 034.3 090.9 039.4 3.88E-05 001.4 065.0 039.6 0.092328 0.033252 0.036385 hargrave 2021-12-25 14:44:36 
TT 300 094.8 026.4 091.3 031.5 3.01E-05 004.0 062.3 032.0 0.178658 0.115943 0.034301 hargrave 2021-12-27 14:09:29 
TT 400 086.7 023.5 083.5 027.6 2.33E-05 003.5 053.3 030.4 0.130748 0.068970 0.025234 hargrave 2021-12-28 14:14:05 
TT 450 091.8 023.6 088.6 028.3 2.10E-05 009.1 058.6 029.7 0.288799 0.173804 0.023281 hargrave 2021-12-29 13:39:09 
TT 450 082.6 020.8 079.6 024.5 2.11E-05 001.7 048.5 028.4 0.055325 0.034848 0.014324 hargrave 2021-12-29 17:54:44 
TT 500 084.7 020.9 081.8 024.9 1.88E-05 001.9 050.7 028.2 0.060516 0.043882 0.024492 hargrave 2021-12-30 14:38:10 
TT 550 086.7 023.6 083.4 027.7 1.48E-05 001.8 053.3 030.5 0.048951 0.033055 0.021808 hargrave 2021-12-31 14:31:09 
TT 565 083.3 024.1 079.8 027.8 1.34E-05 005.3 049.8 031.5 0.095026 0.085228 0.023705 hargrave 2022-01-01 10:27:53 
TT 580 076.3 023.8 072.8 026.6 1.15E-05 002.4 042.3 032.2 0.041360 0.026160 0.020617 hargrave 2022-01-02 13:07:32 
TT 600 083.1 031.3 078.5 035.0 8.68E-06 002.7 051.1 038.7 0.038420 0.018249 0.008194 hargrave 2022-02-07 19:09:28 
TT 610 081.7 029.1 077.4 032.6 7.59E-06 003.3 049.1 036.7 0.039722 0.021016 0.008035 hargrave 2022-02-08 16:27:48 
TT 620 075.9 028.7 071.5 031.4 6.96E-06 004.3 042.7 037.1 0.043495 0.030309 0.007988 hargrave 2022-02-09 14:21:27 
TT 630 070.6 028.2 066.2 030.1 5.35E-06 005.1 036.8 037.2 0.035669 0.032301 0.007363 hargrave 2022-02-10 13:55:00 
TT 640 070.4 033.5 065.1 035.4 4.97E-06 005.8 037.6 042.5 0.029924 0.040262 0.008741 hargrave 2022-02-11 09:17:58 
TT 650 064.8 029.5 060.2 030.7 3.58E-06 001.4 030.6 039.2 0.006291 0.009267 0.004693 hargrave 2022-02-12 13:56:07 
TT 655 066.2 041.5 059.0 042.7 3.86E-06 004.6 034.4 050.9 0.026598 0.018435 0.004411 hargrave 2022-02-13 17:39:44 
TT 660 026.7 031.2 022.8 027.3 3.48E-06 002.5 347.2 042.0 0.005841 0.013114 0.007600 hargrave 2022-02-14 15:52:38 
TT 664 038.1 021.2 035.3 018.8 1.85E-06 003.8 000.3 032.2 0.007203 0.010279 0.004402 hargrave 2022-02-15 13:20:07 
TT 667 043.7 019.1 041.1 017.4 3.56E-06 003.4 006.4 030.0 0.005804 0.020637 0.004421 hargrave 2022-02-16 09:43:44 
TT 670 341.6 013.3 341.2 005.6 2.25E-06 002.6 301.1 019.2 0.005503 0.004578 0.007868 hargrave 2022-02-17 09:19:08 
TT 673 128.3 059.9 123.2 067.5 1.00E-06 002.6 108.6 058.0 0.003638 0.003500 0.003588 hargrave 2022-02-17 19:06:11 
TT 675 109.1 012.7 107.8 019.2 2.09E-06 005.1 074.0 016.0 0.017251 0.005055 0.005951 hargrave 2022-02-19 18:05:06 
TT 677 288.3 056.4 294.1 049.7 9.27E-07 002.5 236.9 051.5 0.003703 0.001377 0.001781 hargrave 2022-02-21 10:20:03 
TT 679 137.7 -01.7 137.7 006.2 3.90E-06 002.2 099.4 -03.6 0.007166 0.006521 0.013372 hargrave 2022-02-21 18:43:35 
TT 683 054.1 -66.9 072.1 -65.6 2.20E-06 001.9 011.4 -56.2 0.005261 0.005759 0.001300 hargrave 2022-02-22 19:26:35 
TT 685 182.1 005.5 182.8 011.8 3.21E-06 002.6 144.4 -03.4 0.007661 0.011460 0.008531 hargrave 2022-02-23 18:47:03 
TT 688 336.5 015.5 336.1 007.7 3.65E-06 002.6 295.5 020.5 0.011478 0.006359 0.011406 hargrave 2022-02-24 19:01:06 
