HF4- 5 mag compass orientation (IGRF corrected)
   44.2 107.8  13.0 234.0   8.0   1.0
NRM    074.1 022.1 070.8 024.6 5.97E-05 001.5 061.6 028.8 0.137902 0.048237 0.070212 hargrave 2021-12-24 13:47:47 
TT 150 070.7 014.4 068.6 016.5 5.41E-05 001.8 056.4 021.9 0.152705 0.124829 0.065386 hargrave 2021-12-25 14:47:35 
TT 300 073.9 010.3 072.3 012.9 4.34E-05 001.5 058.8 017.3 0.090094 0.085794 0.055519 hargrave 2021-12-27 14:12:28 
TT 400 075.7 007.1 074.6 010.0 3.61E-05 002.6 060.0 013.8 0.161786 0.093610 0.039232 hargrave 2021-12-28 14:17:04 
TT 450 083.8 006.9 082.7 010.8 3.34E-05 001.2 068.0 012.0 0.046173 0.052509 0.044207 hargrave 2021-12-29 13:42:46 
TT 500 083.0 005.0 082.1 008.8 3.04E-05 001.1 066.8 010.3 0.038338 0.042352 0.036824 hargrave 2021-12-30 14:41:00 
TT 550 079.8 003.3 079.2 006.8 2.61E-05 004.0 063.3 009.3 0.163858 0.079357 0.029770 hargrave 2021-12-31 14:33:58 
TT 565 082.4 003.9 081.7 007.6 2.48E-05 006.5 066.0 009.3 0.258862 0.114308 0.024628 hargrave 2022-01-01 10:30:44 
TT 580 074.2 000.5 074.0 003.2 2.07E-05 003.0 057.2 007.6 0.095020 0.051803 0.028572 hargrave 2022-01-02 13:10:22 
TT 600 077.6 005.2 076.7 008.4 1.95E-05 002.1 061.5 011.6 0.063674 0.031480 0.035762 hargrave 2022-02-07 19:11:01 
TT 610 077.2 003.6 076.6 006.7 1.85E-05 005.1 060.8 010.1 0.151953 0.067745 0.028954 hargrave 2022-02-08 16:30:38 
TT 620 071.8 005.5 070.9 007.9 1.81E-05 002.4 055.7 013.0 0.066561 0.039644 0.025859 hargrave 2022-02-09 14:24:17 
TT 630 070.1 -00.2 070.0 002.0 1.51E-05 003.4 053.0 007.7 0.074840 0.049994 0.024812 hargrave 2022-02-10 13:57:48 
TT 640 067.6 003.2 067.0 005.0 1.38E-05 002.5 051.1 011.5 0.047715 0.034750 0.024260 hargrave 2022-02-11 09:20:48 
TT 650 067.1 -00.4 067.1 001.4 1.12E-05 005.8 050.0 008.0 0.091780 0.067439 0.022369 hargrave 2022-02-12 13:58:57 
TT 655 071.8 -04.7 072.2 -02.2 1.02E-05 001.5 053.8 003.0 0.022093 0.017989 0.015091 hargrave 2022-02-13 17:42:35 
TT 660 061.2 -05.9 061.9 -04.8 8.51E-06 006.7 043.2 003.6 0.069793 0.072317 0.014770 hargrave 2022-02-14 15:55:29 
TT 664 059.7 -07.5 060.7 -06.7 6.61E-06 001.7 041.5 002.2 0.012488 0.014146 0.014115 hargrave 2022-02-15 13:22:57 
TT 667 052.7 000.2 052.7 -00.0 5.04E-06 003.3 035.6 010.8 0.016436 0.024946 0.007849 hargrave 2022-02-16 09:46:35 
TT 670 066.1 -20.3 068.8 -18.4 5.62E-06 006.4 045.6 -11.4 0.040297 0.048902 0.011106 hargrave 2022-02-17 09:21:57 
TT 673 012.4 006.0 012.0 000.6 1.80E-06 004.7 354.3 018.9 0.004788 0.013506 0.004483 hargrave 2022-02-17 19:09:01 
TT 675 089.8 -12.9 091.0 -08.1 2.99E-06 001.6 069.7 -08.6 0.006468 0.005359 0.003758 hargrave 2022-02-19 18:07:55 
TT 677 349.9 -01.8 350.3 -09.0 2.13E-06 004.8 331.7 009.7 0.008502 0.014928 0.005764 hargrave 2022-02-21 10:24:28 
TT 679 044.6 009.0 043.5 007.6 1.57E-06 002.1 028.4 020.5 0.002805 0.004442 0.003252 hargrave 2022-02-21 18:46:24 
TT 683 167.4 -05.9 167.2 001.5 2.92E-06 002.6 148.2 -17.0 0.007509 0.011527 0.007682 hargrave 2022-02-22 19:29:25 
TT 685 179.9 -01.3 180.1 005.1 2.42E-06 006.0 161.6 -13.7 0.007970 0.023032 0.009063 hargrave 2022-02-23 18:49:53 
TT 688 220.5 -30.9 216.1 -28.7 2.70E-06 001.2 206.8 -42.7 0.004926 0.002539 0.002900 hargrave 2022-02-24 19:05:31 
