HF5- 7 mag compass orientation (IGRF corrected)
  42.33 116.8  28.0 285.0   2.0   1.0
NRM    295.1 039.3 296.7 038.9 2.59E-05 002.8 247.7 033.3 0.086434 0.094703 0.046956 hargrave 2021-12-24 13:56:27 
TT 150 289.4 036.9 290.9 036.7 2.53E-05 003.1 244.8 028.8 0.105204 0.097412 0.023704 hargrave 2021-12-25 14:56:15 
TT 300 290.5 034.0 291.8 033.8 2.53E-05 002.5 247.4 026.8 0.086851 0.062720 0.045880 hargrave 2021-12-27 14:19:42 
TT 400 297.4 031.7 298.6 031.2 2.57E-05 004.5 254.3 027.9 0.206556 0.054942 0.037366 hargrave 2021-12-28 14:24:50 
TT 450 289.9 030.8 291.1 030.6 2.56E-05 004.4 248.8 023.8 0.175894 0.087044 0.025523 hargrave 2021-12-29 13:53:14 
TT 500 290.9 031.7 292.1 031.4 2.62E-05 001.4 249.1 025.0 0.034207 0.057635 0.029577 hargrave 2021-12-30 14:51:30 
TT 550 289.9 034.5 291.2 034.3 2.38E-05 002.1 246.6 027.0 0.050593 0.069402 0.048177 hargrave 2021-12-31 14:43:38 
TT 565 291.3 032.0 292.6 031.8 2.27E-05 002.2 249.2 025.5 0.057394 0.067465 0.048349 hargrave 2022-01-01 10:40:27 
TT 580 295.2 032.9 296.4 032.5 2.40E-05 004.7 251.8 027.9 0.178866 0.084139 0.037617 hargrave 2022-01-02 13:20:02 
TT 600 289.7 036.2 291.1 036.0 2.57E-05 002.5 245.5 028.3 0.090918 0.064767 0.033238 hargrave 2022-02-07 19:20:40 
TT 610 282.4 034.5 283.8 034.5 1.94E-05 005.1 240.8 023.8 0.148411 0.084836 0.039249 hargrave 2022-02-08 16:39:29 
TT 620 275.1 033.6 276.4 033.9 1.76E-05 003.5 235.5 020.1 0.087655 0.068580 0.013418 hargrave 2022-02-09 14:33:59 
TT 630 277.0 042.1 278.8 042.4 1.53E-05 004.4 232.4 028.3 0.094023 0.079105 0.014576 hargrave 2022-02-10 14:06:40 
TT 640 273.4 052.4 276.0 052.8 1.52E-05 004.2 223.7 035.9 0.072100 0.090371 0.011583 hargrave 2022-02-11 09:29:40 
TT 650 254.1 055.7 256.7 056.7 1.47E-05 001.3 209.7 033.4 0.026708 0.022152 0.021018 hargrave 2022-02-12 14:09:25 
TT 655 275.6 040.0 277.3 040.3 1.29E-05 004.9 232.6 025.9 0.084734 0.073230 0.013634 hargrave 2022-02-13 17:51:32 
TT 660 274.6 040.4 276.2 040.7 1.28E-05 004.0 231.6 025.9 0.062410 0.066868 0.018024 hargrave 2022-02-14 16:04:25 
TT 664 286.3 043.7 288.2 043.6 1.25E-05 003.2 238.2 033.2 0.056151 0.043674 0.015913 hargrave 2022-02-15 13:31:48 
TT 667 267.7 035.6 269.1 036.2 1.13E-05 001.6 228.8 019.2 0.023736 0.024283 0.017305 hargrave 2022-02-16 09:55:31 
TT 670 281.9 043.1 283.8 043.2 1.20E-05 002.0 235.4 031.0 0.032553 0.029484 0.012397 hargrave 2022-02-17 09:30:50 
TT 673 285.3 033.9 286.7 033.8 8.20E-06 003.4 243.4 024.5 0.041001 0.026257 0.012019 hargrave 2022-02-17 19:17:53 
TT 675 300.8 057.1 303.7 056.5 6.12E-06 001.2 236.3 049.4 0.009478 0.009496 0.004548 hargrave 2022-02-19 18:16:47 
TT 677 285.4 046.1 287.4 046.1 6.90E-06 002.4 235.9 034.9 0.025417 0.014237 0.009554 hargrave 2022-02-21 10:33:22 
TT 679 291.7 038.1 293.3 037.8 8.70E-06 006.1 245.9 030.8 0.086030 0.036247 0.006182 hargrave 2022-02-21 18:55:11 
TT 683 268.8 063.1 272.6 063.5 7.67E-06 001.9 213.4 043.4 0.016704 0.019576 0.010015 hargrave 2022-02-22 19:38:19 
TT 685 270.4 062.8 274.3 063.2 3.88E-06 002.0 214.5 043.6 0.006394 0.012308 0.004414 hargrave 2022-02-23 18:58:43 
TT 688 224.1 067.8 226.7 069.5 3.40E-06 002.3 188.5 040.4 0.005416 0.010498 0.008339 hargrave 2022-02-24 19:14:23 
