HF5- 4 mag compass orientation (IGRF corrected)
  42.45 121.8   7.0 285.0   2.0   1.0
NRM    086.3 021.8 085.5 021.1 9.21E-05 002.7 057.0 025.7 0.379750 0.183938 0.079730 hargrave 2021-12-24 13:53:14 
TT 150 082.4 016.4 081.9 015.7 8.71E-05 001.9 052.5 020.8 0.267609 0.155274 0.095762 hargrave 2021-12-25 14:53:02 
TT 300 090.6 012.2 090.2 011.7 7.09E-05 001.3 060.3 015.8 0.177426 0.094026 0.064908 hargrave 2021-12-27 14:17:20 
TT 400 086.2 009.2 085.9 008.5 6.05E-05 004.7 055.5 013.2 0.379950 0.367889 0.056925 hargrave 2021-12-28 14:22:27 
TT 450 082.2 007.8 082.0 007.0 5.40E-05 003.4 051.4 012.2 0.258606 0.179263 0.068050 hargrave 2021-12-29 13:49:29 
TT 500 084.5 006.9 084.3 006.2 4.89E-05 000.8 053.6 011.1 0.044025 0.044196 0.067999 hargrave 2021-12-30 14:47:42 
TT 550 082.7 006.5 082.5 005.8 4.17E-05 001.4 051.7 010.9 0.086732 0.059658 0.053761 hargrave 2021-12-31 14:40:40 
TT 565 084.6 007.0 084.4 006.3 3.82E-05 001.0 053.7 011.2 0.044044 0.063897 0.040257 hargrave 2022-01-01 10:37:28 
TT 580 079.2 006.8 079.0 005.9 3.43E-05 001.4 048.2 011.5 0.066928 0.058568 0.046595 hargrave 2022-01-02 13:17:04 
TT 600 084.2 009.8 083.9 009.1 3.19E-05 001.8 053.6 014.0 0.089484 0.072096 0.050310 hargrave 2022-02-07 19:16:54 
TT 610 081.7 011.3 081.3 010.6 2.81E-05 006.6 051.2 015.8 0.259320 0.201252 0.037716 hargrave 2022-02-08 16:36:32 
TT 620 077.5 009.8 077.2 008.8 2.83E-05 002.2 046.8 014.6 0.086977 0.065012 0.038535 hargrave 2022-02-09 14:30:11 
TT 630 078.5 009.4 078.2 008.5 2.47E-05 001.8 047.8 014.2 0.071703 0.062014 0.032027 hargrave 2022-02-10 14:03:42 
TT 640 073.0 012.0 072.6 010.9 2.25E-05 002.3 042.4 017.2 0.081767 0.063257 0.035658 hargrave 2022-02-11 09:26:42 
TT 650 076.2 008.8 076.0 007.9 1.63E-05 007.7 045.4 013.8 0.150602 0.161591 0.032285 hargrave 2022-02-12 14:05:39 
TT 655 073.4 009.9 073.1 008.8 1.45E-05 002.5 042.6 015.1 0.056997 0.048671 0.024299 hargrave 2022-02-13 17:48:33 
TT 660 071.6 006.6 071.4 005.5 9.30E-06 003.4 040.5 012.0 0.041046 0.038721 0.016300 hargrave 2022-02-14 16:01:25 
TT 664 072.4 011.8 072.1 010.7 1.15E-05 006.2 041.8 017.1 0.091312 0.084525 0.021616 hargrave 2022-02-15 13:28:50 
TT 667 070.1 002.6 070.0 001.5 1.03E-05 002.8 038.7 008.1 0.029859 0.040086 0.019823 hargrave 2022-02-16 09:52:32 
TT 670 088.5 016.8 087.9 016.2 9.82E-06 002.2 058.7 020.5 0.029503 0.022033 0.016418 hargrave 2022-02-17 09:27:52 
TT 673 087.7 013.0 087.3 012.4 6.53E-06 005.9 057.5 016.8 0.058314 0.033164 0.011183 hargrave 2022-02-17 19:14:56 
TT 675 087.5 025.0 086.6 024.4 8.86E-06 002.3 058.7 028.8 0.031420 0.018273 0.010784 hargrave 2022-02-19 18:13:50 
TT 677 082.6 010.6 082.2 009.9 4.54E-06 003.9 052.0 015.0 0.023845 0.020111 0.004592 hargrave 2022-02-21 10:30:24 
TT 679 098.6 044.2 096.7 044.0 3.47E-06 001.3 073.5 046.6 0.006543 0.006144 0.002396 hargrave 2022-02-21 18:52:15 
TT 683 118.2 036.5 116.8 036.9 1.69E-06 008.7 091.6 036.6 0.025889 0.001340 0.001873 hargrave 2022-02-22 19:35:21 
TT 683 109.9 035.4 108.5 035.5 1.63E-06 001.0 083.1 036.5 0.002534 0.001507 0.000791 hargrave 2022-02-23 09:21:17 
TT 685 223.8 013.4 224.0 015.1 2.22E-06 002.3 191.7 006.5 0.006124 0.008522 0.003792 hargrave 2022-02-23 18:55:46 
TT 688 004.5 044.8 004.8 042.8 5.05E-07 007.4 328.9 050.9 0.005814 0.002616 0.002677 hargrave 2022-02-24 19:11:26 
