HF5- 1 mag compass orientation (IGRF corrected)
  42.45  75.8   9.0 285.0   2.0   1.0
NRM    104.2 027.2 103.1 027.2 1.06E-04 004.0 122.0 022.7 0.653266 0.366643 0.099746 hargrave 2021-12-24 13:52:01 
TT 150 102.0 022.2 101.2 022.1 9.78E-05 003.2 119.1 018.0 0.500102 0.197767 0.119722 hargrave 2021-12-25 14:51:49 
TT 300 105.6 018.9 104.9 018.9 7.96E-05 001.7 122.1 014.3 0.259951 0.104462 0.070985 hargrave 2021-12-27 14:16:08 
TT 400 102.7 016.7 102.1 016.6 6.64E-05 002.1 119.0 012.5 0.222837 0.123293 0.062191 hargrave 2021-12-28 14:21:15 
TT 450 100.9 016.0 100.3 015.8 5.98E-05 003.7 117.1 012.0 0.350863 0.148737 0.081008 hargrave 2021-12-29 13:47:57 
TT 500 101.7 015.6 101.1 015.4 5.39E-05 001.1 117.8 011.5 0.091922 0.057174 0.047526 hargrave 2021-12-30 14:46:11 
TT 550 099.3 013.9 098.9 013.7 4.68E-05 006.1 115.3 010.2 0.449158 0.210098 0.049536 hargrave 2021-12-31 14:39:10 
TT 565 096.2 012.6 095.7 012.2 4.45E-05 005.8 112.0 009.3 0.418085 0.159543 0.047555 hargrave 2022-01-01 10:35:57 
TT 580 095.2 012.2 094.8 011.9 3.98E-05 001.6 111.0 009.1 0.094914 0.049903 0.035143 hargrave 2022-01-02 13:15:34 
TT 600 101.6 014.5 101.1 014.3 3.73E-05 002.0 117.6 010.4 0.104402 0.089436 0.040865 hargrave 2022-02-07 19:15:24 
TT 610 102.2 011.9 101.8 011.8 3.47E-05 008.9 117.8 007.8 0.482966 0.241975 0.055321 hargrave 2022-02-08 16:35:02 
TT 620 097.3 012.0 096.9 011.7 3.34E-05 001.0 113.0 008.6 0.042854 0.027164 0.036776 hargrave 2022-02-09 14:28:41 
TT 630 101.9 011.0 101.6 010.8 3.04E-05 002.1 117.4 006.9 0.096199 0.044829 0.053279 hargrave 2022-02-10 14:02:12 
TT 640 103.8 011.5 103.4 011.5 2.76E-05 004.9 119.3 007.2 0.213770 0.103756 0.032313 hargrave 2022-02-11 09:25:12 
TT 650 106.6 008.8 106.3 008.8 2.34E-05 005.4 121.7 004.1 0.190650 0.111977 0.033784 hargrave 2022-02-12 14:03:20 
TT 655 099.1 006.1 098.9 005.9 1.99E-05 003.6 113.9 002.5 0.113540 0.060701 0.023695 hargrave 2022-02-13 17:47:01 
TT 660 107.5 007.5 107.3 007.6 1.66E-05 004.4 122.4 002.7 0.105681 0.073628 0.024698 hargrave 2022-02-14 15:59:54 
TT 664 094.1 009.8 093.8 009.4 1.53E-05 003.0 109.6 006.9 0.073939 0.035849 0.017158 hargrave 2022-02-15 13:27:21 
TT 667 108.9 009.1 108.6 009.2 1.41E-05 006.7 124.0 004.1 0.135613 0.098640 0.016974 hargrave 2022-02-16 09:51:01 
TT 670 107.5 012.3 107.0 012.4 1.57E-05 002.3 123.0 007.5 0.051868 0.042432 0.021713 hargrave 2022-02-17 09:26:21 
TT 673 111.1 005.9 110.9 006.1 1.21E-05 002.3 125.7 000.7 0.037697 0.035725 0.015340 hargrave 2022-02-17 19:13:25 
TT 675 095.0 -01.4 095.1 -01.7 1.17E-05 002.4 108.8 -04.3 0.046043 0.024654 0.011933 hargrave 2022-02-19 18:12:19 
TT 677 104.9 -12.3 105.4 -12.2 5.65E-06 003.3 117.1 -16.5 0.026687 0.018360 0.011651 hargrave 2022-02-21 10:28:53 
TT 679 087.8 -06.0 088.0 -06.6 6.91E-06 004.1 100.9 -07.8 0.047317 0.019293 0.007454 hargrave 2022-02-21 18:50:47 
TT 683 165.4 004.2 165.3 005.9 3.99E-06 003.0 179.6 -04.8 0.010341 0.019097 0.007956 hargrave 2022-02-22 19:33:51 
TT 685 142.5 -61.4 145.2 -60.2 6.31E-07 004.0 147.4 -69.4 0.001336 0.004116 0.001866 hargrave 2022-02-23 18:54:16 
TT 688 216.5 -19.2 216.3 -17.3 1.79E-06 004.1 233.6 -24.7 0.008296 0.010384 0.002690 hargrave 2022-02-24 19:09:55 
