HF5- 5 mag compass orientation (IGRF corrected)
  42.45 126.8  15.0 285.0   2.0   1.0
NRM    085.3 021.3 084.5 020.6 9.74E-05 003.9 054.2 030.7 0.590683 0.304755 0.110681 hargrave 2021-12-24 13:54:30 
TT 150 083.3 016.9 082.7 016.1 9.20E-05 002.3 051.0 026.8 0.322263 0.211378 0.117947 hargrave 2021-12-25 14:54:17 
TT 300 082.9 013.8 082.4 013.1 7.69E-05 001.9 049.9 023.9 0.192497 0.179651 0.096444 hargrave 2021-12-27 14:18:32 
TT 400 087.6 013.8 087.2 013.2 6.42E-05 002.2 054.8 022.9 0.212770 0.128474 0.075122 hargrave 2021-12-28 14:23:40 
TT 450 080.4 012.3 080.0 011.5 5.76E-05 001.0 047.0 022.9 0.061137 0.065278 0.085174 hargrave 2021-12-29 13:50:59 
TT 500 085.0 012.2 084.6 011.5 5.21E-05 001.9 051.7 021.9 0.145284 0.089684 0.073727 hargrave 2021-12-30 14:49:12 
TT 550 083.3 010.9 082.9 010.2 4.50E-05 001.2 049.7 021.0 0.086421 0.051655 0.066460 hargrave 2021-12-31 14:42:11 
TT 565 078.1 010.3 077.8 009.3 4.16E-05 001.3 044.2 021.3 0.065946 0.064390 0.071308 hargrave 2022-01-01 10:38:58 
TT 580 084.1 011.5 083.8 010.8 3.82E-05 000.9 050.7 021.4 0.051237 0.045674 0.052375 hargrave 2022-01-02 13:18:34 
TT 600 090.7 013.4 090.3 012.9 3.46E-05 006.8 057.9 021.8 0.358702 0.214238 0.057959 hargrave 2022-02-07 19:18:24 
TT 610 083.1 012.4 082.7 011.7 3.16E-05 002.1 049.8 022.5 0.092346 0.076576 0.035466 hargrave 2022-02-08 16:38:02 
TT 620 087.4 014.4 086.9 013.7 3.11E-05 004.9 054.7 023.5 0.218042 0.164636 0.046010 hargrave 2022-02-09 14:31:41 
TT 630 082.8 011.7 082.5 010.9 2.94E-05 002.2 049.4 021.8 0.108299 0.056241 0.046911 hargrave 2022-02-10 14:05:13 
TT 640 083.7 014.2 083.3 013.5 2.65E-05 005.1 050.9 024.1 0.180536 0.154267 0.039617 hargrave 2022-02-11 09:28:12 
TT 650 078.8 012.0 078.5 011.1 2.10E-05 003.2 045.3 022.9 0.086595 0.078688 0.031197 hargrave 2022-02-12 14:07:09 
TT 655 074.7 013.9 074.2 012.9 1.95E-05 003.8 041.3 025.5 0.093178 0.088872 0.027933 hargrave 2022-02-13 17:50:04 
TT 660 085.2 013.5 084.7 012.8 1.72E-05 006.4 052.2 023.1 0.156451 0.112879 0.021300 hargrave 2022-02-14 16:02:56 
TT 664 080.6 011.0 080.2 010.2 1.84E-05 001.4 046.9 021.6 0.038101 0.030431 0.022853 hargrave 2022-02-15 13:30:20 
TT 667 077.5 012.8 077.1 011.9 1.51E-05 003.9 044.1 023.9 0.075362 0.068806 0.020874 hargrave 2022-02-16 09:54:03 
TT 670 083.2 016.0 082.6 015.3 1.44E-05 002.9 050.7 026.0 0.056533 0.046205 0.017973 hargrave 2022-02-17 09:29:22 
TT 673 076.5 010.8 076.2 009.8 1.22E-05 004.5 042.6 022.1 0.070602 0.065320 0.017003 hargrave 2022-02-17 19:16:26 
TT 675 082.2 018.0 081.6 017.2 9.66E-06 003.3 050.1 028.1 0.044540 0.034490 0.010837 hargrave 2022-02-19 18:15:20 
TT 677 071.5 005.3 071.4 004.2 7.19E-06 002.3 036.5 017.5 0.021175 0.021389 0.005561 hargrave 2022-02-21 10:31:54 
TT 679 077.7 016.7 077.2 015.8 5.96E-06 002.8 045.1 027.7 0.023509 0.016512 0.008754 hargrave 2022-02-21 18:53:44 
TT 683 141.6 002.9 141.5 004.1 2.49E-06 003.1 105.0 -01.0 0.013341 0.004658 0.001818 hargrave 2022-02-22 19:36:51 
TT 685 074.1 -32.8 075.2 -33.8 1.87E-06 003.2 032.9 -20.5 0.006524 0.008088 0.003062 hargrave 2022-02-23 18:57:16 
TT 688 299.5 007.9 299.7 007.4 3.33E-06 002.5 260.9 005.7 0.013390 0.005467 0.006947 hargrave 2022-02-24 19:12:56 
