HF6- 7 mag compass orientation (IGRF corrected)
  24.47 316.8  57.0 194.0   8.0   1.0
NRM    052.4 003.4 051.8 008.4 8.28E-05 000.9 189.4 -53.2 0.084990 0.095725 0.059575 hargrave 2021-12-24 14:06:26 
TT 150 048.0 001.5 047.6 005.9 8.05E-05 001.0 182.2 -55.5 0.079059 0.104953 0.089209 hargrave 2021-12-25 15:06:03 
TT 300 049.9 -01.8 049.8 002.9 7.50E-05 001.7 185.9 -58.7 0.038302 0.213843 0.079214 hargrave 2021-12-27 14:29:38 
TT 400 045.5 -03.5 045.6 000.7 6.89E-05 001.1 177.3 -60.5 0.030033 0.122645 0.075775 hargrave 2021-12-28 14:34:39 
TT 450 045.9 -04.1 046.1 000.1 6.49E-05 001.5 178.1 -61.1 0.113095 0.094965 0.099027 hargrave 2021-12-29 14:05:15 
TT 500 042.0 -05.6 042.5 -01.8 6.10E-05 001.0 169.8 -62.2 0.048762 0.070160 0.068647 hargrave 2021-12-30 15:03:30 
TT 550 042.7 -05.8 043.2 -01.9 5.60E-05 002.6 171.2 -62.5 0.033223 0.249226 0.060903 hargrave 2021-12-31 14:55:40 
TT 565 041.9 -06.7 042.5 -02.9 5.43E-05 000.7 169.2 -63.3 0.032118 0.044095 0.057036 hargrave 2022-01-01 10:52:30 
TT 580 041.9 -06.7 042.5 -02.9 5.26E-05 001.1 169.2 -63.3 0.055688 0.073990 0.064377 hargrave 2022-01-02 13:32:02 
TT 600 044.4 -07.4 045.0 -03.3 5.01E-05 001.8 174.4 -64.3 0.127479 0.043187 0.094520 hargrave 2022-02-07 19:33:23 
TT 610 040.1 -07.7 040.9 -04.2 4.96E-05 001.9 164.8 -64.0 0.094382 0.111375 0.085968 hargrave 2022-02-08 16:51:31 
TT 620 041.0 -06.9 041.7 -03.3 4.72E-05 001.0 167.1 -63.4 0.048664 0.043147 0.059384 hargrave 2022-02-09 14:46:47 
TT 630 042.8 -08.9 043.7 -05.0 4.59E-05 001.8 170.5 -65.6 0.088087 0.096727 0.070589 hargrave 2022-02-10 14:19:28 
TT 640 041.1 -07.9 041.9 -04.2 4.52E-05 002.4 166.9 -64.4 0.074032 0.159603 0.082913 hargrave 2022-02-11 09:41:40 
TT 650 042.1 -09.1 043.0 -05.3 4.54E-05 002.0 168.7 -65.7 0.059317 0.135928 0.077810 hargrave 2022-02-12 14:22:13 
TT 655 039.5 -09.7 040.5 -06.2 4.40E-05 002.2 162.2 -65.7 0.050761 0.145242 0.077697 hargrave 2022-02-13 18:03:42 
TT 660 041.4 -08.6 042.3 -04.9 4.25E-05 001.9 167.3 -65.1 0.087833 0.092267 0.075052 hargrave 2022-02-14 16:16:30 
TT 664 040.8 -07.6 041.6 -03.9 3.96E-05 001.7 166.4 -64.0 0.080020 0.067219 0.071144 hargrave 2022-02-15 13:43:49 
TT 667 043.3 -07.5 044.0 -03.5 3.71E-05 001.9 172.0 -64.3 0.084678 0.068746 0.065998 hargrave 2022-02-16 10:07:37 
TT 670 042.6 -06.6 043.1 -02.7 3.72E-05 002.1 170.6 -63.3 0.071188 0.104025 0.068832 hargrave 2022-02-17 09:42:53 
TT 673 042.2 -07.6 042.9 -03.7 3.53E-05 001.7 169.4 -64.2 0.083618 0.034009 0.065727 hargrave 2022-02-17 19:29:56 
TT 675 040.2 -07.8 041.0 -04.2 2.89E-05 002.0 164.9 -64.1 0.062988 0.060767 0.063976 hargrave 2022-02-19 18:28:49 
TT 677 046.8 -01.9 046.8 002.4 2.23E-05 002.2 180.0 -58.9 0.053143 0.051108 0.055844 hargrave 2022-02-21 10:45:24 
TT 679 041.7 -10.1 042.7 -06.3 1.34E-05 002.1 167.2 -66.6 0.034488 0.018326 0.037693 hargrave 2022-02-21 19:07:09 
TT 683 052.4 -08.2 053.0 -03.2 1.13E-05 002.4 193.1 -64.7 0.032229 0.020850 0.035371 hargrave 2022-02-22 19:50:21 
TT 685 023.0 013.2 021.1 014.3 6.65E-06 003.2 149.9 -38.5 0.016634 0.031208 0.015602 hargrave 2022-02-23 19:10:45 
TT 688 080.2 030.7 077.9 038.0 9.71E-07 003.2 210.0 -18.9 0.003070 0.004963 0.002450 hargrave 2022-02-24 19:26:25 
