HF6- 4 mag compass orientation (IGRF corrected)
  23.97 320.8  47.0 194.0   8.0   1.0
NRM    076.2 003.5 075.8 010.6 6.66E-05 005.1 213.0 -38.1 0.303352 0.519306 0.057066 hargrave 2021-12-24 14:02:43 
TT 150 074.6 002.8 074.2 009.8 6.65E-05 001.4 211.5 -39.4 0.102437 0.144087 0.038229 hargrave 2021-12-25 15:02:20 
TT 300 077.1 001.1 076.8 008.2 6.35E-05 001.8 215.3 -40.0 0.066056 0.168162 0.091944 hargrave 2021-12-27 14:25:54 
TT 400 073.1 001.7 072.7 008.6 5.93E-05 001.2 210.1 -41.0 0.057508 0.109225 0.088870 hargrave 2021-12-28 14:30:56 
TT 450 070.9 002.5 070.5 009.2 5.58E-05 001.7 207.1 -41.0 0.109377 0.056332 0.126569 hargrave 2021-12-29 14:00:42 
TT 500 070.7 002.7 070.3 009.4 5.31E-05 001.4 206.8 -40.9 0.061395 0.113133 0.065793 hargrave 2021-12-30 14:58:58 
TT 550 073.4 000.1 073.1 007.0 4.77E-05 001.0 211.3 -42.4 0.037958 0.062985 0.054974 hargrave 2021-12-31 14:51:06 
TT 565 071.0 -00.2 070.7 006.5 4.54E-05 001.1 208.4 -43.5 0.037253 0.058808 0.056277 hargrave 2022-01-01 10:47:55 
TT 580 067.9 -00.1 067.6 006.3 4.44E-05 003.0 204.3 -44.5 0.083929 0.209769 0.055851 hargrave 2022-01-02 13:27:30 
TT 600 068.7 000.2 068.5 006.7 4.27E-05 003.3 205.3 -43.9 0.182430 0.161840 0.068986 hargrave 2022-02-07 19:28:51 
TT 610 068.6 -02.5 068.6 004.0 4.02E-05 001.4 206.4 -46.5 0.043947 0.053455 0.076052 hargrave 2022-02-08 16:46:58 
TT 620 068.3 -00.1 068.1 006.4 3.81E-05 001.2 204.9 -44.3 0.040814 0.050795 0.061111 hargrave 2022-02-09 14:42:14 
TT 630 067.3 000.9 066.9 007.3 3.71E-05 001.7 203.1 -43.7 0.028248 0.093180 0.059918 hargrave 2022-02-10 14:14:55 
TT 640 069.9 -01.8 069.7 004.8 3.50E-05 002.0 207.7 -45.4 0.090598 0.060479 0.051533 hargrave 2022-02-11 09:37:06 
TT 650 067.3 001.3 066.9 007.7 3.58E-05 001.5 203.0 -43.3 0.044042 0.054385 0.062841 hargrave 2022-02-12 14:17:40 
TT 655 060.5 -02.8 060.5 003.0 3.01E-05 007.6 194.9 -48.9 0.146869 0.374404 0.045341 hargrave 2022-02-13 17:59:05 
TT 660 064.1 -00.4 063.8 005.7 2.53E-05 001.6 199.2 -45.8 0.052166 0.031898 0.043019 hargrave 2022-02-14 16:11:54 
TT 664 052.2 002.4 051.6 007.3 1.65E-05 001.6 181.9 -44.6 0.032166 0.026769 0.025353 hargrave 2022-02-15 13:39:15 
TT 667 049.7 009.2 048.3 013.8 1.38E-05 004.3 178.6 -37.8 0.022327 0.101571 0.022332 hargrave 2022-02-16 10:03:01 
TT 670 044.6 013.8 042.6 017.8 1.06E-05 005.5 172.8 -32.9 0.015956 0.100782 0.016207 hargrave 2022-02-17 09:38:17 
TT 673 059.7 004.1 059.0 009.8 8.23E-06 001.6 192.0 -42.2 0.015900 0.013719 0.012616 hargrave 2022-02-17 19:25:21 
TT 675 057.4 -19.7 059.2 -14.1 5.62E-06 003.4 195.5 -66.0 0.021815 0.023110 0.012058 hargrave 2022-02-19 18:24:15 
TT 677 069.1 017.4 067.3 023.9 6.38E-06 004.3 199.7 -27.3 0.017230 0.043710 0.013425 hargrave 2022-02-21 10:40:52 
TT 679 003.0 -08.2 004.2 -09.7 3.51E-06 003.1 115.4 -35.7 0.014294 0.012717 0.003697 hargrave 2022-02-21 19:02:37 
TT 683 046.0 -08.3 046.7 -04.0 1.57E-06 003.4 171.7 -55.0 0.003074 0.007808 0.004912 hargrave 2022-02-22 19:45:47 
TT 685 330.7 -06.6 331.6 -12.0 3.64E-06 005.3 091.9 -11.7 0.033955 0.007845 0.002983 hargrave 2022-02-23 19:06:12 
TT 688 084.4 020.1 083.2 027.6 3.26E-06 002.0 213.5 -19.7 0.006053 0.009109 0.008340 hargrave 2022-02-24 19:21:52 
