HF6- 2 mag compass orientation (IGRF corrected)
  23.92 344.8  71.0 194.0   8.0   1.0
NRM    084.4 012.8 083.6 020.3 8.15E-05 002.1 197.3 -56.8 0.161635 0.241538 0.067373 hargrave 2021-12-24 13:58:52 
TT 150 081.9 011.0 081.1 018.4 7.58E-05 001.7 193.7 -59.2 0.108665 0.184938 0.090286 hargrave 2021-12-25 14:58:37 
TT 300 077.4 011.0 076.5 018.1 6.24E-05 001.5 185.1 -59.9 0.063630 0.142829 0.072438 hargrave 2021-12-27 14:22:09 
TT 400 075.0 012.3 073.9 019.3 5.18E-05 001.0 180.4 -58.7 0.042930 0.055566 0.066617 hargrave 2021-12-28 14:27:12 
TT 450 071.2 013.6 069.8 020.3 4.63E-05 002.2 173.5 -57.2 0.066642 0.148500 0.070540 hargrave 2021-12-29 13:56:11 
TT 500 066.9 014.6 065.4 020.9 4.04E-05 001.7 166.5 -55.5 0.052936 0.098272 0.061927 hargrave 2021-12-30 14:54:26 
TT 550 058.5 016.1 056.5 021.6 3.56E-05 002.0 154.4 -51.4 0.040102 0.111772 0.055476 hargrave 2021-12-31 14:46:36 
TT 565 058.4 017.7 056.2 023.2 3.25E-05 003.9 155.3 -49.9 0.109060 0.195688 0.027612 hargrave 2022-01-01 10:43:25 
TT 580 057.2 019.4 054.8 024.8 3.11E-05 001.8 154.9 -47.9 0.043524 0.093007 0.024720 hargrave 2022-01-02 13:22:59 
TT 600 056.7 019.5 054.2 024.8 2.94E-05 004.1 154.2 -47.6 0.140156 0.177078 0.040309 hargrave 2022-02-07 19:25:37 
TT 610 056.1 019.9 053.5 025.1 2.69E-05 002.3 153.7 -47.0 0.049508 0.097315 0.029576 hargrave 2022-02-08 16:42:26 
TT 620 052.0 021.8 049.1 026.6 2.53E-05 002.2 150.3 -43.5 0.061565 0.078142 0.033158 hargrave 2022-02-09 14:37:44 
TT 630 051.7 020.7 048.9 025.4 2.33E-05 002.1 149.1 -44.3 0.044654 0.075714 0.029115 hargrave 2022-02-10 14:10:25 
TT 640 047.6 022.8 044.4 027.0 2.18E-05 003.0 146.3 -40.5 0.047477 0.103066 0.040246 hargrave 2022-02-11 09:32:36 
TT 650 043.6 022.4 040.4 026.1 2.01E-05 001.4 142.2 -38.6 0.029292 0.035778 0.029829 hargrave 2022-02-12 14:13:10 
TT 655 036.3 024.0 032.7 026.9 1.72E-05 003.3 137.4 -32.9 0.057387 0.080440 0.030723 hargrave 2022-02-13 17:54:32 
TT 660 042.2 020.1 039.3 023.7 1.57E-05 001.5 139.0 -39.5 0.024472 0.030120 0.025575 hargrave 2022-02-14 16:07:22 
TT 664 034.5 021.3 031.3 023.9 1.39E-05 003.0 133.6 -33.6 0.053985 0.047817 0.023566 hargrave 2022-02-15 13:34:44 
TT 667 037.7 018.2 035.0 021.3 1.38E-05 001.8 133.4 -37.9 0.032835 0.027676 0.020930 hargrave 2022-02-16 09:58:29 
TT 670 025.7 032.2 020.6 033.5 1.16E-05 002.1 136.9 -20.5 0.026717 0.032467 0.023876 hargrave 2022-02-17 09:33:47 
TT 673 024.8 016.4 022.4 017.8 9.83E-06 001.9 122.5 -29.4 0.015345 0.020449 0.026800 hargrave 2022-02-17 19:20:51 
TT 675 357.4 039.3 351.5 036.6 5.39E-06 003.0 130.9 002.7 0.010560 0.014596 0.024828 hargrave 2022-02-19 18:19:45 
TT 677 055.5 057.0 044.6 061.7 2.78E-06 001.5 169.4 -12.3 0.005612 0.007153 0.001509 hargrave 2022-02-21 10:36:20 
TT 679 269.4 051.0 271.4 043.2 2.91E-06 003.6 163.5 056.0 0.013354 0.013632 0.001794 hargrave 2022-02-21 18:58:08 
TT 683 100.5 017.6 100.3 025.6 1.31E-06 002.3 216.2 -45.5 0.003347 0.002826 0.003685 hargrave 2022-02-22 19:41:16 
TT 685 285.6 -13.8 285.7 -21.8 1.38E-06 003.0 045.0 045.3 0.004465 0.005672 0.001714 hargrave 2022-02-23 19:01:40 
TT 688 103.5 035.8 103.5 043.8 1.23E-06 003.5 206.4 -28.8 0.005350 0.004147 0.003651 hargrave 2022-02-24 19:17:21 
