HF6- 5 mag compass orientation (IGRF corrected)
  24.12 301.8  71.0 194.0   8.0   1.0
NRM    047.0 003.7 046.3 008.1 4.61E-05 003.8 214.8 -62.8 0.281280 0.116794 0.073579 hargrave 2021-12-24 14:03:55 
TT 150 048.9 -00.7 048.7 003.9 4.51E-05 001.5 224.4 -65.2 0.081443 0.081430 0.034584 hargrave 2021-12-25 15:03:32 
TT 300 048.9 -03.5 049.0 001.1 4.34E-05 001.7 229.1 -67.2 0.062918 0.112701 0.033741 hargrave 2021-12-27 14:27:06 
TT 400 047.4 -04.9 047.7 -00.5 4.05E-05 001.0 229.2 -69.3 0.038127 0.050476 0.031473 hargrave 2021-12-28 14:32:08 
TT 450 048.6 -07.2 049.1 -02.7 3.85E-05 002.5 236.4 -69.9 0.156971 0.040614 0.038077 hargrave 2021-12-29 14:02:11 
TT 500 046.6 -06.8 047.2 -02.4 3.67E-05 002.1 231.7 -71.1 0.118873 0.061206 0.030462 hargrave 2021-12-30 15:00:26 
TT 550 044.6 -07.0 045.2 -02.9 3.45E-05 001.1 227.8 -72.7 0.055256 0.034699 0.026743 hargrave 2021-12-31 14:52:35 
TT 565 045.5 -08.4 046.2 -04.2 3.27E-05 001.8 233.2 -73.0 0.091194 0.047268 0.026731 hargrave 2022-01-01 10:49:25 
TT 580 045.6 -09.7 046.5 -05.4 3.16E-05 001.0 237.0 -73.7 0.044063 0.028836 0.021065 hargrave 2022-01-02 13:28:58 
TT 600 044.6 -09.7 045.6 -05.6 3.05E-05 003.5 235.0 -74.5 0.180105 0.042326 0.040653 hargrave 2022-02-07 19:30:20 
TT 610 045.0 -09.3 045.9 -05.1 2.97E-05 002.2 234.6 -73.9 0.106330 0.032277 0.036611 hargrave 2022-02-08 16:48:26 
TT 620 045.6 -07.9 046.3 -03.7 2.79E-05 001.9 232.4 -72.6 0.082630 0.025571 0.036547 hargrave 2022-02-09 14:43:43 
TT 630 046.7 -09.1 047.5 -04.7 2.76E-05 001.1 237.4 -72.5 0.034909 0.030995 0.030237 hargrave 2022-02-10 14:16:24 
TT 640 046.6 -08.9 047.4 -04.6 2.72E-05 001.8 236.9 -72.5 0.077044 0.022333 0.031513 hargrave 2022-02-11 09:38:34 
TT 650 046.8 -10.7 047.8 -06.3 2.67E-05 001.2 242.4 -73.3 0.053834 0.017736 0.028120 hargrave 2022-02-12 14:19:08 
TT 655 045.0 -10.2 046.0 -06.0 2.63E-05 003.9 237.2 -74.5 0.170094 0.053466 0.033231 hargrave 2022-02-13 18:00:34 
TT 660 048.4 -14.7 049.8 -10.1 2.33E-05 002.3 257.4 -73.6 0.092034 0.012485 0.024438 hargrave 2022-02-14 16:13:24 
TT 664 040.0 -11.7 041.3 -08.1 1.96E-05 001.3 228.3 -79.2 0.043154 0.013319 0.008264 hargrave 2022-02-15 13:40:43 
TT 667 042.0 -12.8 043.4 -09.0 1.53E-05 000.8 239.4 -78.4 0.019302 0.006290 0.008395 hargrave 2022-02-16 10:04:31 
TT 670 037.3 -07.5 038.1 -04.3 1.30E-05 002.2 205.8 -77.3 0.035447 0.035158 0.009621 hargrave 2022-02-17 09:39:46 
TT 673 043.9 -11.0 045.0 -07.0 1.23E-05 000.6 237.3 -75.9 0.008390 0.009600 0.004662 hargrave 2022-02-17 19:26:50 
TT 675 043.6 -15.4 045.2 -11.3 8.78E-06 002.8 254.0 -78.2 0.040131 0.013338 0.001370 hargrave 2022-02-19 18:25:44 
TT 677 064.9 016.9 063.0 023.0 4.49E-06 003.0 224.3 -41.6 0.020056 0.010140 0.007729 hargrave 2022-02-21 10:42:20 
TT 679 030.4 -53.7 040.0 -50.8 2.32E-06 004.1 001.5 -55.3 0.011061 0.012914 0.002630 hargrave 2022-02-21 19:04:05 
TT 683 002.9 011.7 001.4 010.0 2.33E-06 003.9 134.8 -48.1 0.011647 0.009490 0.007007 hargrave 2022-02-22 19:47:15 
TT 685 095.2 -26.9 095.7 -19.0 1.63E-06 002.4 290.5 -31.7 0.002996 0.007591 0.002932 hargrave 2022-02-23 19:07:40 
TT 688 084.6 -24.4 085.6 -16.9 2.69E-06 001.2 286.3 -40.9 0.004677 0.004265 0.002248 hargrave 2022-02-24 19:23:21 
