HF6- 1 mag compass orientation (IGRF corrected)
  23.96 312.8  79.0 194.0   8.0   1.0
NRM    032.9 -43.1 039.5 -40.0 8.27E-05 002.7 013.3 -56.8 0.056435 0.370714 0.103679 hargrave 2021-12-24 13:57:36 
TT 150 035.7 -42.4 042.0 -39.0 8.14E-05 002.3 009.9 -58.0 0.121661 0.282588 0.102875 hargrave 2021-12-25 14:57:24 
TT 300 037.2 -40.7 043.0 -37.2 7.68E-05 005.6 008.5 -59.9 0.071104 0.749871 0.080832 hargrave 2021-12-27 14:20:57 
TT 400 035.1 -39.1 040.7 -35.8 7.24E-05 003.7 012.4 -61.1 0.059685 0.455696 0.069009 hargrave 2021-12-28 14:26:00 
TT 450 035.6 -39.0 041.2 -35.7 7.02E-05 001.5 011.7 -61.3 0.137692 0.109326 0.070108 hargrave 2021-12-29 13:54:41 
TT 500 038.3 -38.5 043.7 -34.9 6.75E-05 003.5 007.5 -62.2 0.065357 0.406824 0.053673 hargrave 2021-12-30 14:52:56 
TT 550 041.7 -37.9 046.7 -33.8 6.17E-05 001.9 001.9 -63.1 0.073570 0.187909 0.045290 hargrave 2021-12-31 14:45:05 
TT 565 037.9 -38.6 043.3 -35.0 5.98E-05 001.6 008.2 -62.1 0.075748 0.141798 0.040477 hargrave 2022-01-01 10:41:54 
TT 580 038.9 -38.5 044.2 -34.8 5.79E-05 002.1 006.6 -62.3 0.072193 0.199999 0.051422 hargrave 2022-01-02 13:21:28 
TT 600 039.9 -39.8 045.4 -35.9 5.47E-05 003.2 004.6 -61.1 0.166421 0.251351 0.058646 hargrave 2022-02-07 19:22:07 
TT 610 035.3 -39.2 041.0 -35.9 4.97E-05 002.2 012.0 -61.0 0.117497 0.145609 0.042125 hargrave 2022-02-08 16:40:56 
TT 620 036.1 -38.5 041.5 -35.1 4.85E-05 001.5 011.2 -61.9 0.094670 0.077004 0.050186 hargrave 2022-02-09 14:35:25 
TT 630 038.2 -39.1 043.6 -35.5 4.76E-05 001.5 007.6 -61.6 0.106931 0.050203 0.048523 hargrave 2022-02-10 14:08:07 
TT 640 037.7 -38.0 043.0 -34.5 4.55E-05 001.4 008.7 -62.6 0.095850 0.047618 0.039106 hargrave 2022-02-11 09:31:06 
TT 650 038.8 -37.9 043.9 -34.2 3.93E-05 001.4 007.0 -62.9 0.060933 0.061910 0.039760 hargrave 2022-02-12 14:10:52 
TT 655 039.6 -36.1 044.4 -32.4 3.76E-05 002.7 006.1 -64.7 0.070852 0.157003 0.035456 hargrave 2022-02-13 17:53:00 
TT 660 033.5 -35.8 038.6 -32.8 3.46E-05 001.6 017.3 -63.8 0.068411 0.054498 0.036398 hargrave 2022-02-14 16:05:52 
TT 664 034.3 -32.7 038.8 -29.7 2.96E-05 001.6 018.4 -66.9 0.067360 0.043075 0.018397 hargrave 2022-02-15 13:33:15 
TT 667 041.3 -34.6 045.8 -30.6 2.87E-05 001.8 003.0 -66.4 0.057239 0.066846 0.022343 hargrave 2022-02-16 09:56:59 
TT 670 034.0 -33.9 038.7 -30.9 2.49E-05 002.5 017.9 -65.7 0.029845 0.104006 0.024428 hargrave 2022-02-17 09:32:17 
TT 673 032.4 -25.9 035.8 -23.2 2.03E-05 001.4 032.0 -72.1 0.032746 0.034007 0.015616 hargrave 2022-02-17 19:19:20 
TT 675 033.4 -23.4 036.4 -20.5 1.69E-05 001.3 034.6 -74.7 0.030900 0.022455 0.008965 hargrave 2022-02-19 18:18:14 
TT 677 049.6 -22.5 051.9 -17.7 1.05E-05 001.0 331.4 -76.8 0.015861 0.008234 0.003628 hargrave 2022-02-21 10:34:49 
TT 679 030.2 -39.4 036.1 -36.7 9.94E-06 002.0 019.4 -59.5 0.030960 0.010925 0.011174 hargrave 2022-02-21 18:56:38 
TT 683 191.5 -82.9 144.8 -79.1 2.27E-06 006.6 356.3 -04.9 0.006962 0.025500 0.005804 hargrave 2022-02-22 19:39:46 
TT 685 017.9 -03.3 018.3 -02.7 2.84E-06 001.6 105.5 -64.1 0.006375 0.004980 0.001484 hargrave 2022-02-23 19:00:10 
TT 688 142.0 027.8 145.1 034.0 1.93E-06 002.4 243.7 013.2 0.006151 0.003366 0.004705 hargrave 2022-02-24 19:15:50 
