HF6- 6 mag compass orientation (IGRF corrected)
   24.2 319.8  77.0 194.0   8.0   1.0
NRM    051.4 -06.6 051.8 -01.7 1.15E-04 000.9 193.7 -83.4 0.179580 0.049933 0.038734 hargrave 2021-12-24 14:05:09 
TT 150 052.2 -07.3 052.7 -02.3 1.16E-04 000.9 202.8 -83.8 0.167479 0.044633 0.039869 hargrave 2021-12-25 15:04:46 
TT 300 051.4 -08.6 052.1 -03.7 1.16E-04 001.2 199.5 -85.3 0.212320 0.119991 0.036347 hargrave 2021-12-27 14:28:21 
TT 400 050.7 -08.9 051.4 -04.1 1.13E-04 001.0 191.9 -85.8 0.183384 0.061428 0.042708 hargrave 2021-12-28 14:33:22 
TT 450 050.0 -08.7 050.7 -04.0 1.11E-04 001.4 182.0 -85.7 0.237936 0.109559 0.037466 hargrave 2021-12-29 14:03:41 
TT 500 049.2 -08.8 050.0 -04.2 1.08E-04 000.9 172.1 -85.8 0.163207 0.057723 0.036408 hargrave 2021-12-30 15:01:56 
TT 550 048.7 -09.1 049.5 -04.5 1.01E-04 001.1 164.6 -86.0 0.183480 0.059846 0.039326 hargrave 2021-12-31 14:54:04 
TT 565 047.8 -09.7 048.7 -05.2 9.79E-05 003.0 149.3 -86.2 0.502843 0.057431 0.040781 hargrave 2022-01-01 10:50:55 
TT 580 048.4 -10.3 049.3 -05.7 9.38E-05 002.9 152.9 -87.0 0.459441 0.077045 0.046898 hargrave 2022-01-02 13:30:28 
TT 600 046.5 -08.9 047.3 -04.5 8.96E-05 002.9 141.7 -84.8 0.455004 0.019819 0.061372 hargrave 2022-02-07 19:31:49 
TT 610 047.4 -08.9 048.2 -04.5 8.55E-05 002.7 149.3 -85.3 0.394218 0.024368 0.050215 hargrave 2022-02-08 16:49:56 
TT 620 047.1 -07.4 047.7 -03.0 7.68E-05 002.5 154.3 -83.8 0.336166 0.027425 0.054659 hargrave 2022-02-09 14:45:13 
TT 630 047.0 -09.8 047.9 -05.4 7.46E-05 002.4 139.3 -85.8 0.315731 0.020154 0.039975 hargrave 2022-02-10 14:17:53 
TT 640 046.8 -09.1 047.6 -04.7 7.57E-05 002.3 143.0 -85.1 0.295341 0.043813 0.042877 hargrave 2022-02-11 09:40:05 
TT 650 046.9 -08.1 047.6 -03.7 7.44E-05 002.4 149.4 -84.3 0.310884 0.022278 0.050326 hargrave 2022-02-12 14:20:38 
TT 655 044.5 -08.8 045.3 -04.7 7.34E-05 002.2 128.6 -83.3 0.272000 0.045029 0.047656 hargrave 2022-02-13 18:02:05 
TT 660 044.8 -09.7 045.7 -05.5 7.57E-05 002.3 123.9 -84.1 0.295573 0.026646 0.044340 hargrave 2022-02-14 16:14:55 
TT 664 046.4 -10.6 047.4 -06.2 6.04E-05 002.3 125.5 -85.9 0.241776 0.032309 0.034405 hargrave 2022-02-15 13:42:14 
TT 667 046.9 -12.4 048.1 -08.0 5.70E-05 002.1 102.2 -87.1 0.210295 0.010249 0.031744 hargrave 2022-02-16 10:06:02 
TT 670 048.4 -09.9 049.3 -05.3 5.84E-05 002.2 156.8 -86.6 0.219887 0.024390 0.017430 hargrave 2022-02-17 09:41:17 
TT 673 048.3 -10.3 049.2 -05.7 5.20E-05 002.1 151.0 -86.9 0.192214 0.012543 0.011146 hargrave 2022-02-17 19:28:20 
TT 675 045.5 -12.5 046.8 -08.2 4.57E-05 002.3 096.7 -85.8 0.183095 0.030711 0.011235 hargrave 2022-02-19 18:27:14 
TT 677 046.1 -02.7 046.2 001.5 3.12E-05 002.4 160.2 -79.1 0.089752 0.090574 0.019122 hargrave 2022-02-21 10:43:50 
TT 679 038.6 -08.0 039.4 -04.7 1.91E-05 001.4 113.1 -77.9 0.043432 0.012176 0.011447 hargrave 2022-02-21 19:05:35 
TT 683 044.1 -02.5 044.2 001.5 1.52E-05 002.2 151.4 -78.1 0.049557 0.028669 0.014516 hargrave 2022-02-22 19:48:45 
TT 685 036.6 001.0 036.2 004.1 4.11E-06 003.2 135.9 -70.8 0.018836 0.011144 0.007661 hargrave 2022-02-23 19:09:10 
TT 688 094.5 -19.7 094.9 -11.8 1.72E-06 002.2 285.1 -46.7 0.003771 0.007995 0.001422 hargrave 2022-02-24 19:24:51 
