HF6- 8 mag compass orientation (IGRF corrected)
  24.51 312.8  78.0 194.0   8.0   1.0
NRM    043.8 -02.4 043.8 001.6 4.82E-05 000.9 185.9 -80.3 0.025519 0.074601 0.037880 hargrave 2021-12-24 14:07:48 
TT 150 044.1 -04.9 044.5 -00.9 4.79E-05 001.1 190.7 -82.8 0.018513 0.093761 0.047697 hargrave 2021-12-25 15:07:25 
TT 300 042.8 -08.1 043.5 -04.2 4.59E-05 001.0 179.8 -86.1 0.018844 0.081619 0.040245 hargrave 2021-12-27 14:30:57 
TT 400 042.7 -10.3 043.7 -06.4 4.36E-05 000.8 176.4 -88.3 0.014254 0.060996 0.040378 hargrave 2021-12-28 14:35:58 
TT 450 042.0 -11.2 043.1 -07.4 4.21E-05 001.0 133.7 -88.9 0.027160 0.066558 0.034321 hargrave 2021-12-29 14:06:51 
TT 500 040.9 -11.6 042.1 -07.9 4.04E-05 000.9 103.1 -88.1 0.039569 0.049706 0.038270 hargrave 2021-12-30 15:05:06 
TT 550 043.3 -11.5 044.4 -07.5 3.79E-05 000.7 219.1 -89.3 0.012019 0.043242 0.035315 hargrave 2021-12-31 14:57:16 
TT 565 042.8 -12.8 044.1 -08.9 3.66E-05 001.0 002.9 -89.2 0.043495 0.046393 0.039484 hargrave 2022-01-01 10:54:06 
TT 580 042.1 -11.8 043.3 -07.9 3.47E-05 001.1 110.0 -89.3 0.043156 0.051076 0.034434 hargrave 2022-01-02 13:33:39 
TT 600 040.2 -12.1 041.5 -08.5 3.35E-05 001.2 087.8 -87.5 0.050051 0.046638 0.034638 hargrave 2022-02-07 19:34:59 
TT 610 045.0 -12.7 046.3 -08.5 3.27E-05 001.1 288.1 -87.7 0.039170 0.049970 0.029408 hargrave 2022-02-08 16:53:07 
TT 620 037.9 -13.6 039.5 -10.2 3.36E-05 001.0 071.0 -85.0 0.045951 0.037466 0.032502 hargrave 2022-02-09 14:48:24 
TT 630 038.2 -10.7 039.4 -07.3 3.46E-05 001.1 106.2 -85.3 0.048421 0.044275 0.032937 hargrave 2022-02-10 14:21:04 
TT 640 034.3 -10.8 035.6 -07.9 3.41E-05 001.0 097.6 -81.6 0.025583 0.051714 0.036011 hargrave 2022-02-11 09:43:16 
TT 650 037.2 -10.8 038.4 -07.6 3.18E-05 001.2 101.6 -84.4 0.041767 0.046832 0.033349 hargrave 2022-02-12 14:23:49 
TT 655 036.9 -10.3 038.1 -07.1 3.28E-05 001.0 106.1 -84.0 0.036339 0.040499 0.031110 hargrave 2022-02-13 18:05:20 
TT 660 035.1 -11.8 036.5 -08.8 3.22E-05 001.0 091.1 -82.5 0.038182 0.038296 0.032554 hargrave 2022-02-14 16:18:07 
TT 664 034.6 -11.0 035.9 -08.1 2.98E-05 001.0 096.3 -81.9 0.029861 0.040577 0.031452 hargrave 2022-02-15 13:45:26 
TT 667 035.8 -12.0 037.2 -09.0 2.75E-05 001.0 088.9 -83.2 0.028457 0.035273 0.030896 hargrave 2022-02-16 10:09:15 
TT 670 033.1 -10.2 034.3 -07.5 2.74E-05 001.0 099.5 -80.3 0.022945 0.036356 0.036662 hargrave 2022-02-17 09:44:29 
TT 673 032.1 -11.5 033.5 -09.0 2.35E-05 001.4 091.4 -79.5 0.037787 0.041567 0.030211 hargrave 2022-02-17 19:31:32 
TT 675 033.0 -12.2 034.4 -09.5 1.82E-05 001.6 087.7 -80.4 0.018579 0.046341 0.022123 hargrave 2022-02-19 18:30:25 
TT 677 036.1 -16.9 038.1 -13.7 1.73E-05 001.1 052.4 -81.9 0.013738 0.026817 0.027954 hargrave 2022-02-21 10:47:01 
TT 679 038.1 -15.1 039.8 -11.7 1.58E-05 000.8 055.5 -84.5 0.005435 0.021307 0.003581 hargrave 2022-02-21 19:08:45 
TT 683 034.9 -06.7 035.6 -03.8 1.09E-05 002.6 123.4 -80.6 0.025011 0.042889 0.004121 hargrave 2022-02-22 19:51:57 
TT 685 018.1 013.4 016.1 013.8 9.05E-06 001.5 135.2 -54.7 0.011616 0.020021 0.008541 hargrave 2022-02-23 19:12:21 
TT 688 070.9 003.0 070.4 009.6 3.95E-06 001.0 243.6 -58.3 0.005386 0.005181 0.002844 hargrave 2022-02-24 19:28:02 
