HF6- 3 mag compass orientation (IGRF corrected)
     24 305.8  40.0 194.0   8.0   1.0
NRM    073.9 005.2 073.2 012.1 1.19E-04 002.8 223.0 -25.8 0.404468 0.337477 0.258003 hargrave 2021-12-24 14:00:19 
TT 150 070.4 005.9 069.7 012.5 1.18E-04 007.4 219.2 -26.6 1.001183 1.163374 0.226612 hargrave 2021-12-25 15:00:04 
TT 300 067.9 004.7 067.3 011.1 1.15E-04 001.4 217.2 -28.7 0.160900 0.267400 0.127159 hargrave 2021-12-27 14:23:38 
TT 400 067.9 004.3 067.2 010.7 1.10E-04 001.5 217.3 -29.1 0.160118 0.225072 0.152934 hargrave 2021-12-28 14:28:39 
TT 450 067.0 005.1 066.3 011.4 1.05E-04 001.5 216.0 -28.7 0.093364 0.122430 0.248125 hargrave 2021-12-29 13:57:56 
TT 500 070.6 002.1 070.2 008.8 1.01E-04 001.9 221.2 -29.9 0.074329 0.220690 0.255253 hargrave 2021-12-30 14:56:11 
TT 550 065.2 002.5 064.7 008.8 9.61E-05 000.9 215.2 -31.7 0.084750 0.107263 0.103165 hargrave 2021-12-31 14:48:20 
TT 565 068.2 001.2 067.9 007.6 9.26E-05 002.4 219.1 -31.8 0.257703 0.283167 0.123943 hargrave 2022-01-01 10:45:09 
TT 580 071.6 -00.6 071.4 006.2 9.06E-05 003.4 223.6 -31.9 0.364917 0.388046 0.085708 hargrave 2022-01-02 13:24:44 
TT 600 066.7 001.8 066.2 008.2 8.52E-05 002.8 217.1 -31.8 0.072070 0.329759 0.247027 hargrave 2022-02-07 19:27:21 
TT 610 066.5 -00.1 066.2 006.3 8.25E-05 006.7 217.8 -33.6 0.647506 0.698814 0.203043 hargrave 2022-02-08 16:44:11 
TT 620 067.6 -00.7 067.4 005.7 8.00E-05 001.2 219.3 -33.8 0.071916 0.056225 0.149112 hargrave 2022-02-09 14:39:28 
TT 630 067.2 -01.3 067.0 005.1 7.80E-05 001.9 219.2 -34.5 0.185165 0.145074 0.133661 hargrave 2022-02-10 14:12:10 
TT 640 064.3 -01.0 064.1 005.2 7.52E-05 002.5 215.8 -35.3 0.163671 0.272233 0.115814 hargrave 2022-02-11 09:34:20 
TT 650 067.1 -01.6 066.9 004.8 7.41E-05 003.8 219.2 -34.8 0.366668 0.274113 0.195229 hargrave 2022-02-12 14:14:53 
TT 655 067.4 -02.7 067.3 003.7 7.11E-05 001.2 220.1 -35.7 0.085614 0.042221 0.114749 hargrave 2022-02-13 17:56:17 
TT 660 065.6 -01.9 065.5 004.3 7.04E-05 001.6 217.7 -35.7 0.126066 0.048359 0.156618 hargrave 2022-02-14 16:09:07 
TT 664 062.6 -01.4 062.4 004.6 6.38E-05 001.6 214.0 -36.3 0.104479 0.057108 0.143267 hargrave 2022-02-15 13:36:28 
TT 667 065.1 -03.3 065.1 003.0 5.96E-05 000.9 217.8 -37.1 0.034846 0.055873 0.079921 hargrave 2022-02-16 10:00:14 
TT 670 063.9 -03.2 063.9 002.9 5.64E-05 003.6 216.4 -37.5 0.245299 0.252147 0.089884 hargrave 2022-02-17 09:35:31 
TT 673 067.9 -03.9 068.0 002.6 5.27E-05 003.6 221.3 -36.5 0.180844 0.268416 0.071913 hargrave 2022-02-17 19:22:35 
TT 675 066.3 -04.7 066.4 001.7 4.50E-05 005.1 219.9 -37.9 0.279754 0.285627 0.066194 hargrave 2022-02-19 18:21:29 
TT 677 066.5 -03.4 066.5 002.9 4.59E-05 001.4 219.4 -36.7 0.093272 0.045831 0.064876 hargrave 2022-02-21 10:38:04 
TT 679 063.6 -02.7 063.6 003.4 4.21E-05 003.7 215.8 -37.1 0.190997 0.181324 0.089822 hargrave 2022-02-21 18:59:52 
TT 683 065.8 -02.6 065.7 003.7 3.78E-05 003.9 218.2 -36.2 0.174674 0.187658 0.053275 hargrave 2022-02-22 19:43:00 
TT 685 064.4 -01.0 064.2 005.1 2.85E-05 004.0 215.9 -35.3 0.154874 0.104701 0.070796 hargrave 2022-02-23 19:03:24 
TT 688 066.5 -01.8 066.3 004.6 2.57E-05 005.5 218.6 -35.2 0.187097 0.157463 0.061228 hargrave 2022-02-24 19:19:06 
