HF7- 4 mag compass orientation (IGRF corrected)
   9.26 322.8  83.0 232.0  11.0   1.0
NRM    013.8 -11.1 016.1 -17.7 9.40E-05 002.3 081.0 -51.3 0.359713 0.117888 0.056461 hargrave 2021-12-24 14:12:55 
TT 150 014.9 -12.2 017.4 -18.7 9.20E-05 001.1 079.1 -52.3 0.137259 0.118123 0.047356 hargrave 2021-12-25 15:12:27 
TT 300 015.2 -17.2 018.5 -23.5 8.79E-05 001.8 071.0 -51.9 0.172992 0.213671 0.089119 hargrave 2021-12-27 14:35:59 
TT 400 014.4 -15.0 017.3 -21.5 8.39E-05 001.9 074.7 -51.5 0.207734 0.206867 0.084150 hargrave 2021-12-28 14:40:56 
TT 450 014.9 -16.2 018.0 -22.6 8.05E-05 001.9 072.7 -51.8 0.236762 0.094877 0.077201 hargrave 2021-12-29 14:12:55 
TT 500 015.4 -20.8 019.4 -27.0 7.68E-05 001.6 065.3 -51.3 0.187304 0.071008 0.091408 hargrave 2021-12-30 15:11:12 
TT 550 015.0 -17.3 018.4 -23.7 7.33E-05 001.5 070.8 -51.7 0.144880 0.105902 0.077802 hargrave 2021-12-31 15:03:21 
TT 565 014.4 -20.4 018.3 -26.8 7.18E-05 001.3 066.3 -50.5 0.087523 0.105389 0.086645 hargrave 2022-01-01 11:00:14 
TT 580 015.4 -20.6 019.4 -26.9 6.85E-05 002.2 065.5 -51.3 0.246775 0.051291 0.083990 hargrave 2022-01-02 13:39:43 
TT 600 013.7 -19.8 017.5 -26.3 6.77E-05 001.7 067.4 -50.0 0.056129 0.162548 0.103551 hargrave 2022-02-07 19:43:03 
TT 610 014.2 -19.7 018.0 -26.1 6.58E-05 001.9 067.4 -50.5 0.089774 0.176899 0.093926 hargrave 2022-02-08 16:59:11 
TT 620 015.5 -21.2 019.7 -27.5 6.41E-05 003.6 064.5 -51.3 0.381742 0.078457 0.091858 hargrave 2022-02-09 14:54:29 
TT 630 015.2 -19.3 018.9 -25.6 6.20E-05 003.9 067.7 -51.5 0.412163 0.073563 0.088270 hargrave 2022-02-10 14:27:10 
TT 640 012.6 -18.6 016.1 -25.4 6.11E-05 001.9 069.5 -49.2 0.175736 0.081350 0.086394 hargrave 2022-02-11 09:49:22 
TT 650 013.8 -18.1 017.2 -24.7 6.08E-05 004.0 069.9 -50.4 0.222368 0.069992 0.604828 hargrave 2022-02-12 14:29:54 
TT 655 013.3 -18.1 016.8 -24.7 6.13E-05 003.7 070.1 -50.0 0.106689 0.097591 0.628853 hargrave 2022-02-13 18:11:29 
TT 660 012.4 -20.0 016.2 -26.7 5.89E-05 001.6 067.5 -48.8 0.047589 0.141846 0.089808 hargrave 2022-02-14 16:24:14 
TT 664 013.3 -22.0 017.5 -28.5 5.43E-05 001.8 064.3 -49.1 0.054991 0.145771 0.084791 hargrave 2022-02-15 13:51:32 
TT 667 012.0 -22.6 016.3 -29.3 5.30E-05 001.9 063.9 -47.8 0.150521 0.076724 0.074697 hargrave 2022-02-16 10:15:23 
TT 670 012.9 -22.6 017.2 -29.2 5.19E-05 002.6 063.5 -48.6 0.214080 0.070195 0.075824 hargrave 2022-02-17 09:50:37 
TT 673 012.3 -20.9 016.3 -27.6 4.91E-05 003.9 066.2 -48.5 0.323616 0.088487 0.067483 hargrave 2022-02-17 19:37:36 
TT 675 012.7 -20.4 016.5 -27.1 4.36E-05 002.9 066.8 -48.9 0.199437 0.086765 0.063114 hargrave 2022-02-19 18:36:30 
TT 677 012.6 -20.8 016.6 -27.5 3.37E-05 002.0 066.2 -48.8 0.102282 0.047192 0.043424 hargrave 2022-02-21 10:53:05 
TT 679 014.2 -20.0 018.0 -26.5 2.70E-05 001.4 066.9 -50.4 0.036975 0.053390 0.029464 hargrave 2022-02-21 19:14:49 
TT 683 017.3 -21.9 021.7 -27.9 1.17E-05 001.3 062.6 -52.7 0.026595 0.014353 0.016790 hargrave 2022-02-22 19:58:04 
TT 685 024.4 -05.2 025.7 -10.2 5.21E-06 001.1 092.1 -61.7 0.005933 0.007840 0.002211 hargrave 2022-02-23 19:18:26 
TT 688 083.1 026.0 077.8 031.2 1.19E-06 010.0 220.6 -45.8 0.016250 0.011538 0.007575 hargrave 2022-02-24 19:34:07 
TT 688 081.9 034.5 074.4 039.4 1.23E-06 001.4 211.6 -40.2 0.002126 0.001729 0.001781 hargrave 2022-02-25 08:16:17 
