HF7- 3 mag compass orientation (IGRF corrected)
   9.18 304.8  49.0 232.0  11.0   1.0
NRM    022.8 -21.4 027.2 -26.4 6.56E-05 000.7 149.1 -67.9 0.068900 0.049831 0.057460 hargrave 2021-12-24 14:11:38 
TT 150 022.4 -23.1 027.1 -28.2 7.01E-05 001.1 146.0 -69.3 0.122909 0.059616 0.055015 hargrave 2021-12-25 15:11:12 
TT 300 018.2 -24.0 022.9 -29.7 7.61E-05 001.1 135.7 -68.0 0.109195 0.096569 0.045992 hargrave 2021-12-27 14:34:42 
TT 400 014.6 -26.7 019.8 -33.0 7.60E-05 002.4 124.4 -68.0 0.273121 0.152638 0.036066 hargrave 2021-12-28 14:39:42 
TT 450 015.7 -25.3 020.6 -31.5 7.50E-05 001.0 128.7 -67.7 0.073642 0.097011 0.059198 hargrave 2021-12-29 14:11:24 
TT 500 013.6 -25.0 018.4 -31.4 7.45E-05 002.0 125.8 -66.2 0.219740 0.147263 0.037541 hargrave 2021-12-30 15:09:40 
TT 550 012.0 -24.3 016.6 -31.1 7.14E-05 001.1 124.2 -64.7 0.114472 0.068638 0.039695 hargrave 2021-12-31 15:01:50 
TT 565 013.7 -23.5 018.1 -30.0 7.00E-05 001.9 128.2 -65.1 0.179585 0.137565 0.027497 hargrave 2022-01-01 10:58:42 
TT 580 010.6 -23.6 015.0 -30.5 6.86E-05 001.4 123.3 -63.3 0.135123 0.096849 0.033343 hargrave 2022-01-02 13:38:12 
TT 600 011.3 -22.6 015.5 -29.4 6.52E-05 002.1 125.9 -63.0 0.212671 0.069243 0.072990 hargrave 2022-02-07 19:39:30 
TT 610 011.3 -21.9 015.4 -28.8 6.28E-05 001.1 126.7 -62.5 0.096469 0.047896 0.062125 hargrave 2022-02-08 16:57:40 
TT 620 007.2 -22.5 011.1 -30.0 6.31E-05 003.1 120.1 -60.3 0.224190 0.077581 0.500424 hargrave 2022-02-09 14:52:58 
TT 630 011.1 -19.8 014.8 -26.8 6.13E-05 001.3 129.3 -60.8 0.123889 0.054297 0.054637 hargrave 2022-02-10 14:25:38 
TT 640 008.6 -19.8 012.2 -27.1 6.06E-05 001.0 125.7 -59.2 0.086307 0.064600 0.039810 hargrave 2022-02-11 09:47:50 
TT 650 011.6 -19.9 015.3 -26.7 6.05E-05 001.2 130.0 -61.1 0.103902 0.054739 0.041930 hargrave 2022-02-12 14:28:23 
TT 655 010.1 -19.3 013.7 -26.4 6.10E-05 002.0 128.5 -59.8 0.133816 0.155061 0.059791 hargrave 2022-02-13 18:09:57 
TT 660 011.4 -21.8 015.5 -28.7 5.91E-05 002.4 127.1 -62.5 0.206793 0.136813 0.041727 hargrave 2022-02-14 16:22:43 
TT 664 011.4 -22.7 015.7 -29.6 5.95E-05 003.1 125.8 -63.2 0.268146 0.171212 0.037326 hargrave 2022-02-15 13:50:01 
TT 667 010.8 -22.6 015.0 -29.6 5.58E-05 000.8 125.0 -62.7 0.049940 0.053804 0.046867 hargrave 2022-02-16 10:13:51 
TT 670 009.6 -23.8 013.9 -30.9 5.69E-05 000.9 121.4 -62.8 0.064381 0.055504 0.048804 hargrave 2022-02-17 09:49:06 
TT 673 008.2 -21.5 012.1 -28.9 5.38E-05 002.4 122.9 -60.3 0.194788 0.098990 0.049212 hargrave 2022-02-17 19:36:05 
TT 675 009.9 -23.5 014.2 -30.6 4.85E-05 001.9 122.4 -62.8 0.131187 0.081790 0.045114 hargrave 2022-02-19 18:34:58 
TT 677 008.3 -23.1 012.5 -30.4 3.62E-05 002.4 120.7 -61.5 0.130945 0.075566 0.032179 hargrave 2022-02-21 10:51:34 
TT 679 011.1 -25.5 015.9 -32.4 3.00E-05 001.2 120.9 -65.0 0.050162 0.033883 0.036012 hargrave 2022-02-21 19:13:18 
TT 683 016.0 -33.5 022.8 -39.5 1.32E-05 002.4 110.5 -73.3 0.053083 0.011780 0.002452 hargrave 2022-02-22 19:56:32 
TT 685 339.0 -22.2 340.7 -32.7 8.50E-06 001.1 094.2 -39.8 0.014550 0.011293 0.005157 hargrave 2022-02-23 19:16:54 
TT 688 092.2 -17.7 094.3 -10.4 3.44E-06 003.2 262.4 -35.9 0.018604 0.006205 0.004020 hargrave 2022-02-24 19:32:36 
