HF7- 7 mag compass orientation (IGRF corrected)
   9.61 332.8  86.0 232.0  11.0   1.0
NRM    015.8 -21.1 019.9 -27.2 7.28E-05 001.4 065.3 -41.3 0.152321 0.103233 0.050285 hargrave 2021-12-24 14:18:51 
TT 150 016.3 -25.2 021.2 -31.2 7.54E-05 003.8 059.9 -40.6 0.440243 0.265668 0.049020 hargrave 2021-12-25 15:18:12 
TT 300 012.8 -23.0 017.1 -29.7 7.57E-05 003.6 063.7 -38.1 0.462695 0.156347 0.082218 hargrave 2021-12-27 14:41:52 
TT 400 011.6 -25.4 016.4 -32.2 7.42E-05 002.5 061.1 -36.5 0.280110 0.199082 0.067647 hargrave 2021-12-28 14:46:42 
TT 450 010.7 -24.0 015.1 -30.9 7.16E-05 003.2 063.1 -36.0 0.367053 0.149255 0.071542 hargrave 2021-12-29 14:19:53 
TT 500 009.7 -23.1 013.9 -30.2 6.89E-05 001.4 064.4 -35.3 0.120194 0.115227 0.067677 hargrave 2021-12-30 15:18:08 
TT 550 009.7 -22.7 013.8 -29.8 6.50E-05 001.1 064.9 -35.4 0.088206 0.075153 0.063520 hargrave 2021-12-31 15:10:18 
TT 565 010.1 -25.4 014.8 -32.4 6.35E-05 001.1 061.5 -35.2 0.076528 0.076326 0.061062 hargrave 2022-01-01 11:07:10 
TT 580 011.8 -24.0 016.3 -30.8 6.02E-05 002.7 062.7 -37.0 0.268511 0.096363 0.056222 hargrave 2022-01-02 13:46:39 
TT 600 006.9 -22.9 010.9 -30.5 5.89E-05 002.6 065.2 -32.8 0.226278 0.147374 0.048793 hargrave 2022-02-07 19:47:54 
TT 610 008.5 -24.0 012.9 -31.3 5.63E-05 001.5 063.6 -34.1 0.111553 0.087292 0.054656 hargrave 2022-02-08 17:06:08 
TT 620 007.2 -23.2 011.4 -30.7 5.38E-05 002.8 064.8 -33.1 0.232893 0.134210 0.046744 hargrave 2022-02-09 15:01:27 
TT 630 006.7 -21.2 010.5 -28.7 5.17E-05 001.1 067.3 -33.0 0.075500 0.070262 0.058725 hargrave 2022-02-10 14:34:07 
TT 640 004.7 -21.4 008.4 -29.2 5.17E-05 002.5 067.4 -31.1 0.201652 0.099865 0.055535 hargrave 2022-02-11 09:56:20 
TT 650 006.4 -21.6 010.2 -29.3 5.21E-05 005.3 066.8 -32.6 0.447680 0.188067 0.046349 hargrave 2022-02-12 14:36:50 
TT 655 006.4 -26.5 011.1 -34.1 5.28E-05 002.2 061.1 -31.7 0.185876 0.085804 0.046163 hargrave 2022-02-13 18:19:16 
TT 660 004.9 -24.9 009.2 -32.7 5.05E-05 001.0 063.3 -30.7 0.061670 0.054922 0.051187 hargrave 2022-02-14 16:31:14 
TT 664 005.1 -25.3 009.5 -33.1 4.94E-05 003.2 062.8 -30.8 0.239527 0.141315 0.051375 hargrave 2022-02-15 13:58:30 
TT 667 004.7 -24.9 009.0 -32.7 4.92E-05 000.9 063.4 -30.5 0.060783 0.046332 0.047931 hargrave 2022-02-16 10:22:23 
TT 670 001.8 -25.6 006.0 -33.8 5.01E-05 003.2 063.1 -27.8 0.251430 0.116216 0.056395 hargrave 2022-02-17 09:58:26 
TT 673 001.8 -25.1 006.0 -33.3 4.61E-05 001.2 063.6 -27.9 0.076849 0.067951 0.051454 hargrave 2022-02-17 19:45:21 
TT 675 003.7 -32.0 009.3 -39.9 3.45E-05 001.3 055.6 -28.1 0.052891 0.061635 0.031153 hargrave 2022-02-19 18:44:15 
TT 677 358.7 -26.1 002.8 -34.7 2.26E-05 001.5 063.0 -25.0 0.052322 0.054788 0.035651 hargrave 2022-02-21 11:00:50 
TT 679 345.9 -28.4 349.0 -38.4 1.99E-05 002.1 061.7 -13.4 0.069304 0.036506 0.013229 hargrave 2022-02-21 19:21:49 
TT 683 341.0 -27.6 343.4 -37.9 5.60E-06 003.2 062.7 -09.1 0.025968 0.018931 0.003797 hargrave 2022-02-22 20:04:14 
TT 685 349.7 -09.4 351.0 -19.1 2.79E-06 002.8 081.4 -17.3 0.007285 0.013751 0.008643 hargrave 2022-02-23 19:24:35 
TT 688 004.6 -05.8 005.9 -13.9 2.54E-06 001.6 085.6 -32.0 0.006054 0.004089 0.002707 hargrave 2022-02-24 19:41:53 
