HF7- 5 mag compass orientation (IGRF corrected)
   9.58 320.8  79.0 232.0  11.0   1.0
NRM    025.9 -03.5 026.9 -08.3 7.86E-05 002.0 105.0 -64.2 0.240377 0.114285 0.099237 hargrave 2021-12-24 14:14:28 
TT 150 026.8 -06.3 028.3 -10.9 7.96E-05 001.9 099.1 -65.8 0.235334 0.104451 0.085163 hargrave 2021-12-25 15:13:57 
TT 300 024.6 -10.5 026.9 -15.4 8.07E-05 000.8 088.5 -64.3 0.096752 0.068280 0.042979 hargrave 2021-12-27 14:37:33 
TT 400 024.6 -12.4 027.2 -17.2 7.97E-05 001.2 084.3 -64.3 0.136419 0.108120 0.037807 hargrave 2021-12-28 14:42:26 
TT 450 024.6 -12.2 027.2 -17.1 7.87E-05 000.8 084.7 -64.3 0.077980 0.070018 0.054534 hargrave 2021-12-29 14:14:43 
TT 500 024.0 -14.3 027.0 -19.2 7.75E-05 001.1 079.9 -63.7 0.124472 0.084524 0.037802 hargrave 2021-12-30 15:12:58 
TT 550 023.9 -11.3 026.3 -16.3 7.33E-05 001.7 086.7 -63.6 0.212861 0.067923 0.029732 hargrave 2021-12-31 15:05:08 
TT 565 023.6 -12.3 026.2 -17.4 7.13E-05 002.6 084.4 -63.3 0.299658 0.118580 0.043510 hargrave 2022-01-01 11:02:01 
TT 580 023.6 -12.6 026.2 -17.6 7.05E-05 001.8 083.9 -63.3 0.192637 0.109786 0.041517 hargrave 2022-01-02 13:41:30 
TT 600 022.8 -10.2 025.0 -15.3 6.76E-05 002.1 089.1 -62.5 0.228558 0.097977 0.033003 hargrave 2022-02-07 19:44:49 
TT 610 022.1 -12.1 024.7 -17.4 6.53E-05 002.3 084.9 -61.9 0.255869 0.079075 0.025562 hargrave 2022-02-08 17:00:58 
TT 620 022.3 -11.9 024.9 -17.2 6.46E-05 001.2 085.3 -62.1 0.100832 0.087649 0.028382 hargrave 2022-02-09 14:56:16 
TT 630 022.8 -10.7 025.1 -15.9 6.32E-05 001.0 088.0 -62.5 0.065941 0.087078 0.026843 hargrave 2022-02-10 14:28:57 
TT 640 022.8 -10.9 025.1 -16.1 6.20E-05 002.8 087.4 -62.5 0.304581 0.053991 0.024637 hargrave 2022-02-11 09:51:09 
TT 650 021.8 -10.5 024.0 -15.8 6.08E-05 001.4 088.3 -61.5 0.128973 0.074250 0.025335 hargrave 2022-02-12 14:31:41 
TT 655 020.7 -11.8 023.2 -17.3 5.96E-05 001.2 085.5 -60.5 0.097335 0.075182 0.026348 hargrave 2022-02-13 18:13:17 
TT 660 020.3 -11.4 022.7 -17.0 5.74E-05 001.0 086.3 -60.1 0.059278 0.084863 0.028709 hargrave 2022-02-14 16:26:01 
TT 664 020.9 -11.6 023.4 -17.1 5.44E-05 002.4 085.8 -60.7 0.212145 0.074436 0.026731 hargrave 2022-02-15 13:53:19 
TT 667 020.6 -13.4 023.4 -19.0 5.11E-05 002.8 082.1 -60.4 0.245284 0.064972 0.023450 hargrave 2022-02-16 10:17:10 
TT 670 018.6 -14.3 021.5 -20.2 5.09E-05 001.4 080.5 -58.4 0.084940 0.092089 0.026994 hargrave 2022-02-17 09:52:25 
TT 673 019.6 -12.0 022.1 -17.8 4.76E-05 001.0 084.9 -59.4 0.061608 0.066309 0.022696 hargrave 2022-02-17 19:39:23 
TT 675 017.8 -16.9 021.2 -22.8 3.81E-05 001.8 075.8 -57.5 0.103188 0.066198 0.022625 hargrave 2022-02-19 18:38:17 
TT 677 014.2 -14.6 017.1 -21.2 2.89E-05 001.1 080.2 -54.2 0.045419 0.039141 0.019854 hargrave 2022-02-21 10:54:52 
TT 679 016.1 -17.2 019.4 -23.4 2.22E-05 002.0 075.6 -55.8 0.074998 0.021412 0.017732 hargrave 2022-02-21 19:16:36 
TT 683 024.0 -10.2 026.3 -15.2 1.15E-05 003.2 089.1 -63.7 0.063662 0.015572 0.002728 hargrave 2022-02-22 19:59:51 
TT 685 008.0 -24.7 012.4 -32.0 4.90E-06 001.1 065.4 -47.2 0.006355 0.006750 0.006258 hargrave 2022-02-23 19:20:13 
TT 688 136.3 -34.6 136.9 -23.7 1.51E-06 003.5 303.6 -09.9 0.008686 0.005009 0.002318 hargrave 2022-02-24 19:35:55 
