HF7- 1 mag compass orientation (IGRF corrected)
   9.14 288.8  77.0 232.0  11.0   1.0
NRM    021.1 -03.2 022.1 -08.7 6.47E-05 001.6 193.0 -79.9 0.177517 0.022327 0.048533 hargrave 2021-12-24 14:09:08 
TT 150 022.0 -05.5 023.4 -10.9 6.52E-05 001.9 203.1 -81.9 0.205303 0.035463 0.039870 hargrave 2021-12-25 15:08:43 
TT 300 019.5 -07.2 021.1 -13.0 6.72E-05 001.9 186.6 -84.2 0.216925 0.028782 0.039259 hargrave 2021-12-27 14:32:15 
TT 400 017.5 -08.1 019.4 -14.1 6.68E-05 001.9 165.9 -84.9 0.207509 0.062382 0.035175 hargrave 2021-12-28 14:37:15 
TT 450 016.9 -08.2 018.7 -14.4 6.57E-05 002.1 158.5 -84.8 0.236754 0.024379 0.037119 hargrave 2021-12-29 14:08:26 
TT 500 015.6 -08.0 017.4 -14.4 6.44E-05 001.6 147.7 -84.1 0.177713 0.016191 0.030776 hargrave 2021-12-30 15:06:41 
TT 550 013.9 -08.8 015.8 -15.5 6.19E-05 001.7 130.3 -83.6 0.176248 0.018226 0.030268 hargrave 2021-12-31 14:58:51 
TT 565 013.3 -07.1 014.9 -13.9 6.03E-05 001.4 137.0 -82.0 0.145129 0.023575 0.031688 hargrave 2022-01-01 10:55:42 
TT 580 012.6 -06.8 014.2 -13.7 5.96E-05 001.1 135.1 -81.3 0.101781 0.035175 0.031078 hargrave 2022-01-02 13:35:14 
TT 600 010.2 -04.9 011.4 -12.2 5.80E-05 002.5 132.7 -78.3 0.245623 0.007007 0.051080 hargrave 2022-02-07 19:36:33 
TT 610 009.8 -03.6 010.9 -11.0 5.57E-05 001.6 135.8 -77.1 0.152372 0.027969 0.042342 hargrave 2022-02-08 16:54:42 
TT 620 007.6 -03.8 008.7 -11.4 5.34E-05 001.5 128.8 -75.6 0.125793 0.054814 0.039368 hargrave 2022-02-09 14:49:59 
TT 630 009.2 -05.3 010.5 -12.7 5.15E-05 001.7 128.1 -77.8 0.145501 0.023472 0.033444 hargrave 2022-02-10 14:22:40 
TT 640 007.3 -04.1 008.4 -11.8 5.16E-05 001.3 127.0 -75.6 0.099305 0.046131 0.036389 hargrave 2022-02-11 09:44:51 
TT 650 006.2 -04.4 007.4 -12.2 5.11E-05 000.9 123.7 -74.9 0.072276 0.037060 0.030724 hargrave 2022-02-12 14:25:24 
TT 655 006.8 -04.1 007.9 -11.8 5.26E-05 001.5 125.9 -75.2 0.128819 0.030386 0.035926 hargrave 2022-02-13 18:06:56 
TT 660 007.2 -05.2 008.5 -12.9 4.99E-05 001.5 123.2 -76.2 0.127800 0.025179 0.033090 hargrave 2022-02-14 16:19:42 
TT 664 007.3 -05.2 008.5 -12.9 4.80E-05 001.0 123.4 -76.2 0.071093 0.038352 0.030903 hargrave 2022-02-15 13:47:02 
TT 667 007.2 -06.6 008.6 -14.3 4.66E-05 001.6 118.0 -76.9 0.127253 0.027260 0.029156 hargrave 2022-02-16 10:10:51 
TT 670 005.4 -06.5 006.8 -14.4 4.64E-05 002.5 115.0 -75.3 0.194553 0.057896 0.025917 hargrave 2022-02-17 09:46:05 
TT 673 008.1 -04.7 009.3 -12.3 4.46E-05 001.6 127.1 -76.6 0.120914 0.024979 0.030718 hargrave 2022-02-17 19:33:06 
TT 675 006.4 -03.8 007.5 -11.6 3.85E-05 001.2 125.7 -74.7 0.069576 0.035136 0.032202 hargrave 2022-02-19 18:32:00 
TT 677 009.6 -08.6 011.4 -15.9 3.47E-05 002.3 115.2 -79.9 0.133411 0.039094 0.021391 hargrave 2022-02-21 10:48:36 
TT 679 010.3 -04.0 011.5 -11.2 3.19E-05 002.0 136.5 -77.7 0.075562 0.019455 0.588771 hargrave 2022-02-21 19:10:19 
TT 683 011.6 -07.6 013.3 -14.6 2.10E-05 002.0 126.5 -81.1 0.074353 0.008495 0.005557 hargrave 2022-02-22 19:53:33 
TT 685 000.8 -02.0 001.6 -10.6 9.27E-06 001.0 120.2 -69.1 0.013562 0.010396 0.002862 hargrave 2022-02-23 19:13:57 
TT 688 027.6 003.5 027.4 -01.1 5.91E-06 003.1 208.6 -71.3 0.030438 0.005695 0.008360 hargrave 2022-02-24 19:29:37 
