HF7- 6 mag compass orientation (IGRF corrected)
    9.6 331.8  84.0 232.0  11.0   1.0
NRM    013.8 -14.2 016.6 -20.8 8.11E-05 001.8 076.3 -42.1 0.223144 0.082731 0.117894 hargrave 2021-12-24 14:17:32 
TT 150 013.0 -17.6 016.4 -24.3 4.03E-05 057.8 071.8 -41.0 1.022076 3.091418 2.828445 hargrave 2021-12-25 15:16:56 
TT 150 015.4 -16.8 018.7 -23.1 8.00E-05 000.7 072.5 -43.4 0.094282 0.055779 0.029044 hargrave 2021-12-25 16:17:27 
TT 300 013.5 -19.0 017.2 -25.6 7.91E-05 003.8 069.9 -41.3 0.497728 0.100063 0.162309 hargrave 2021-12-27 14:40:36 
TT 400 012.8 -22.2 017.1 -28.9 7.64E-05 001.6 065.9 -40.1 0.072436 0.136477 0.151266 hargrave 2021-12-28 14:45:27 
TT 450 013.3 -21.8 017.5 -28.4 7.50E-05 002.6 066.3 -40.6 0.298853 0.039976 0.153242 hargrave 2021-12-29 14:18:19 
TT 500 012.5 -23.1 016.8 -29.7 7.20E-05 001.8 064.9 -39.6 0.075361 0.154038 0.149941 hargrave 2021-12-30 15:16:35 
TT 550 012.6 -22.3 016.9 -29.0 6.97E-05 001.5 065.8 -39.9 0.041028 0.116886 0.135529 hargrave 2021-12-31 15:08:44 
TT 565 011.4 -19.6 015.1 -26.5 6.69E-05 001.8 069.5 -39.2 0.169310 0.042276 0.126592 hargrave 2022-01-01 11:05:37 
TT 580 012.2 -19.3 015.8 -26.1 6.41E-05 002.3 069.8 -40.0 0.230895 0.039492 0.121192 hargrave 2022-01-02 13:45:06 
TT 600 011.5 -16.5 014.6 -23.4 6.30E-05 003.8 073.5 -39.7 0.404109 0.090371 0.106166 hargrave 2022-02-07 19:46:21 
TT 610 011.3 -20.4 015.1 -27.3 5.92E-05 003.3 068.6 -39.0 0.264400 0.184905 0.117193 hargrave 2022-02-08 17:04:35 
TT 620 012.6 -23.1 017.0 -29.8 5.91E-05 005.0 064.8 -39.7 0.414049 0.288627 0.120887 hargrave 2022-02-09 14:59:54 
TT 630 011.6 -19.1 015.2 -25.9 5.69E-05 002.4 070.2 -39.5 0.156772 0.154291 0.111855 hargrave 2022-02-10 14:32:34 
TT 640 012.1 -18.7 015.6 -25.5 5.64E-05 002.5 070.6 -40.0 0.220704 0.055692 0.092763 hargrave 2022-02-11 09:54:47 
TT 650 012.1 -22.5 016.4 -29.2 5.57E-05 001.6 065.7 -39.4 0.055200 0.086529 0.114336 hargrave 2022-02-12 14:35:17 
TT 655 010.1 -20.9 013.9 -28.0 5.69E-05 001.8 068.1 -37.8 0.058021 0.143362 0.116996 hargrave 2022-02-13 18:17:42 
TT 660 008.5 -22.4 012.5 -29.7 5.39E-05 001.7 066.6 -36.1 0.115963 0.038430 0.114797 hargrave 2022-02-14 16:29:40 
TT 664 005.5 -19.1 008.9 -26.9 5.33E-05 002.1 071.0 -33.8 0.152922 0.058615 0.119031 hargrave 2022-02-15 13:56:56 
TT 667 006.2 -19.8 009.6 -27.5 5.18E-05 002.6 070.1 -34.3 0.210962 0.047401 0.107667 hargrave 2022-02-16 10:20:49 
TT 670 005.6 -25.2 010.0 -32.9 5.13E-05 004.9 063.7 -33.0 0.344076 0.256411 0.105469 hargrave 2022-02-17 09:56:53 
TT 673 003.7 -24.5 007.8 -32.5 4.63E-05 003.4 064.9 -31.4 0.218636 0.143472 0.099368 hargrave 2022-02-17 19:43:48 
TT 675 002.8 -27.2 007.4 -35.3 3.59E-05 004.0 061.9 -30.2 0.222843 0.093446 0.076853 hargrave 2022-02-19 18:42:41 
TT 677 004.6 -27.6 009.3 -35.4 2.79E-05 003.5 061.2 -31.7 0.121787 0.113746 0.058710 hargrave 2022-02-21 10:59:17 
TT 679 359.0 -24.5 002.8 -33.1 2.23E-05 003.1 065.5 -27.2 0.078659 0.084679 0.055389 hargrave 2022-02-21 19:19:27 
TT 683 356.0 -16.8 358.5 -25.8 8.53E-06 003.4 074.2 -24.9 0.047141 0.017158 0.011504 hargrave 2022-02-22 20:02:40 
TT 685 329.0 -28.1 330.0 -39.0 6.92E-06 006.0 061.8 -00.4 0.063286 0.032715 0.020412 hargrave 2022-02-23 19:23:02 
TT 688 339.5 -26.8 341.8 -37.2 2.62E-06 001.7 063.8 -09.6 0.006614 0.005122 0.004075 hargrave 2022-02-24 19:40:20 
