HF7- 2 mag compass orientation (IGRF corrected)
   9.15 305.8  35.0 232.0  11.0   1.0
NRM    018.9 014.6 017.0 008.5 9.99E-05 004.7 162.7 -18.9 0.201543 0.777727 0.170404 hargrave 2021-12-24 14:10:22 
TT 150 020.6 011.9 019.2 006.0 9.94E-05 003.1 164.0 -21.9 0.125404 0.503047 0.178376 hargrave 2021-12-25 15:10:00 
TT 300 019.3 009.0 018.4 003.0 9.54E-05 002.5 162.1 -24.5 0.064113 0.397896 0.158085 hargrave 2021-12-27 14:33:29 
TT 400 016.6 007.1 016.0 000.6 9.20E-05 001.2 158.7 -25.9 0.073963 0.141767 0.128761 hargrave 2021-12-28 14:38:29 
TT 450 016.1 006.8 015.5 000.2 8.97E-05 002.6 158.1 -26.1 0.083227 0.376535 0.152679 hargrave 2021-12-29 14:09:56 
TT 500 015.8 006.4 015.3 -00.2 8.76E-05 001.9 157.7 -26.4 0.037398 0.254391 0.139569 hargrave 2021-12-30 15:08:12 
TT 550 014.3 005.4 014.0 -01.4 8.28E-05 006.4 155.8 -27.0 0.343261 0.858034 0.133147 hargrave 2021-12-31 15:00:21 
TT 565 014.3 005.2 014.0 -01.5 8.24E-05 002.0 155.8 -27.2 0.057200 0.248110 0.123510 hargrave 2022-01-01 10:57:13 
TT 580 014.9 005.8 014.6 -00.9 8.06E-05 001.2 156.6 -26.8 0.034143 0.108046 0.124229 hargrave 2022-01-02 13:36:43 
TT 600 013.6 005.9 013.2 -01.0 7.79E-05 004.4 155.2 -26.4 0.135345 0.563350 0.165176 hargrave 2022-02-07 19:38:03 
TT 610 013.8 005.7 013.5 -01.1 7.48E-05 005.2 155.4 -26.6 0.208329 0.633694 0.150789 hargrave 2022-02-08 16:56:12 
TT 620 011.0 005.7 010.7 -01.5 7.16E-05 004.5 152.4 -25.9 0.207496 0.511601 0.138012 hargrave 2022-02-09 14:51:30 
TT 630 015.2 005.5 014.8 -01.1 6.95E-05 001.5 156.8 -27.1 0.123497 0.074968 0.127362 hargrave 2022-02-10 14:24:10 
TT 640 012.2 005.0 012.0 -02.1 6.85E-05 003.8 153.4 -26.9 0.120959 0.428157 0.119584 hargrave 2022-02-11 09:46:21 
TT 650 018.4 006.3 017.9 000.2 6.79E-05 001.6 160.5 -27.0 0.079116 0.125164 0.129517 hargrave 2022-02-12 14:26:55 
TT 655 013.5 004.9 013.3 -02.0 6.65E-05 003.6 154.8 -27.3 0.099221 0.386683 0.128964 hargrave 2022-02-13 18:08:28 
TT 660 013.6 004.7 013.4 -02.1 6.36E-05 003.7 154.9 -27.5 0.104289 0.374038 0.127143 hargrave 2022-02-14 16:21:14 
TT 664 010.6 004.6 010.5 -02.7 6.04E-05 001.8 151.6 -26.9 0.048599 0.150906 0.114695 hargrave 2022-02-15 13:48:32 
TT 667 013.1 005.1 012.8 -01.8 5.34E-05 005.8 154.4 -27.0 0.169049 0.505719 0.115355 hargrave 2022-02-16 10:12:22 
TT 670 009.6 004.6 009.5 -02.9 5.36E-05 001.5 150.5 -26.6 0.058377 0.077257 0.101804 hargrave 2022-02-17 09:47:36 
TT 673 013.6 003.7 013.6 -03.2 5.34E-05 001.5 154.6 -28.5 0.062912 0.067030 0.105446 hargrave 2022-02-17 19:34:36 
TT 675 010.4 004.5 010.3 -02.8 4.70E-05 001.7 151.4 -26.9 0.045351 0.106577 0.090732 hargrave 2022-02-19 18:33:29 
TT 677 013.2 002.2 013.4 -04.7 3.82E-05 002.6 153.7 -29.8 0.036601 0.153371 0.079772 hargrave 2022-02-21 10:50:06 
TT 679 010.6 001.4 010.9 -05.8 3.38E-05 001.9 150.6 -29.9 0.031447 0.087685 0.067125 hargrave 2022-02-21 19:11:49 
TT 683 012.6 000.4 013.0 -06.5 2.01E-05 001.8 152.5 -31.4 0.039174 0.034181 0.049187 hargrave 2022-02-22 19:55:03 
TT 685 023.5 000.9 023.8 -04.4 1.32E-05 001.3 165.2 -33.2 0.022709 0.024325 0.016529 hargrave 2022-02-23 19:15:26 
TT 688 011.7 010.6 010.7 003.4 4.89E-06 002.7 154.5 -21.3 0.009788 0.018680 0.011550 hargrave 2022-02-24 19:31:07 
