HF7- 9 mag compass orientation (IGRF corrected)
   9.62 327.8  86.0 232.0  11.0   1.0
NRM    028.3 -20.3 032.5 -24.4 7.30E-05 001.1 057.9 -57.0 0.097755 0.103239 0.036638 hargrave 2021-12-24 14:22:13 
TT 150 028.4 -24.5 033.5 -28.4 7.32E-05 002.8 051.3 -55.1 0.282686 0.234005 0.040975 hargrave 2021-12-25 15:20:52 
TT 300 024.7 -22.9 029.4 -27.6 7.26E-05 001.2 056.4 -52.8 0.099733 0.109649 0.054292 hargrave 2021-12-27 14:44:36 
TT 400 023.5 -25.3 028.7 -30.1 7.00E-05 002.0 053.7 -50.8 0.212095 0.113500 0.058624 hargrave 2021-12-28 14:49:23 
TT 450 022.7 -23.5 027.5 -28.5 6.74E-05 003.0 056.7 -50.9 0.270666 0.226665 0.044564 hargrave 2021-12-29 14:23:08 
TT 500 021.8 -22.2 026.3 -27.3 6.66E-05 001.8 059.2 -50.7 0.169400 0.119802 0.040291 hargrave 2021-12-30 15:21:24 
TT 550 021.1 -21.3 025.4 -26.6 6.29E-05 001.4 060.9 -50.4 0.126268 0.099029 0.040306 hargrave 2021-12-31 15:13:34 
TT 565 020.6 -17.5 024.1 -23.0 6.19E-05 001.2 066.8 -51.1 0.061254 0.106356 0.070759 hargrave 2022-01-01 11:10:26 
TT 580 021.2 -21.6 025.6 -26.9 5.89E-05 001.1 060.3 -50.4 0.091810 0.062494 0.053460 hargrave 2022-01-02 13:49:53 
TT 600 018.7 -19.3 022.5 -25.0 5.70E-05 001.6 065.0 -48.9 0.075088 0.122559 0.084838 hargrave 2022-02-07 19:51:09 
TT 610 016.6 -17.7 020.1 -23.8 5.41E-05 001.0 068.0 -47.4 0.049456 0.074270 0.056469 hargrave 2022-02-08 17:09:24 
TT 620 016.8 -19.1 020.5 -25.2 5.29E-05 002.6 065.9 -47.2 0.218127 0.086102 0.060496 hargrave 2022-02-09 15:04:43 
TT 630 016.6 -18.3 020.2 -24.4 5.17E-05 002.1 067.2 -47.3 0.170908 0.078868 0.054637 hargrave 2022-02-10 14:37:23 
TT 640 012.5 -17.1 015.7 -23.9 5.09E-05 002.7 070.1 -43.7 0.229942 0.077471 0.057551 hargrave 2022-02-11 09:59:37 
TT 650 013.3 -19.0 016.9 -25.6 4.89E-05 002.5 067.3 -44.1 0.196985 0.078229 0.057036 hargrave 2022-02-12 14:40:05 
TT 655 011.3 -21.2 015.2 -28.1 4.99E-05 003.2 065.0 -41.7 0.223918 0.166453 0.061432 hargrave 2022-02-13 18:22:33 
TT 660 011.4 -21.4 015.4 -28.2 4.94E-05 001.2 064.7 -41.8 0.061691 0.088832 0.057391 hargrave 2022-02-14 16:34:31 
TT 664 011.5 -23.2 015.9 -30.0 4.79E-05 001.4 062.3 -41.4 0.092587 0.070495 0.056910 hargrave 2022-02-15 14:01:47 
TT 667 011.9 -21.6 016.0 -28.3 4.62E-05 003.1 064.3 -42.2 0.232985 0.095654 0.051884 hargrave 2022-02-16 10:25:40 
TT 670 010.9 -27.4 016.1 -34.2 4.27E-05 004.2 057.3 -39.6 0.225837 0.221327 0.069966 hargrave 2022-02-17 10:01:43 
TT 673 014.7 -25.3 019.6 -31.6 3.73E-05 001.2 058.4 -43.5 0.062998 0.054978 0.042256 hargrave 2022-02-17 19:48:41 
TT 675 009.5 -26.7 014.4 -33.8 1.96E-05 001.4 058.7 -38.6 0.047217 0.019544 0.026004 hargrave 2022-02-19 18:47:32 
TT 677 004.2 -23.6 008.2 -31.5 1.05E-05 007.7 063.9 -34.8 0.124562 0.068320 0.011810 hargrave 2022-02-21 11:04:05 
TT 679 358.6 -25.0 002.5 -33.7 7.41E-06 001.7 063.4 -29.5 0.018867 0.013715 0.008720 hargrave 2022-02-21 19:25:06 
TT 683 083.4 -14.4 085.3 -08.5 5.44E-06 002.2 294.1 -62.7 0.021577 0.003870 0.003138 hargrave 2022-02-22 20:07:31 
TT 685 049.8 006.1 048.6 005.6 1.56E-06 002.6 141.5 -77.1 0.002881 0.006166 0.002283 hargrave 2022-02-23 19:27:51 
TT 688 158.6 074.6 191.1 084.3 1.73E-06 003.1 195.2 006.7 0.004484 0.003762 0.008821 hargrave 2022-02-24 19:45:10 
