HF7- 8 mag compass orientation (IGRF corrected)
   9.62 333.8  86.0 232.0  11.0   1.0
NRM    023.8 -15.7 027.1 -20.7 6.64E-05 002.7 070.5 -49.0 0.274233 0.171168 0.036857 hargrave 2021-12-24 14:20:51 
TT 150 023.8 -20.3 028.0 -25.2 6.84E-05 001.7 063.8 -47.8 0.132696 0.144855 0.060626 hargrave 2021-12-25 15:19:31 
TT 300 022.9 -20.7 027.1 -25.7 6.99E-05 002.2 063.6 -46.9 0.238825 0.122919 0.054192 hargrave 2021-12-27 14:43:10 
TT 400 023.4 -23.0 028.1 -27.9 6.97E-05 001.6 060.3 -46.6 0.145430 0.146702 0.045132 hargrave 2021-12-28 14:48:01 
TT 450 022.4 -19.4 026.3 -24.5 6.78E-05 001.2 065.7 -46.8 0.121007 0.078455 0.040002 hargrave 2021-12-29 14:21:29 
TT 500 023.2 -19.9 027.3 -24.8 6.62E-05 004.1 064.7 -47.4 0.432893 0.207986 0.038694 hargrave 2021-12-30 15:19:45 
TT 550 023.6 -21.4 028.0 -26.3 6.47E-05 004.6 062.4 -47.3 0.458264 0.254090 0.036317 hargrave 2021-12-31 15:11:54 
TT 565 022.0 -20.6 026.2 -25.8 6.26E-05 001.9 064.1 -46.1 0.143803 0.148502 0.060793 hargrave 2022-01-01 11:08:46 
TT 580 023.5 -22.6 028.1 -27.5 6.03E-05 004.5 060.7 -46.8 0.392093 0.275962 0.060445 hargrave 2022-01-02 13:48:15 
TT 600 018.1 -18.8 021.8 -24.6 5.76E-05 002.3 067.9 -43.0 0.164114 0.156389 0.063712 hargrave 2022-02-07 19:49:30 
TT 610 014.9 -18.1 018.4 -24.5 5.45E-05 004.3 069.6 -40.2 0.356904 0.204487 0.058517 hargrave 2022-02-08 17:07:44 
TT 620 014.8 -19.8 018.6 -26.2 5.42E-05 001.0 067.4 -39.7 0.072437 0.084225 0.044434 hargrave 2022-02-09 15:03:04 
TT 630 016.7 -21.3 020.8 -27.4 5.33E-05 001.7 065.0 -41.1 0.124218 0.103463 0.049822 hargrave 2022-02-10 14:35:43 
TT 640 014.9 -23.4 019.4 -29.7 5.27E-05 000.8 062.9 -39.0 0.059213 0.046599 0.041529 hargrave 2022-02-11 09:57:58 
TT 650 014.4 -19.8 018.2 -26.3 5.14E-05 001.6 067.5 -39.4 0.117435 0.097620 0.041423 hargrave 2022-02-12 14:38:26 
TT 655 014.0 -23.4 018.5 -29.9 5.11E-05 005.4 063.1 -38.2 0.418319 0.250956 0.049810 hargrave 2022-02-13 18:20:54 
TT 660 014.0 -24.2 018.6 -30.6 5.06E-05 003.9 062.2 -38.0 0.294334 0.189747 0.045316 hargrave 2022-02-14 16:32:51 
TT 664 009.9 -20.7 013.7 -27.8 4.65E-05 005.0 067.4 -35.1 0.362427 0.187101 0.042738 hargrave 2022-02-15 14:00:07 
TT 667 010.4 -28.0 015.6 -34.9 4.48E-05 001.8 058.7 -33.9 0.112673 0.093286 0.039416 hargrave 2022-02-16 10:24:00 
TT 670 192.3 -22.8 189.5 -15.5 4.26E-05 005.0 300.6 033.1 0.306917 0.224392 0.037120 hargrave 2022-02-17 10:00:03 
TT 673 007.2 -24.1 011.5 -31.5 3.65E-05 004.2 064.0 -32.0 0.234043 0.141772 0.029211 hargrave 2022-02-17 19:46:58 
TT 675 011.5 -25.8 016.4 -32.6 2.43E-05 002.1 060.9 -35.4 0.073685 0.062965 0.020612 hargrave 2022-02-19 18:45:52 
TT 677 358.3 -24.4 002.0 -33.1 1.48E-05 006.4 065.0 -23.9 0.149991 0.073589 0.010733 hargrave 2022-02-21 11:02:26 
TT 679 003.3 -10.4 005.2 -18.6 1.60E-05 004.9 080.3 -29.7 0.134552 0.038741 0.011585 hargrave 2022-02-21 19:23:26 
TT 683 019.5 -00.4 020.1 -06.3 4.20E-06 001.2 093.5 -45.6 0.007716 0.004991 0.003321 hargrave 2022-02-22 20:05:51 
TT 685 358.0 -27.1 002.1 -35.7 3.04E-06 004.0 062.2 -23.3 0.019326 0.009674 0.002842 hargrave 2022-02-23 19:26:11 
TT 688 218.1 -16.2 215.4 -13.3 2.30E-06 001.4 309.1 057.6 0.002682 0.004299 0.003608 hargrave 2022-02-24 19:43:31 
