HF7- 10 mag compass orientation (IGRF corrected)
   9.68 326.8  83.0 232.0  11.0   1.0
NRM    044.0 -06.6 045.4 -08.0 6.99E-05 000.9 091.0 -77.3 0.083263 0.065301 0.020961 hargrave 2021-12-24 14:23:41 
TT 150 043.8 -11.3 046.2 -12.7 6.74E-05 001.1 070.3 -76.5 0.096802 0.090564 0.020905 hargrave 2021-12-25 15:22:20 
TT 300 041.5 -14.3 044.5 -16.1 6.38E-05 001.1 062.7 -73.3 0.091622 0.080334 0.024813 hargrave 2021-12-27 14:46:00 
TT 400 040.7 -15.8 043.9 -17.7 6.03E-05 001.4 059.4 -71.9 0.128044 0.076700 0.034547 hargrave 2021-12-28 14:50:48 
TT 450 038.7 -15.8 041.9 -18.0 2.88E-05 069.7 062.2 -70.2 0.487430 0.925790 2.896380 hargrave 2021-12-29 14:25:39 
TT 450 039.3 -15.7 042.6 -17.8 5.80E-05 000.5 061.7 -70.8 0.048662 0.024283 0.012712 hargrave 2021-12-29 17:56:30 
TT 500 039.5 -17.6 043.2 -19.6 5.55E-05 001.1 056.3 -70.1 0.086551 0.070161 0.027054 hargrave 2021-12-30 15:23:06 
TT 550 036.9 -16.4 040.3 -19.0 5.12E-05 002.3 062.4 -68.4 0.169631 0.118012 0.026556 hargrave 2021-12-31 15:15:16 
TT 565 036.8 -19.3 040.8 -21.8 4.94E-05 002.1 055.8 -67.0 0.165535 0.037670 0.063115 hargrave 2022-01-01 11:12:09 
TT 580 037.2 -19.0 041.2 -21.4 4.89E-05 001.7 055.9 -67.5 0.072250 0.119072 0.055922 hargrave 2022-01-02 13:51:36 
TT 600 035.1 -19.3 039.1 -22.1 4.68E-05 001.5 057.7 -65.6 0.095005 0.081671 0.047730 hargrave 2022-02-07 19:52:51 
TT 610 033.8 -15.0 037.0 -18.2 4.39E-05 001.5 068.5 -66.1 0.091792 0.061160 0.040412 hargrave 2022-02-08 17:11:07 
TT 620 034.3 -16.9 037.8 -19.9 4.34E-05 001.1 063.8 -65.9 0.070006 0.036325 0.048773 hargrave 2022-02-09 15:06:26 
TT 630 032.5 -18.5 036.3 -21.8 4.28E-05 001.1 061.8 -63.7 0.069743 0.039220 0.048050 hargrave 2022-02-10 14:39:06 
TT 640 030.9 -16.0 034.3 -19.7 4.09E-05 002.3 068.1 -63.1 0.154576 0.056839 0.040769 hargrave 2022-02-11 10:01:20 
TT 650 032.0 -18.3 035.8 -21.8 1.97E-05 035.9 062.5 -63.3 0.437276 0.838213 1.879313 hargrave 2022-02-12 14:41:48 
TT 650 032.3 -20.3 036.6 -23.7 3.94E-05 000.7 058.2 -62.8 0.050852 0.016864 0.012184 hargrave 2022-02-12 17:31:23 
TT 655 030.0 -20.8 034.3 -24.5 3.72E-05 001.5 059.3 -60.6 0.085986 0.049610 0.037293 hargrave 2022-02-13 18:24:16 
TT 660 029.0 -20.1 033.1 -24.1 1.79E-05 017.3 061.3 -60.0 0.459990 0.838098 1.652728 hargrave 2022-02-14 16:36:14 
TT 660 030.6 -24.2 035.7 -27.8 3.57E-05 000.8 052.6 -59.6 0.052363 0.015251 0.012850 hargrave 2022-02-14 17:34:07 
TT 664 026.3 -19.7 030.4 -24.2 3.17E-05 001.6 063.7 -57.8 0.083326 0.031891 0.039127 hargrave 2022-02-15 14:03:30 
TT 667 027.0 -18.8 030.9 -23.1 2.71E-05 001.8 065.0 -58.7 0.077550 0.026572 0.037947 hargrave 2022-02-16 10:27:22 
TT 670 029.4 -23.2 034.3 -27.0 2.44E-05 002.2 055.3 -59.1 0.065691 0.071008 0.035459 hargrave 2022-02-17 10:03:26 
TT 673 027.3 -20.6 031.6 -24.8 1.91E-05 001.6 061.5 -58.4 0.039821 0.031740 0.033159 hargrave 2022-02-17 19:50:24 
TT 675 031.6 -28.5 037.7 -31.8 9.48E-06 001.5 044.8 -57.9 0.013385 0.018498 0.023174 hargrave 2022-02-19 18:49:15 
TT 677 024.9 -11.5 027.4 -16.3 6.10E-06 002.1 079.4 -58.2 0.021333 0.007829 0.003097 hargrave 2022-02-21 11:05:48 
TT 679 043.3 -17.3 046.9 -18.6 6.70E-06 001.6 050.6 -73.3 0.015463 0.010881 0.004425 hargrave 2022-02-21 19:26:49 
TT 683 038.6 -00.2 038.9 -02.7 2.23E-06 003.0 109.9 -70.6 0.010210 0.003318 0.006295 hargrave 2022-02-22 20:09:14 
TT 685 340.5 072.4 333.7 061.8 1.54E-06 002.4 162.9 002.6 0.004271 0.005853 0.002549 hargrave 2022-02-23 19:29:33 
TT 688 115.9 003.1 115.2 012.9 2.13E-06 001.9 262.3 -30.2 0.005613 0.008455 0.001740 hargrave 2022-02-24 19:46:53 
