HFC- 13 mag compass orientation (IGRF corrected)
  114.3 327.8  37.0 207.0   8.0   1.0
NRM    076.5 006.2 075.6 012.3 7.71E-05 006.0 201.3 -28.7 0.287010 0.754936 0.091268 hargrave 2022-02-07 15:25:22 
TT 150 072.1 005.9 071.3 011.5 7.57E-05 001.2 196.5 -29.9 0.065509 0.118374 0.103276 hargrave 2022-02-08 12:29:15 
TT 300 072.3 005.7 071.4 011.4 7.15E-05 000.7 196.7 -30.0 0.050055 0.055768 0.085088 hargrave 2022-02-09 10:00:49 
TT 400 072.8 006.3 071.9 012.0 6.68E-05 003.0 197.2 -29.3 0.110808 0.320214 0.104740 hargrave 2022-02-10 10:18:03 
TT 450 075.6 008.5 074.5 014.4 6.29E-05 000.6 199.8 -26.7 0.073349 0.083708 0.032090 hargrave 2022-02-10 17:41:20 
TT 500 076.9 007.3 076.0 013.3 5.99E-05 007.4 201.5 -27.6 0.313055 0.706675 0.102941 hargrave 2022-02-11 19:47:42 
TT 550 079.1 007.2 078.2 013.5 5.71E-05 002.3 203.9 -27.1 0.091393 0.204943 0.081715 hargrave 2022-02-13 11:48:41 
TT 565 076.2 007.6 075.2 013.6 5.58E-05 005.6 200.6 -27.4 0.203078 0.506228 0.091921 hargrave 2022-02-14 12:12:50 
TT 580 077.4 008.0 076.4 014.1 5.42E-05 001.0 201.9 -26.8 0.051463 0.034373 0.092855 hargrave 2022-02-15 10:10:46 
TT 600 070.1 009.7 068.8 015.1 5.16E-05 001.2 193.6 -26.4 0.058529 0.070629 0.077627 hargrave 2022-02-15 18:14:45 
TT 610 074.1 009.0 072.9 014.8 4.99E-05 001.9 198.0 -26.5 0.081961 0.125919 0.075973 hargrave 2022-02-16 15:29:38 
TT 620 068.8 009.7 067.4 015.0 4.88E-05 001.8 192.1 -26.6 0.070587 0.103816 0.094942 hargrave 2022-02-17 14:30:15 
TT 630 070.4 008.6 069.2 014.0 4.86E-05 001.2 194.1 -27.5 0.058132 0.070506 0.070297 hargrave 2022-02-18 11:48:41 
TT 640 070.1 007.8 069.0 013.2 4.57E-05 002.0 193.9 -28.3 0.084756 0.128679 0.062100 hargrave 2022-02-20 15:43:16 
TT 650 069.8 009.3 068.5 014.6 4.27E-05 002.5 193.3 -26.9 0.058547 0.173552 0.064208 hargrave 2022-02-21 15:16:22 
TT 655 072.7 006.8 071.7 012.5 4.11E-05 001.7 196.9 -28.9 0.034313 0.102510 0.068296 hargrave 2022-02-22 14:02:30 
TT 660 073.8 003.7 073.2 009.5 4.05E-05 002.1 198.9 -31.7 0.057434 0.130516 0.057754 hargrave 2022-02-23 12:48:49 
TT 664 071.8 005.7 071.0 011.3 3.62E-05 002.3 196.2 -30.1 0.036999 0.140846 0.040045 hargrave 2022-02-24 12:34:31 
TT 667 075.4 001.6 074.9 007.5 3.19E-05 001.4 201.2 -33.5 0.027433 0.069697 0.034736 hargrave 2022-02-25 12:08:02 
TT 670 069.8 000.2 069.5 005.6 2.29E-05 004.0 194.9 -35.9 0.062589 0.144966 0.025985 hargrave 2022-02-26 17:19:44 
TT 673 077.4 -02.0 077.3 004.1 1.77E-05 002.2 204.6 -36.5 0.044973 0.051575 0.019629 hargrave 2022-02-27 16:55:12 
TT 675 061.7 002.1 061.2 006.6 1.15E-05 005.4 184.7 -34.8 0.032129 0.103180 0.017346 hargrave 2022-02-28 15:15:25 
TT 677 062.1 -13.2 063.3 -08.6 6.94E-06 002.1 186.5 -50.1 0.016012 0.018177 0.010701 hargrave 2022-03-01 12:38:27 
TT 679 070.2 005.4 069.4 010.8 5.27E-06 002.2 194.4 -30.7 0.011349 0.017710 0.009392 hargrave 2022-03-02 09:55:40 
TT 681 086.7 -18.0 087.7 -11.0 1.52E-06 037.7 223.8 -48.4 0.023741 0.081692 0.081380 hargrave 2022-03-02 15:58:12 
TT 681 051.2 -35.5 056.0 -31.9 1.94E-06 000.6 162.6 -71.9 0.001373 0.001172 0.000623 hargrave 2022-03-02 16:55:11 
TT 683 068.3 010.1 067.0 015.3 3.26E-06 002.4 191.6 -26.3 0.005986 0.011813 0.006534 hargrave 2022-03-03 17:05:32 
TT 685 107.1 -11.3 107.3 -03.5 1.41E-06 002.0 242.2 -32.8 0.003182 0.004733 0.000775 hargrave 2022-03-04 14:51:55 
TT 689 136.5 -83.2 126.0 -75.4 8.20E-07 003.4 348.7 -53.8 0.004802 0.002079 0.002003 hargrave 2022-03-06 17:02:26 
