HFC- 7 sun compass orientation
  101.5 320.3  25.0 207.0   8.0   1.0
NRM    102.5 021.1 101.5 028.9 8.33E-05 002.3 227.7 004.9 0.231954 0.218055 0.123359 hargrave 2022-02-07 15:16:17 
TT 150 103.3 020.5 102.4 028.2 8.01E-05 005.6 228.6 004.5 0.560617 0.527213 0.134796 hargrave 2022-02-08 12:19:21 
TT 300 112.1 018.9 111.8 026.9 7.50E-05 001.2 237.0 006.0 0.106958 0.094185 0.090579 hargrave 2022-02-09 09:50:52 
TT 400 108.6 022.7 108.0 030.6 6.96E-05 003.5 232.5 008.3 0.301774 0.282434 0.096846 hargrave 2022-02-10 10:08:05 
TT 450 116.5 021.4 116.5 029.4 6.74E-05 000.7 239.9 009.9 0.041869 0.063771 0.050559 hargrave 2022-02-10 17:31:23 
TT 500 120.5 021.3 120.8 029.3 6.42E-05 001.9 243.4 011.3 0.179189 0.104045 0.065617 hargrave 2022-02-11 19:37:46 
TT 550 117.6 024.1 117.6 032.1 6.15E-05 001.1 239.7 012.8 0.086275 0.050659 0.058156 hargrave 2022-02-13 11:38:43 
TT 565 121.3 024.5 121.6 032.5 5.88E-05 003.7 242.7 014.5 0.329876 0.173305 0.063528 hargrave 2022-02-14 12:02:50 
TT 580 120.4 025.8 120.7 033.8 5.73E-05 003.1 241.4 015.4 0.271773 0.152274 0.049236 hargrave 2022-02-15 10:00:49 
TT 600 119.9 024.7 120.1 032.7 5.59E-05 001.6 241.4 014.2 0.111595 0.097375 0.064667 hargrave 2022-02-15 18:04:47 
TT 610 116.8 028.7 116.8 036.7 5.48E-05 000.9 237.1 016.7 0.043862 0.036969 0.066975 hargrave 2022-02-16 15:19:42 
TT 620 116.7 029.5 116.7 037.5 5.31E-05 000.9 236.7 017.4 0.039048 0.042964 0.064759 hargrave 2022-02-17 14:20:21 
TT 630 123.1 027.7 123.6 035.7 4.93E-05 000.9 242.8 018.1 0.047375 0.050891 0.054265 hargrave 2022-02-18 11:38:43 
TT 640 125.2 032.4 126.1 040.3 4.82E-05 001.0 242.4 023.1 0.060250 0.052786 0.053312 hargrave 2022-02-20 15:33:18 
TT 650 124.6 032.3 125.4 040.2 4.88E-05 001.6 242.0 022.8 0.109545 0.067891 0.052370 hargrave 2022-02-21 15:06:23 
TT 655 128.0 034.7 129.3 042.5 4.57E-05 001.2 243.6 026.2 0.063102 0.060063 0.052696 hargrave 2022-02-22 13:52:35 
TT 660 127.3 031.7 128.4 039.6 4.14E-05 001.1 244.5 023.3 0.061500 0.029102 0.047542 hargrave 2022-02-23 12:38:54 
TT 664 124.7 033.3 125.6 041.2 3.86E-05 002.9 241.6 023.7 0.154147 0.106632 0.049171 hargrave 2022-02-24 12:24:34 
TT 667 121.0 034.9 121.5 042.9 3.53E-05 003.7 237.8 023.8 0.184161 0.134927 0.043664 hargrave 2022-02-25 11:58:10 
TT 670 110.0 038.6 109.1 046.5 3.79E-05 001.2 227.4 023.5 0.060215 0.038835 0.048972 hargrave 2022-02-26 17:09:48 
TT 673 119.0 032.9 119.2 040.9 3.25E-05 002.6 237.1 021.3 0.137933 0.055978 0.032743 hargrave 2022-02-27 16:45:14 
TT 675 116.4 028.2 116.3 036.2 2.46E-05 007.0 237.0 016.1 0.243206 0.177281 0.035873 hargrave 2022-02-28 15:05:29 
TT 677 106.0 019.6 105.3 027.5 2.34E-05 006.3 231.3 004.6 0.193908 0.171290 0.037106 hargrave 2022-03-01 12:28:30 
TT 679 115.1 024.1 115.0 032.1 1.48E-05 004.1 237.6 011.9 0.087241 0.060519 0.023274 hargrave 2022-03-02 09:47:17 
TT 681 127.0 013.8 127.5 021.7 1.44E-05 001.7 252.2 007.0 0.032910 0.032607 0.018172 hargrave 2022-03-02 15:49:49 
TT 683 098.0 012.8 097.2 020.3 6.79E-06 003.6 226.3 -04.4 0.027781 0.032693 0.016248 hargrave 2022-03-03 16:55:34 
TT 685 125.7 000.3 125.8 008.2 6.89E-06 004.2 256.6 -05.8 0.046325 0.023397 0.012405 hargrave 2022-03-04 14:41:57 
TT 689 012.0 -62.4 027.6 -63.4 1.22E-06 002.2 081.1 -73.1 0.001356 0.004825 0.006076 hargrave 2022-03-06 16:52:30 
