HFC- 9 sun compass orientation
 112.16 302.0  46.0 207.0   8.0   1.0
NRM    142.3 059.6 150.0 066.6 1.58E-05 001.9 223.6 046.5 0.048924 0.023429 0.023803 hargrave 2022-02-07 15:19:02 
TT 150 108.4 028.7 107.6 036.6 8.40E-06 006.9 240.2 010.7 0.083566 0.050365 0.035830 hargrave 2022-02-08 12:22:30 
TT 300 093.0 011.0 092.1 018.3 6.69E-06 002.6 241.4 -12.1 0.025188 0.027480 0.009335 hargrave 2022-02-09 09:54:02 
TT 400 085.7 008.3 084.9 015.1 5.65E-06 003.0 237.4 -18.7 0.026926 0.023547 0.012962 hargrave 2022-02-10 10:11:16 
TT 450 095.2 008.5 094.5 015.9 5.63E-06 003.9 244.7 -12.6 0.037177 0.035622 0.004947 hargrave 2022-02-10 17:34:33 
TT 500 097.6 011.1 096.9 018.6 4.40E-06 003.7 244.8 -09.1 0.026177 0.024539 0.009570 hargrave 2022-02-11 19:40:56 
TT 550 097.4 009.0 096.8 016.5 4.18E-06 007.3 246.1 -10.8 0.047284 0.025344 0.007839 hargrave 2022-02-13 11:41:54 
TT 565 099.4 012.8 098.7 020.4 3.42E-06 001.4 245.0 -06.6 0.007246 0.006646 0.005329 hargrave 2022-02-14 12:06:02 
TT 580 104.4 011.5 103.9 019.3 4.48E-06 003.1 249.5 -04.3 0.021225 0.008255 0.010600 hargrave 2022-02-15 10:04:00 
TT 600 097.9 022.0 096.6 029.5 3.14E-06 001.8 237.8 -00.7 0.006566 0.008963 0.005480 hargrave 2022-02-15 18:07:58 
TT 610 098.3 016.3 097.4 023.9 3.08E-06 003.7 241.9 -04.7 0.017973 0.007610 0.007916 hargrave 2022-02-16 15:22:51 
TT 620 089.6 017.9 088.1 025.0 2.66E-06 002.5 234.4 -08.8 0.012391 0.004419 0.003673 hargrave 2022-02-17 14:23:31 
TT 630 075.4 031.8 071.6 037.6 2.55E-06 003.8 215.9 -04.5 0.012738 0.012155 0.003851 hargrave 2022-02-18 11:41:54 
TT 640 057.3 044.0 049.9 047.6 2.12E-06 004.9 197.9 000.8 0.006296 0.016806 0.004442 hargrave 2022-02-20 15:36:29 
TT 650 072.8 029.8 069.2 035.4 2.13E-06 003.0 214.9 -07.3 0.008868 0.007443 0.003468 hargrave 2022-02-21 15:09:35 
TT 655 052.4 040.5 045.7 043.5 1.92E-06 002.7 195.4 -03.5 0.003777 0.007060 0.005508 hargrave 2022-02-22 13:55:46 
TT 660 084.8 012.9 083.5 019.6 1.52E-06 009.0 233.7 -15.6 0.017387 0.016614 0.004892 hargrave 2022-02-23 12:42:04 
TT 664 048.0 040.3 041.3 042.7 1.85E-06 001.9 192.2 -04.5 0.004359 0.004341 0.004218 hargrave 2022-02-24 12:27:45 
TT 667 074.9 029.7 071.3 035.5 2.20E-06 001.9 216.5 -06.5 0.004859 0.005542 0.004010 hargrave 2022-02-25 12:01:19 
TT 670 072.7 032.0 068.6 037.6 1.83E-06 002.0 213.7 -05.4 0.003896 0.004247 0.004308 hargrave 2022-02-26 17:12:59 
TT 673 063.2 034.3 058.2 038.8 2.11E-06 008.9 205.5 -06.7 0.013626 0.030202 0.004140 hargrave 2022-02-27 16:48:24 
TT 675 052.5 037.4 046.6 040.5 1.86E-06 006.3 196.3 -06.5 0.007293 0.019542 0.003705 hargrave 2022-02-28 15:08:39 
TT 677 047.3 027.1 043.2 029.6 2.03E-06 006.5 194.3 -17.5 0.008041 0.021533 0.005513 hargrave 2022-03-01 12:31:41 
TT 679 108.4 -24.6 108.8 -16.7 1.24E-06 011.2 279.7 -26.3 0.025612 0.005221 0.005593 hargrave 2022-03-02 09:49:56 
TT 679 108.0 -21.9 108.4 -14.0 1.29E-06 001.9 277.1 -24.9 0.004279 0.002380 0.001082 hargrave 2022-03-02 10:18:33 
TT 681 113.3 -07.7 113.3 000.3 1.47E-06 027.7 269.5 -11.6 0.073485 0.024883 0.020520 hargrave 2022-03-02 15:52:30 
TT 681 090.5 012.5 089.5 019.6 1.82E-06 001.1 238.5 -12.5 0.001758 0.006341 0.001274 hargrave 2022-03-02 16:49:32 
TT 683 044.9 059.0 031.4 060.6 3.45E-07 020.7 186.8 013.6 0.001541 0.012720 0.002788 hargrave 2022-03-03 16:58:45 
TT 683 052.3 059.1 038.9 061.7 3.40E-07 002.9 190.6 014.5 0.002600 0.001392 0.000486 hargrave 2022-03-03 18:46:34 
TT 685 008.7 -37.3 014.8 -39.4 5.88E-07 005.3 102.8 -71.2 0.001830 0.005020 0.001524 hargrave 2022-03-04 14:45:08 
TT 689 257.5 -67.7 240.8 -73.1 1.11E-06 001.8 017.7 -26.8 0.001509 0.002812 0.001649 hargrave 2022-03-06 16:55:40 
