HFC- 17 mag compass orientation (IGRF corrected)
   88.2 351.8  18.0 207.0   8.0   1.0
NRM    057.1 010.5 055.6 014.4 6.33E-05 003.4 155.6 -05.9 0.091313 0.353283 0.118027 hargrave 2022-02-07 15:32:07 
TT 150 056.7 003.8 056.0 007.7 5.86E-05 001.8 154.3 -12.5 0.053379 0.156312 0.093568 hargrave 2022-02-08 12:37:09 
TT 300 053.7 -00.2 053.5 003.4 5.12E-05 002.9 150.7 -16.0 0.095500 0.229621 0.082096 hargrave 2022-02-09 10:08:39 
TT 400 052.6 -00.6 052.5 002.9 4.50E-05 003.0 149.5 -16.2 0.100066 0.206419 0.063309 hargrave 2022-02-10 10:25:56 
TT 450 044.8 000.7 044.5 003.1 4.21E-05 000.6 141.7 -13.6 0.022665 0.022308 0.034566 hargrave 2022-02-10 17:49:58 
TT 500 043.7 002.3 043.3 004.6 3.90E-05 005.9 141.0 -11.8 0.228539 0.331256 0.056747 hargrave 2022-02-11 19:55:34 
TT 550 039.2 003.6 038.6 005.3 3.46E-05 004.3 136.8 -09.6 0.158605 0.208555 0.043114 hargrave 2022-02-13 11:56:34 
TT 565 036.2 005.4 035.4 006.6 3.40E-05 003.9 134.2 -07.2 0.147247 0.180589 0.039067 hargrave 2022-02-14 12:20:43 
TT 580 028.5 008.0 027.3 008.1 3.32E-05 004.6 127.3 -02.9 0.207741 0.168646 0.035740 hargrave 2022-02-15 10:18:36 
TT 600 026.7 005.7 025.9 005.6 3.05E-05 001.3 125.0 -04.7 0.053382 0.032701 0.049168 hargrave 2022-02-15 18:22:35 
TT 610 033.2 007.0 032.1 007.8 2.93E-05 001.2 131.6 -05.0 0.053279 0.044972 0.028104 hargrave 2022-02-16 15:37:28 
TT 620 032.1 011.9 030.4 012.5 2.69E-05 001.1 131.7 -00.0 0.024574 0.048389 0.031970 hargrave 2022-02-17 14:38:52 
TT 630 030.4 009.4 029.0 009.8 2.42E-05 006.5 129.5 -02.0 0.208982 0.181910 0.032558 hargrave 2022-02-18 11:56:31 
TT 640 027.6 011.7 025.9 011.7 2.36E-05 001.8 127.4 000.9 0.058331 0.052262 0.025460 hargrave 2022-02-20 15:51:07 
TT 650 033.3 012.6 031.4 013.3 2.18E-05 002.7 133.0 000.4 0.076472 0.072213 0.027379 hargrave 2022-02-21 15:24:15 
TT 655 026.7 013.4 024.8 013.3 2.06E-05 004.4 127.0 002.8 0.124082 0.106050 0.023746 hargrave 2022-02-22 14:10:19 
TT 660 034.6 009.7 033.2 010.6 1.78E-05 003.2 133.6 -02.7 0.071149 0.074693 0.024643 hargrave 2022-02-23 12:56:37 
TT 664 032.3 016.0 030.0 016.6 1.64E-05 001.8 132.9 004.0 0.045039 0.035690 0.016806 hargrave 2022-02-24 12:42:22 
TT 667 028.7 014.0 026.7 014.1 1.41E-05 006.6 129.0 002.9 0.128889 0.101436 0.015464 hargrave 2022-02-25 12:15:50 
TT 670 025.0 008.1 023.9 007.8 1.37E-05 004.9 124.0 -01.9 0.089460 0.079803 0.019187 hargrave 2022-02-26 17:27:33 
TT 673 033.6 002.2 033.2 003.1 9.33E-06 009.6 130.9 -09.7 0.114397 0.108802 0.020682 hargrave 2022-02-27 17:03:04 
TT 675 013.3 005.0 012.8 003.1 3.52E-06 007.8 112.0 -01.7 0.040549 0.028009 0.005326 hargrave 2022-02-28 15:23:15 
TT 677 016.2 -81.0 062.3 -79.2 2.51E-06 001.4 030.2 -73.6 0.003441 0.005107 0.001091 hargrave 2022-03-01 12:46:16 
TT 679 346.1 -07.2 347.2 -12.4 2.69E-06 002.0 082.4 -05.1 0.009358 0.008008 0.002389 hargrave 2022-03-02 10:02:19 
TT 681 126.6 015.9 127.1 023.7 2.51E-06 004.9 222.7 002.8 0.016110 0.013209 0.008689 hargrave 2022-03-02 16:04:48 
TT 683 090.5 060.5 082.1 067.4 2.13E-06 006.1 185.8 042.6 0.005701 0.021547 0.004908 hargrave 2022-03-03 17:13:23 
TT 685 226.4 073.2 246.9 069.2 1.67E-06 001.9 246.8 079.5 0.003148 0.005482 0.007847 hargrave 2022-03-04 14:59:48 
TT 689 199.2 013.8 201.2 014.7 1.83E-06 002.2 292.2 021.4 0.005169 0.009216 0.006039 hargrave 2022-03-06 17:10:17 
