HFC- 4 sun compass orientation
  102.5 337.7  77.0 207.0   8.0   1.0
NRM    125.1 -11.8 125.0 -03.9 4.08E-06 051.4 275.6 -34.0 0.036388 0.359765 0.243907 hargrave 2022-02-07 15:10:26 
NRM    123.4 -03.5 123.4 004.4 8.13E-06 000.9 265.4 -34.2 0.012273 0.004783 0.004110 hargrave 2022-02-07 16:14:39 
TT 150 141.1 -46.4 138.2 -39.0 4.36E-06 061.6 315.0 -20.8 0.311945 0.308497 0.165511 hargrave 2022-02-08 12:12:26 
TT 150 129.9 -49.3 128.2 -41.5 8.64E-06 001.2 319.3 -27.8 0.006636 0.024574 0.011444 hargrave 2022-02-08 13:50:54 
TT 300 134.7 -61.9 131.2 -54.2 1.10E-05 005.6 332.1 -22.2 0.088397 0.056679 0.061166 hargrave 2022-02-09 09:43:56 
TT 400 136.8 -63.4 132.6 -55.8 1.12E-05 005.4 333.4 -20.9 0.068512 0.044806 0.071640 hargrave 2022-02-10 10:01:05 
TT 450 146.0 -35.0 143.7 -27.9 1.13E-05 001.1 303.0 -16.9 0.008654 0.026964 0.009863 hargrave 2022-02-10 17:24:27 
TT 500 155.6 -36.6 152.4 -30.2 9.58E-06 007.3 305.6 -09.4 0.086722 0.045787 0.076494 hargrave 2022-02-11 19:30:53 
TT 550 155.7 -39.4 152.2 -33.0 1.06E-05 006.2 308.4 -09.7 0.071288 0.032216 0.087622 hargrave 2022-02-13 11:31:43 
TT 565 169.0 -49.9 162.5 -44.6 5.39E-06 061.0 320.8 -02.8 0.446623 0.362944 0.028986 hargrave 2022-02-14 11:55:52 
TT 565 159.4 -54.7 153.0 -48.4 1.07E-05 001.4 324.1 -09.6 0.009798 0.031985 0.012061 hargrave 2022-02-14 13:05:58 
TT 580 163.9 -46.4 158.6 -40.7 1.01E-05 005.9 316.5 -05.2 0.056480 0.028554 0.086703 hargrave 2022-02-15 09:53:53 
TT 600 189.3 -47.4 181.6 -44.4 1.09E-05 003.9 324.1 010.4 0.022995 0.024418 0.069486 hargrave 2022-02-15 17:57:50 
TT 610 207.9 -49.9 198.5 -49.3 1.16E-05 009.3 334.3 018.1 0.063287 0.159344 0.089417 hargrave 2022-02-16 15:12:45 
TT 610 193.8 -43.3 186.9 -41.0 1.19E-05 001.8 322.4 015.3 0.007844 0.034656 0.022587 hargrave 2022-02-16 17:02:25 
TT 620 210.0 -39.4 203.4 -39.4 1.31E-05 011.9 328.0 026.9 0.095321 0.236780 0.108017 hargrave 2022-02-17 14:12:37 
TT 620 193.9 -30.0 189.6 -27.9 1.34E-05 001.2 310.8 022.7 0.008089 0.032628 0.008384 hargrave 2022-02-17 15:05:29 
TT 630 223.0 -42.9 215.5 -44.6 1.28E-05 010.2 339.4 029.7 0.022068 0.203409 0.107031 hargrave 2022-02-18 11:30:58 
TT 630 207.9 -42.3 200.7 -42.0 1.30E-05 001.3 328.9 023.7 0.009594 0.034641 0.007071 hargrave 2022-02-18 18:10:14 
TT 640 229.0 -38.2 222.8 -40.8 6.37E-06 058.1 341.9 035.9 0.524450 0.172141 0.399199 hargrave 2022-02-20 15:25:33 
TT 640 210.4 -38.1 204.1 -38.2 1.27E-05 001.3 327.3 028.1 0.009239 0.034759 0.005242 hargrave 2022-02-20 16:38:03 
TT 650 218.8 -35.0 213.1 -36.3 1.22E-05 004.8 331.2 034.7 0.027589 0.064282 0.078292 hargrave 2022-02-21 14:59:23 
TT 655 223.2 -42.9 215.7 -44.6 5.92E-06 060.4 339.5 029.8 0.514169 0.192969 0.314235 hargrave 2022-02-22 13:45:39 
TT 655 202.8 -36.9 196.9 -35.9 1.19E-05 001.3 321.6 024.6 0.005856 0.033238 0.003967 hargrave 2022-02-22 15:44:49 
TT 660 231.3 -41.5 224.3 -44.4 4.88E-06 050.8 345.3 033.4 0.421460 0.111322 0.286903 hargrave 2022-02-23 12:31:58 
TT 660 201.6 -37.6 195.7 -36.4 9.60E-06 001.2 321.5 023.5 0.005953 0.024879 0.005176 hargrave 2022-02-23 15:19:48 
TT 664 203.1 -40.5 196.4 -39.5 9.49E-06 011.3 324.7 022.4 0.077800 0.160621 0.067652 hargrave 2022-02-24 12:17:37 
TT 664 190.6 -33.3 185.8 -30.7 9.67E-06 001.2 312.2 018.6 0.001749 0.026273 0.005646 hargrave 2022-02-24 14:23:02 
TT 667 217.0 -40.1 210.2 -41.1 7.57E-06 005.3 333.3 029.7 0.042024 0.039176 0.040164 hargrave 2022-02-25 11:51:15 
TT 670 232.7 -42.8 225.4 -45.8 7.05E-06 010.5 347.0 032.5 0.010916 0.114899 0.061413 hargrave 2022-02-26 17:02:53 
TT 673 230.3 -40.0 223.6 -42.7 4.78E-06 007.9 343.8 034.6 0.012360 0.057602 0.030731 hargrave 2022-02-27 16:38:15 
TT 675 212.7 -27.8 208.5 -28.3 4.11E-06 006.1 320.6 037.0 0.011082 0.034056 0.027098 hargrave 2022-02-28 14:58:33 
TT 677 205.8 -34.4 200.3 -33.8 5.73E-06 012.5 321.3 028.1 0.060831 0.105090 0.037123 hargrave 2022-03-01 12:22:22 
TT 677 197.2 -30.4 192.8 -28.7 5.77E-06 001.3 312.8 024.9 0.015392 0.006051 0.002003 hargrave 2022-03-01 13:18:56 
TT 679 215.8 -23.7 212.3 -24.6 2.39E-06 005.5 319.5 041.9 0.005189 0.017552 0.014442 hargrave 2022-03-02 09:42:00 
TT 681 284.2 -17.0 283.5 -24.8 1.08E-06 009.6 051.1 043.1 0.016285 0.005877 0.006567 hargrave 2022-03-02 15:44:37 
TT 681 279.6 -23.6 278.3 -31.2 1.03E-06 001.5 040.6 041.9 0.003021 0.001616 0.001136 hargrave 2022-03-02 16:46:43 
TT 683 208.8 036.6 214.7 035.9 2.46E-06 005.4 228.9 048.0 0.019972 0.012321 0.004349 hargrave 2022-03-03 16:49:24 
TT 685 161.2 069.4 181.0 074.1 2.29E-06 010.0 201.2 013.4 0.010117 0.036848 0.014545 hargrave 2022-03-04 14:35:47 
TT 689 321.4 -60.2 329.1 -67.3 1.29E-06 007.1 028.5 -03.4 0.008974 0.012409 0.005963 hargrave 2022-03-06 16:46:22 
