HFC- 23 sun compass orientation
   80.1 258.0  16.0 207.0   8.0   1.0
NRM    136.1 038.0 138.6 045.5 2.77E-05 002.4 318.7 050.9 0.055492 0.074281 0.072125 hargrave 2022-02-07 15:41:36 
TT 150 138.2 028.9 140.1 036.3 2.54E-05 003.3 323.9 042.4 0.118895 0.048350 0.076818 hargrave 2022-02-08 12:47:47 
TT 300 150.5 030.7 153.6 037.3 2.30E-05 004.1 338.2 045.8 0.079867 0.145911 0.013483 hargrave 2022-02-09 10:19:14 
TT 400 166.6 030.8 170.8 035.8 2.15E-05 004.5 358.3 046.8 0.030529 0.168933 0.013200 hargrave 2022-02-10 10:37:25 
TT 450 173.8 030.4 178.2 034.5 2.14E-05 001.2 007.3 046.3 0.037705 0.029287 0.010962 hargrave 2022-02-10 18:00:34 
TT 500 184.6 031.5 189.5 034.3 2.09E-05 002.0 020.8 046.7 0.036269 0.065691 0.012406 hargrave 2022-02-11 20:07:46 
TT 550 196.9 033.4 202.2 034.4 2.06E-05 005.0 036.2 046.9 0.113165 0.142511 0.014391 hargrave 2022-02-13 12:07:13 
TT 565 201.1 030.5 205.8 031.0 2.13E-05 001.7 040.3 043.4 0.048550 0.047815 0.012970 hargrave 2022-02-14 12:31:21 
TT 580 199.3 030.5 204.1 031.2 2.04E-05 005.2 038.3 043.7 0.123670 0.139759 0.016893 hargrave 2022-02-15 10:29:13 
TT 600 207.6 028.8 212.0 028.4 2.10E-05 002.7 047.3 040.5 0.077101 0.069063 0.012935 hargrave 2022-02-15 18:33:12 
TT 610 210.2 027.9 214.4 027.2 2.03E-05 003.5 049.9 039.1 0.094529 0.084951 0.012383 hargrave 2022-02-16 15:48:04 
TT 620 209.9 027.8 214.0 027.1 2.10E-05 001.3 049.5 039.0 0.044884 0.029170 0.014921 hargrave 2022-02-17 14:49:26 
TT 630 210.6 026.2 214.5 025.4 2.06E-05 006.6 049.8 037.3 0.190331 0.142332 0.020932 hargrave 2022-02-18 12:07:07 
TT 640 219.3 024.0 222.6 022.1 2.23E-05 002.0 058.5 033.3 0.069273 0.044798 0.017391 hargrave 2022-02-20 16:01:43 
TT 650 222.5 021.0 225.2 018.7 2.19E-05 005.4 060.9 029.6 0.180932 0.099641 0.017424 hargrave 2022-02-21 15:34:53 
TT 655 225.2 021.0 227.9 018.3 2.22E-05 006.0 063.7 028.9 0.214116 0.097610 0.019095 hargrave 2022-02-22 14:21:42 
TT 660 231.1 021.9 233.7 018.4 2.10E-05 003.7 070.0 028.3 0.128802 0.042697 0.017751 hargrave 2022-02-23 13:07:11 
TT 664 228.9 021.3 231.5 018.1 2.11E-05 002.6 067.6 028.3 0.087610 0.038858 0.019036 hargrave 2022-02-24 12:52:56 
TT 667 225.1 020.6 227.7 018.0 1.94E-05 002.9 063.5 028.6 0.091068 0.040082 0.016108 hargrave 2022-02-25 12:26:22 
TT 670 226.0 018.5 228.3 015.7 2.04E-05 004.5 063.8 026.3 0.153469 0.053733 0.017075 hargrave 2022-02-26 17:38:55 
TT 673 225.1 015.9 227.0 013.2 1.74E-05 001.7 062.1 024.0 0.051464 0.024572 0.016570 hargrave 2022-02-27 17:13:41 
TT 675 226.8 017.7 229.0 014.9 1.55E-05 006.0 064.4 025.4 0.151531 0.061465 0.013522 hargrave 2022-02-28 15:33:48 
TT 677 228.9 016.8 230.9 013.7 1.38E-05 003.7 066.3 024.0 0.086058 0.026057 0.012268 hargrave 2022-03-01 12:57:41 
TT 679 226.0 019.1 228.4 016.3 9.52E-06 003.1 064.0 026.9 0.041526 0.034912 0.007508 hargrave 2022-03-02 10:11:21 
TT 681 226.2 017.5 228.4 014.7 5.65E-06 001.8 063.7 025.3 0.017219 0.014273 0.004815 hargrave 2022-03-02 16:13:52 
TT 683 241.2 027.2 244.2 022.5 3.09E-06 001.4 081.9 030.7 0.005566 0.009543 0.001426 hargrave 2022-03-03 17:23:58 
TT 685 327.0 055.6 322.2 048.5 3.84E-07 005.3 164.6 040.4 0.002332 0.003652 0.002943 hargrave 2022-03-04 15:10:27 
TT 689 296.0 -15.6 296.0 -23.6 2.13E-06 004.3 123.2 -25.0 0.014238 0.007860 0.002799 hargrave 2022-03-06 17:20:52 
