HFC- 16 mag compass orientation (IGRF corrected)
  88.15 328.8  20.0 207.0   8.0   1.0
NRM    078.4 024.9 075.7 031.0 4.33E-05 002.4 197.8 005.9 0.200908 0.145262 0.104233 hargrave 2022-02-07 15:29:35 
TT 150 081.4 010.9 080.2 017.4 3.59E-05 002.4 202.4 -07.6 0.069343 0.129635 0.064698 hargrave 2022-02-08 12:34:11 
TT 300 077.0 002.8 076.5 008.9 3.03E-05 004.0 199.0 -16.2 0.083511 0.195115 0.051009 hargrave 2022-02-09 10:05:43 
TT 400 080.4 -01.7 080.3 004.7 2.57E-05 006.3 203.1 -20.2 0.121190 0.253716 0.046424 hargrave 2022-02-10 10:22:59 
TT 450 073.1 000.2 072.8 005.9 2.31E-05 001.0 195.2 -19.2 0.033499 0.042849 0.015101 hargrave 2022-02-10 17:46:14 
TT 500 077.5 -03.5 077.6 002.7 2.04E-05 003.9 200.3 -22.4 0.078017 0.108091 0.044931 hargrave 2022-02-11 19:52:39 
TT 550 078.8 -05.7 079.0 000.6 1.74E-05 003.5 201.9 -24.4 0.056705 0.084364 0.039702 hargrave 2022-02-13 11:53:37 
TT 565 079.0 -03.0 079.0 003.3 1.62E-05 006.5 201.8 -21.7 0.085034 0.162065 0.038654 hargrave 2022-02-14 12:17:46 
TT 580 076.2 -06.4 076.5 -00.3 1.48E-05 005.6 199.2 -25.4 0.062880 0.129436 0.038567 hargrave 2022-02-15 10:15:40 
TT 600 080.8 -05.3 080.9 001.2 1.21E-05 002.4 204.0 -23.7 0.030638 0.034536 0.033281 hargrave 2022-02-15 18:19:39 
TT 610 075.5 -06.0 075.8 -00.0 1.20E-05 003.6 198.4 -25.1 0.038003 0.059569 0.034291 hargrave 2022-02-16 15:34:32 
TT 620 073.0 -01.3 072.9 004.4 1.11E-05 003.3 195.2 -20.7 0.035805 0.049788 0.033334 hargrave 2022-02-17 14:35:09 
TT 630 075.2 -06.7 075.5 -00.7 1.09E-05 002.5 198.1 -25.8 0.023921 0.032776 0.034612 hargrave 2022-02-18 11:53:34 
TT 640 067.7 -04.1 067.8 001.2 1.06E-05 005.2 189.7 -23.8 0.036528 0.083088 0.038395 hargrave 2022-02-20 15:48:11 
TT 650 070.2 -06.5 070.6 -01.0 1.12E-05 003.7 192.6 -26.1 0.035793 0.060118 0.034010 hargrave 2022-02-21 15:21:18 
TT 655 070.1 -09.1 070.7 -03.6 1.05E-05 006.3 192.7 -28.7 0.044656 0.109175 0.017286 hargrave 2022-02-22 14:07:23 
TT 660 068.8 -10.6 069.6 -05.3 1.04E-05 003.8 191.4 -30.3 0.034164 0.063676 0.017007 hargrave 2022-02-23 12:53:41 
TT 664 067.6 -06.1 067.9 -00.8 9.13E-06 004.8 189.7 -25.8 0.035657 0.070971 0.013501 hargrave 2022-02-24 12:39:26 
TT 667 073.7 -05.3 074.0 000.5 8.82E-06 003.4 196.4 -24.6 0.033963 0.046164 0.015244 hargrave 2022-02-25 12:12:56 
TT 670 063.9 -14.0 065.2 -09.1 6.61E-06 002.6 186.0 -33.9 0.031198 0.023363 0.010303 hargrave 2022-02-26 17:24:37 
TT 673 091.8 -31.0 093.5 -23.7 3.75E-06 003.2 223.1 -46.9 0.015914 0.012700 0.007470 hargrave 2022-02-27 17:00:08 
TT 675 262.5 -80.6 204.1 -84.7 1.93E-06 001.5 007.8 -61.2 0.004025 0.004600 0.003838 hargrave 2022-02-28 15:20:18 
TT 677 145.7 015.2 147.0 022.2 1.16E-06 005.2 261.8 013.2 0.009134 0.003720 0.004417 hargrave 2022-03-01 12:43:20 
TT 679 276.3 -25.1 274.7 -32.6 1.14E-06 003.4 033.9 -08.8 0.001903 0.006384 0.003296 hargrave 2022-03-02 09:59:50 
TT 681 111.9 006.0 111.8 014.0 1.55E-06 005.6 233.1 -06.1 0.010686 0.010939 0.004201 hargrave 2022-03-02 16:02:20 
TT 683 089.9 058.0 082.3 064.9 1.10E-06 006.1 200.9 039.9 0.005130 0.010496 0.003744 hargrave 2022-03-03 17:10:26 
TT 685 211.9 022.7 215.1 021.8 1.45E-06 002.2 326.9 040.1 0.004224 0.003788 0.001998 hargrave 2022-03-04 14:56:52 
TT 689 263.0 052.7 267.9 045.9 1.40E-06 003.1 045.2 069.5 0.002456 0.007497 0.001749 hargrave 2022-03-06 17:07:21 
