HFC- 6 sun compass orientation
  103.2 341.5  30.0 207.0   8.0   1.0
NRM    219.3 -03.0 218.7 -04.7 9.59E-05 002.3 324.9 022.1 0.212811 0.315579 0.129503 hargrave 2022-02-07 15:13:14 
TT 150 213.3 -03.5 212.7 -04.4 9.36E-05 004.9 319.0 019.8 0.581146 0.551975 0.110495 hargrave 2022-02-08 12:15:44 
TT 300 221.0 -06.7 220.0 -08.6 9.20E-05 003.7 327.8 019.1 0.340937 0.460933 0.167813 hargrave 2022-02-09 09:47:14 
TT 400 216.5 -06.0 215.6 -07.2 8.90E-05 002.2 323.0 018.5 0.152155 0.312011 0.102101 hargrave 2022-02-10 10:04:26 
TT 450 214.8 -06.1 213.9 -07.1 8.70E-05 000.3 321.4 017.9 0.047026 0.054854 0.040364 hargrave 2022-02-10 17:27:45 
TT 500 221.1 -07.2 220.0 -09.1 8.48E-05 001.2 328.0 018.6 0.060593 0.174458 0.095808 hargrave 2022-02-11 19:34:10 
TT 550 215.7 -05.2 214.9 -06.4 7.99E-05 002.3 322.0 019.0 0.243812 0.218000 0.105417 hargrave 2022-02-13 11:35:04 
TT 565 218.1 -05.7 217.2 -07.2 7.71E-05 003.8 324.6 019.2 0.334615 0.388526 0.096245 hargrave 2022-02-14 11:59:12 
TT 580 219.2 -06.3 218.2 -07.9 7.37E-05 001.7 325.8 019.0 0.112014 0.181742 0.090568 hargrave 2022-02-15 09:57:11 
TT 600 226.7 -07.1 225.6 -09.7 6.90E-05 005.4 333.7 020.1 0.325524 0.569792 0.093948 hargrave 2022-02-15 18:01:09 
TT 610 222.6 -04.7 221.9 -06.8 7.13E-05 001.3 328.9 021.4 0.108968 0.114264 0.086363 hargrave 2022-02-16 15:16:03 
TT 620 219.9 -02.4 219.5 -04.2 7.28E-05 000.7 325.4 022.9 0.088661 0.056984 0.061608 hargrave 2022-02-17 14:15:56 
TT 630 222.1 -01.7 221.8 -03.8 7.26E-05 004.2 327.5 024.2 0.198121 0.202517 0.547965 hargrave 2022-02-18 11:34:17 
TT 640 223.6 -02.9 223.1 -05.2 7.08E-05 001.5 329.4 023.4 0.074795 0.170343 0.079395 hargrave 2022-02-20 15:28:52 
TT 650 222.3 -02.3 221.8 -04.3 6.71E-05 002.9 327.8 023.7 0.160542 0.300911 0.075178 hargrave 2022-02-21 15:02:43 
TT 655 222.3 -02.8 221.8 -04.9 6.51E-05 002.5 328.0 023.2 0.180039 0.212271 0.078844 hargrave 2022-02-22 13:48:58 
TT 660 227.5 -01.9 227.1 -04.7 5.83E-05 002.1 333.3 025.3 0.138166 0.166914 0.059006 hargrave 2022-02-23 12:35:18 
TT 664 227.5 -02.8 227.0 -05.5 5.67E-05 003.3 333.5 024.5 0.170376 0.273809 0.073514 hargrave 2022-02-24 12:20:57 
TT 667 217.0 003.3 217.4 001.9 5.00E-05 004.2 320.4 027.5 0.207466 0.304767 0.045867 hargrave 2022-02-25 11:54:34 
TT 670 226.1 005.0 226.5 002.4 4.19E-05 002.3 329.8 031.7 0.080328 0.140249 0.039828 hargrave 2022-02-26 17:06:12 
TT 673 224.2 007.7 225.0 005.3 3.58E-05 001.3 326.8 033.8 0.072247 0.063269 0.045249 hargrave 2022-02-27 16:41:35 
TT 675 222.0 002.8 222.3 000.7 3.19E-05 004.2 326.0 028.5 0.143610 0.188538 0.031747 hargrave 2022-02-28 15:01:52 
TT 677 222.2 011.9 223.6 009.7 1.92E-05 001.2 323.0 037.2 0.033954 0.029705 0.019260 hargrave 2022-03-01 12:25:41 
TT 679 226.9 002.5 227.0 -00.2 1.83E-05 001.7 331.4 029.5 0.038276 0.041999 0.022995 hargrave 2022-03-02 09:44:49 
TT 681 222.4 013.9 224.2 011.6 1.36E-05 001.6 322.5 039.2 0.018051 0.035558 0.014162 hargrave 2022-03-02 15:47:29 
TT 683 240.2 -01.2 239.8 -05.5 7.62E-06 002.3 347.2 028.2 0.012698 0.024795 0.017015 hargrave 2022-03-03 16:52:44 
TT 685 247.3 045.7 252.8 040.2 3.84E-06 001.8 348.2 075.5 0.011189 0.005244 0.001916 hargrave 2022-03-04 14:39:07 
TT 689 257.8 009.3 258.3 003.1 3.49E-06 001.4 008.0 039.1 0.006137 0.006331 0.003609 hargrave 2022-03-06 16:49:40 
