HFC- 20 mag compass orientation (IGRF corrected)
  85.35 293.8  11.0 207.0   8.0   1.0
NRM    077.1 023.7 074.4 029.8 1.18E-04 002.8 230.1 016.9 0.408832 0.411550 0.100311 hargrave 2022-02-07 15:37:08 
TT 150 070.4 023.8 067.5 029.1 1.10E-04 005.2 223.8 016.0 0.701525 0.692387 0.222937 hargrave 2022-02-08 12:42:24 
TT 300 075.3 024.3 072.5 030.1 1.01E-04 002.2 228.3 017.2 0.179948 0.250524 0.229706 hargrave 2022-02-09 10:13:53 
TT 400 073.6 027.0 070.4 032.6 9.31E-05 002.7 226.3 019.6 0.159934 0.305927 0.274142 hargrave 2022-02-10 10:32:00 
TT 450 072.7 030.5 068.9 036.1 8.98E-05 000.7 224.8 023.0 0.042147 0.101773 0.052156 hargrave 2022-02-10 17:55:13 
TT 500 078.5 030.1 075.1 036.2 8.55E-05 002.5 230.3 023.4 0.150500 0.228188 0.259526 hargrave 2022-02-11 20:01:36 
TT 550 072.5 031.9 068.5 037.4 8.10E-05 004.5 224.4 024.3 0.472956 0.395319 0.183226 hargrave 2022-02-13 12:01:50 
TT 565 071.2 032.8 067.0 038.1 7.80E-05 001.9 223.1 025.0 0.056006 0.150757 0.212431 hargrave 2022-02-14 12:25:58 
TT 580 072.8 032.3 068.7 037.8 7.55E-05 001.8 224.6 024.7 0.127391 0.086538 0.189982 hargrave 2022-02-15 10:23:50 
TT 600 074.6 032.7 070.6 038.4 7.19E-05 001.8 226.2 025.4 0.050644 0.125598 0.189581 hargrave 2022-02-15 18:27:50 
TT 610 071.3 032.1 067.2 037.5 6.87E-05 003.4 223.3 024.4 0.287542 0.255788 0.145864 hargrave 2022-02-16 15:42:43 
TT 620 066.8 033.9 062.2 038.8 6.54E-05 003.0 218.9 025.6 0.226241 0.194671 0.182069 hargrave 2022-02-17 14:44:05 
TT 630 072.1 033.4 067.8 038.8 6.40E-05 004.4 223.8 025.7 0.351285 0.299726 0.173311 hargrave 2022-02-18 12:01:46 
TT 640 074.6 033.3 070.5 039.0 5.99E-05 002.7 226.1 026.0 0.192220 0.126448 0.169686 hargrave 2022-02-20 15:56:21 
TT 650 074.0 033.0 069.9 038.7 6.00E-05 001.9 225.6 025.6 0.036765 0.110377 0.167752 hargrave 2022-02-21 15:29:30 
TT 655 072.7 034.7 068.2 040.2 5.67E-05 004.0 224.1 027.1 0.214533 0.290507 0.167594 hargrave 2022-02-22 14:16:21 
TT 660 071.1 033.8 066.7 039.1 5.23E-05 002.6 222.8 026.0 0.085006 0.171147 0.151276 hargrave 2022-02-23 13:01:51 
TT 664 071.2 036.5 066.3 041.8 5.13E-05 002.7 222.4 028.7 0.112573 0.185778 0.126087 hargrave 2022-02-24 12:47:35 
TT 667 069.2 035.5 064.4 040.7 4.89E-05 001.9 220.8 027.5 0.058348 0.097019 0.129721 hargrave 2022-02-25 12:21:03 
TT 670 069.1 036.3 064.2 041.4 4.69E-05 003.3 220.6 028.2 0.102645 0.213979 0.134086 hargrave 2022-02-26 17:32:46 
TT 673 063.9 033.4 059.2 037.9 3.74E-05 001.6 216.3 024.7 0.069341 0.035682 0.079123 hargrave 2022-02-27 17:08:19 
TT 675 078.1 028.7 074.9 034.8 2.04E-05 005.6 230.2 022.0 0.136349 0.140522 0.057207 hargrave 2022-02-28 15:28:28 
TT 677 076.7 026.8 073.6 032.8 1.90E-05 003.1 229.2 019.9 0.077195 0.055497 0.050303 hargrave 2022-03-01 12:51:29 
TT 679 067.8 028.8 064.0 033.9 1.27E-05 003.6 220.6 020.7 0.061133 0.042188 0.040608 hargrave 2022-03-02 10:06:45 
TT 681 087.4 023.2 085.3 030.1 1.01E-05 002.3 239.9 018.0 0.020539 0.025884 0.027411 hargrave 2022-03-02 16:09:14 
TT 683 264.8 039.7 267.8 032.8 2.17E-06 004.0 070.1 044.3 0.014434 0.004351 0.004397 hargrave 2022-03-03 17:18:37 
TT 685 088.3 -07.5 088.5 -00.5 1.58E-06 005.4 246.2 -12.1 0.011359 0.007780 0.008221 hargrave 2022-03-04 15:05:03 
TT 689 191.1 -21.8 188.2 -19.5 1.89E-06 003.2 348.0 -11.1 0.003816 0.006900 0.008102 hargrave 2022-03-06 17:15:31 
