HFC- 10 sun compass orientation
 112.27 347.6  46.0 207.0   8.0   1.0
NRM    014.2 071.8 353.6 068.6 2.66E-05 002.7 160.3 034.0 0.086967 0.101595 0.049637 hargrave 2022-02-07 15:20:23 
TT 150 014.6 061.0 001.6 058.4 1.51E-05 002.8 151.1 026.7 0.041003 0.065414 0.021012 hargrave 2022-02-08 12:24:10 
TT 300 351.4 059.4 342.1 054.2 1.20E-05 003.4 141.7 035.0 0.043992 0.056778 0.024085 hargrave 2022-02-09 09:55:43 
TT 400 332.5 054.2 327.2 047.5 1.14E-05 004.1 130.2 042.3 0.055684 0.060293 0.018972 hargrave 2022-02-10 10:12:57 
TT 450 325.2 052.2 321.2 045.0 1.15E-05 000.6 125.6 045.8 0.004820 0.016197 0.009675 hargrave 2022-02-10 17:36:13 
TT 500 318.5 045.0 316.1 037.5 1.18E-05 003.2 113.6 047.6 0.056367 0.039647 0.014334 hargrave 2022-02-11 19:42:35 
TT 550 315.3 044.3 313.3 036.7 1.19E-05 003.4 111.4 049.5 0.060467 0.038663 0.014349 hargrave 2022-02-13 11:43:34 
TT 565 310.4 040.8 309.0 033.0 1.25E-05 001.7 104.2 051.6 0.033419 0.022949 0.014833 hargrave 2022-02-14 12:07:42 
TT 580 306.7 043.0 305.7 035.1 1.24E-05 002.0 105.9 054.9 0.038845 0.022099 0.012449 hargrave 2022-02-15 10:05:40 
TT 600 311.6 040.6 310.2 032.8 1.33E-05 002.5 104.4 050.6 0.054107 0.019227 0.016926 hargrave 2022-02-15 18:09:38 
TT 610 311.6 040.0 310.2 032.2 1.15E-05 001.4 103.5 050.4 0.026693 0.009782 0.010559 hargrave 2022-02-16 15:24:31 
TT 620 308.0 037.4 307.1 029.5 1.32E-05 000.6 097.9 051.8 0.013281 0.009960 0.012452 hargrave 2022-02-17 14:25:11 
TT 630 303.1 042.3 302.4 034.3 1.35E-05 001.2 103.2 057.2 0.023993 0.007049 0.017396 hargrave 2022-02-18 11:43:34 
TT 640 313.9 037.7 312.4 030.0 1.41E-05 002.5 101.6 047.8 0.059431 0.018192 0.017531 hargrave 2022-02-20 15:38:09 
TT 650 311.1 033.8 310.0 026.0 1.29E-05 002.5 094.8 047.9 0.054895 0.010137 0.013752 hargrave 2022-02-21 15:11:14 
TT 655 317.1 027.1 315.9 019.5 1.22E-05 002.0 091.0 039.9 0.041692 0.011322 0.014416 hargrave 2022-02-22 13:57:25 
TT 660 306.9 029.8 306.2 021.9 1.04E-05 002.3 086.9 048.8 0.037480 0.012017 0.014505 hargrave 2022-02-23 12:43:44 
TT 664 311.6 028.0 310.7 020.3 1.24E-05 001.0 088.2 044.4 0.015928 0.010940 0.016877 hargrave 2022-02-24 12:29:25 
TT 667 290.5 024.5 290.8 016.5 1.08E-05 000.9 064.8 056.9 0.014040 0.010672 0.005711 hargrave 2022-02-25 12:02:58 
TT 670 287.9 022.4 288.3 014.5 9.97E-06 000.9 059.0 057.0 0.012437 0.011312 0.007914 hargrave 2022-02-26 17:14:38 
TT 673 282.0 015.8 282.4 008.0 9.62E-06 000.9 043.9 055.0 0.011908 0.009630 0.009548 hargrave 2022-02-27 16:50:04 
TT 675 293.0 013.3 293.1 005.3 7.82E-06 002.9 055.6 046.9 0.034987 0.016547 0.009635 hargrave 2022-02-28 15:10:18 
TT 677 311.7 029.1 310.8 021.3 3.20E-06 001.8 089.5 044.9 0.006411 0.002872 0.008836 hargrave 2022-03-01 12:33:21 
TT 679 280.6 -04.7 280.2 -12.4 8.60E-06 004.0 029.2 037.1 0.018630 0.058090 0.006553 hargrave 2022-03-02 09:51:20 
TT 681 122.7 079.0 137.2 086.9 1.19E-06 064.8 189.6 035.8 0.065159 0.140135 0.205887 hargrave 2022-03-02 15:53:54 
TT 681 292.9 043.1 293.3 035.1 3.08E-06 001.1 100.4 064.6 0.002604 0.005588 0.001643 hargrave 2022-03-02 16:50:56 
TT 683 290.9 -48.7 289.6 -56.7 1.41E-06 002.4 021.4 -07.2 0.004970 0.006162 0.003037 hargrave 2022-03-03 17:00:24 
TT 685 014.8 030.4 010.5 028.5 3.49E-06 003.0 129.8 003.9 0.008016 0.010445 0.014243 hargrave 2022-03-04 14:46:48 
TT 689 296.2 068.0 296.4 060.0 1.40E-06 003.6 153.3 058.7 0.010346 0.004323 0.003213 hargrave 2022-03-06 16:57:20 
