HFC- 2 mag compass orientation (IGRF corrected)
  102.6  49.8  78.0 207.0   8.0   1.0
NRM    147.9 -05.4 147.8 001.5 8.29E-05 001.7 231.0 -79.6 0.029865 0.231789 0.079875 hargrave 2022-02-07 15:07:16 
TT 150 147.5 -07.3 147.2 -00.4 8.22E-05 001.9 238.6 -81.1 0.262059 0.031948 0.066634 hargrave 2022-02-08 12:09:27 
TT 300 147.5 -09.3 147.0 -02.4 7.89E-05 001.3 250.8 -82.0 0.173554 0.028780 0.057874 hargrave 2022-02-09 09:40:57 
TT 400 146.3 -11.0 145.7 -04.0 7.31E-05 002.9 262.1 -83.6 0.368964 0.049469 0.067322 hargrave 2022-02-10 09:58:06 
TT 450 144.4 -08.5 144.0 -01.4 6.88E-05 000.2 232.4 -84.3 0.018473 0.008493 0.038512 hargrave 2022-02-10 17:21:28 
TT 500 144.3 -08.3 144.0 -01.1 6.53E-05 000.3 230.4 -84.2 0.024441 0.017247 0.041039 hargrave 2022-02-11 19:27:55 
TT 550 142.2 -08.2 141.9 -00.9 6.13E-05 001.4 211.9 -85.5 0.045067 0.137559 0.052494 hargrave 2022-02-13 11:28:43 
TT 565 142.2 -10.0 141.9 -02.8 5.90E-05 001.2 230.8 -86.9 0.048077 0.118553 0.035289 hargrave 2022-02-14 11:52:52 
TT 580 141.0 -10.9 140.6 -03.6 5.58E-05 001.2 226.9 -88.4 0.088875 0.069322 0.050608 hargrave 2022-02-15 09:50:54 
TT 600 140.5 -10.8 140.1 -03.4 5.42E-05 001.6 208.5 -88.6 0.083612 0.127109 0.037181 hargrave 2022-02-15 17:54:50 
TT 610 140.5 -14.0 139.9 -06.6 5.33E-05 001.9 340.8 -87.9 0.167534 0.068482 0.029401 hargrave 2022-02-16 15:09:47 
TT 620 138.5 -11.5 138.1 -04.1 5.29E-05 001.0 109.9 -88.6 0.051232 0.075198 0.030545 hargrave 2022-02-17 14:09:39 
TT 630 141.2 -12.1 140.7 -04.8 5.19E-05 001.2 275.4 -88.6 0.107434 0.035910 0.035396 hargrave 2022-02-18 11:27:59 
TT 640 138.5 -11.3 138.1 -03.8 5.09E-05 002.2 118.9 -88.5 0.074328 0.179137 0.043554 hargrave 2022-02-20 15:22:32 
TT 650 140.1 -11.4 139.7 -04.0 4.95E-05 000.2 205.8 -89.3 0.013537 0.006133 0.027584 hargrave 2022-02-21 14:56:23 
TT 655 139.7 -11.7 139.3 -04.3 4.91E-05 001.4 164.1 -89.7 0.100007 0.063111 0.046830 hargrave 2022-02-22 13:42:42 
TT 660 138.3 -11.1 137.9 -03.7 4.64E-05 001.0 121.1 -88.3 0.037536 0.072316 0.029639 hargrave 2022-02-23 12:29:00 
TT 664 139.2 -10.7 138.8 -03.3 4.46E-05 001.6 154.3 -88.6 0.041492 0.119804 0.029471 hargrave 2022-02-24 12:14:37 
TT 667 136.8 -10.1 136.5 -02.6 4.19E-05 002.2 121.9 -86.5 0.016903 0.160235 0.016546 hargrave 2022-02-25 11:48:17 
TT 670 137.8 -15.4 137.3 -07.9 3.88E-05 002.3 028.9 -86.1 0.153039 0.018599 0.028166 hargrave 2022-02-26 16:59:54 
TT 673 141.2 -12.2 140.7 -04.9 3.59E-05 001.4 277.9 -88.6 0.086551 0.003929 0.016434 hargrave 2022-02-27 16:35:16 
TT 675 138.6 -09.7 138.3 -02.2 2.48E-05 001.6 152.4 -87.4 0.038633 0.054710 0.014735 hargrave 2022-02-28 14:55:35 
TT 677 145.1 -05.8 144.9 001.3 2.09E-05 002.8 220.5 -81.9 0.064898 0.079126 0.011344 hargrave 2022-03-01 12:18:35 
TT 679 138.1 -08.6 137.9 -01.1 2.10E-05 002.8 154.0 -86.2 0.079887 0.062625 0.018561 hargrave 2022-03-02 09:39:29 
TT 681 141.4 -12.3 140.9 -05.0 1.68E-05 003.0 281.9 -88.4 0.085966 0.021111 0.005238 hargrave 2022-03-02 15:42:08 
TT 683 098.5 -12.8 098.9 -05.2 1.13E-06 002.2 084.3 -49.7 0.003323 0.004427 0.002760 hargrave 2022-03-03 16:46:24 
TT 685 186.3 -41.4 180.1 -38.2 2.02E-06 005.6 314.8 -40.0 0.011238 0.015957 0.008478 hargrave 2022-03-04 14:32:48 
TT 689 211.0 -52.5 200.6 -52.3 3.05E-06 009.1 321.9 -20.9 0.032205 0.035036 0.012493 hargrave 2022-03-06 16:43:23 
