HFC- 19 mag compass orientation (IGRF corrected)
   85.3 312.8  15.0 207.0   8.0   1.0
NRM    145.6 -32.0 143.6 -24.9 5.93E-05 001.4 291.1 -27.6 0.134353 0.050366 0.075720 hargrave 2022-02-07 15:34:57 
TT 150 140.9 -34.3 139.0 -27.0 6.00E-05 002.0 287.5 -31.0 0.108539 0.106318 0.141910 hargrave 2022-02-08 12:40:36 
TT 300 150.3 -38.0 147.4 -31.2 5.72E-05 001.8 297.3 -32.2 0.082432 0.052847 0.148643 hargrave 2022-02-09 10:12:06 
TT 400 152.2 -38.4 149.1 -31.8 5.38E-05 003.5 299.2 -32.2 0.227591 0.193153 0.134531 hargrave 2022-02-10 10:29:23 
TT 450 153.0 -36.6 150.0 -30.0 5.19E-05 000.7 299.3 -30.3 0.063805 0.022797 0.041265 hargrave 2022-02-10 17:53:25 
TT 500 154.9 -38.8 151.5 -32.4 4.95E-05 002.3 301.7 -32.0 0.140611 0.032639 0.150778 hargrave 2022-02-11 19:59:01 
TT 550 157.8 -39.1 154.1 -32.8 4.69E-05 002.1 304.3 -31.6 0.065458 0.068692 0.149820 hargrave 2022-02-13 12:00:01 
TT 565 156.4 -38.8 152.9 -32.4 4.56E-05 002.1 303.0 -31.6 0.049078 0.082912 0.141065 hargrave 2022-02-14 12:24:10 
TT 580 163.0 -39.6 158.9 -33.8 4.46E-05 003.4 309.0 -31.0 0.148783 0.194830 0.102762 hargrave 2022-02-15 10:22:03 
TT 600 161.5 -40.3 157.4 -34.4 4.30E-05 003.4 307.9 -32.0 0.203889 0.043637 0.152428 hargrave 2022-02-15 18:26:01 
TT 610 162.6 -40.1 158.4 -34.3 4.23E-05 002.6 308.8 -31.6 0.140238 0.045435 0.128434 hargrave 2022-02-16 15:40:54 
TT 620 160.9 -40.1 156.8 -34.1 4.10E-05 002.5 307.3 -31.9 0.110253 0.041426 0.141305 hargrave 2022-02-17 14:42:17 
TT 630 165.5 -40.1 161.1 -34.5 4.06E-05 001.1 311.3 -31.0 0.037578 0.045984 0.060355 hargrave 2022-02-18 11:59:58 
TT 640 170.5 -41.9 165.4 -36.8 3.89E-05 002.3 316.1 -31.8 0.064201 0.131657 0.069567 hargrave 2022-02-20 15:54:33 
TT 650 169.8 -44.2 164.3 -39.1 3.81E-05 002.8 316.2 -34.2 0.029644 0.130447 0.131221 hargrave 2022-02-21 15:27:42 
TT 655 170.2 -44.2 164.7 -39.1 3.75E-05 002.6 316.5 -34.1 0.074512 0.083523 0.136638 hargrave 2022-02-22 14:13:45 
TT 660 174.1 -43.9 168.3 -39.2 3.48E-05 004.0 319.7 -33.1 0.105410 0.206606 0.074009 hargrave 2022-02-23 13:00:03 
TT 664 168.2 -44.9 162.8 -39.6 3.41E-05 003.7 315.1 -35.1 0.163731 0.052473 0.141169 hargrave 2022-02-24 12:45:48 
TT 667 172.0 -44.9 166.2 -40.0 3.26E-05 002.9 318.3 -34.5 0.082757 0.081725 0.122935 hargrave 2022-02-25 12:19:15 
TT 670 167.9 -45.0 162.5 -39.7 3.04E-05 003.7 314.9 -35.3 0.152522 0.038340 0.124473 hargrave 2022-02-26 17:30:59 
TT 673 170.0 -46.3 164.1 -41.2 2.21E-05 002.9 317.0 -36.2 0.062192 0.052316 0.081350 hargrave 2022-02-27 17:06:31 
TT 675 178.1 -39.6 172.8 -35.4 1.14E-05 002.8 322.0 -28.3 0.026010 0.047714 0.023766 hargrave 2022-02-28 15:26:41 
TT 677 169.9 -45.3 164.2 -40.1 8.85E-06 005.5 316.6 -35.2 0.050110 0.068010 0.014697 hargrave 2022-03-01 12:49:42 
TT 679 198.6 -49.0 189.9 -47.2 4.41E-06 002.8 340.8 -35.0 0.015804 0.005181 0.015900 hargrave 2022-03-02 10:05:12 
TT 681 179.6 -39.1 174.4 -35.1 4.93E-06 003.2 323.2 -27.6 0.020392 0.012578 0.017134 hargrave 2022-03-02 16:07:45 
TT 683 283.6 020.2 284.1 012.4 4.28E-07 004.4 066.7 026.9 0.003600 0.002150 0.000382 hargrave 2022-03-03 17:16:49 
TT 685 140.8 -35.7 138.8 -28.3 1.44E-06 006.6 287.9 -32.3 0.015969 0.005086 0.002002 hargrave 2022-03-04 15:03:15 
TT 689 199.5 -26.3 195.7 -25.0 1.50E-06 002.9 338.7 -12.4 0.004399 0.003375 0.006843 hargrave 2022-03-06 17:13:43 
