HFC- 5 sun compass orientation
 102.45 340.8  59.0 207.0   8.0   1.0
NRM    077.8 -05.6 078.0 000.6 1.69E-04 000.9 195.9 -63.8 0.199077 0.124937 0.152954 hargrave 2022-02-07 15:11:41 
TT 150 078.1 -07.1 078.5 -00.8 1.67E-04 001.4 197.5 -65.1 0.243415 0.304857 0.137180 hargrave 2022-02-08 12:13:57 
TT 300 078.7 -08.0 079.2 -01.7 1.62E-04 000.8 199.5 -65.8 0.170513 0.053269 0.181596 hargrave 2022-02-09 09:45:27 
TT 400 075.9 -07.1 076.3 -01.0 1.55E-04 002.0 192.3 -65.6 0.260409 0.443785 0.172634 hargrave 2022-02-10 10:02:38 
TT 450 076.2 -06.1 076.5 -00.0 1.50E-04 000.4 192.6 -64.6 0.040291 0.095254 0.049012 hargrave 2022-02-10 17:25:58 
TT 500 077.4 -07.2 077.8 -01.0 1.46E-04 001.5 196.0 -65.4 0.199601 0.293904 0.140117 hargrave 2022-02-11 19:32:24 
TT 550 075.2 -06.5 075.5 -00.6 1.41E-04 001.4 190.4 -65.2 0.211906 0.240359 0.153589 hargrave 2022-02-13 11:33:15 
TT 565 077.3 -07.5 077.7 -01.3 1.37E-04 001.9 195.9 -65.7 0.296684 0.318851 0.138744 hargrave 2022-02-14 11:57:24 
TT 580 076.5 -07.4 076.9 -01.3 1.33E-04 001.3 193.9 -65.8 0.052498 0.278984 0.117974 hargrave 2022-02-15 09:55:24 
TT 600 076.5 -08.2 077.0 -02.1 1.30E-04 001.5 194.3 -66.6 0.214149 0.245029 0.144051 hargrave 2022-02-15 17:59:22 
TT 610 075.4 -08.6 076.0 -02.6 1.23E-04 001.1 191.9 -67.2 0.169876 0.126847 0.107426 hargrave 2022-02-16 15:14:16 
TT 620 074.6 -08.7 075.2 -02.7 1.20E-04 000.8 189.9 -67.4 0.137184 0.078532 0.098790 hargrave 2022-02-17 14:14:08 
TT 630 075.1 -09.3 075.7 -03.3 1.18E-04 001.3 191.4 -67.9 0.177965 0.176351 0.105374 hargrave 2022-02-18 11:32:30 
TT 640 074.3 -09.4 074.9 -03.5 1.15E-04 001.7 189.3 -68.2 0.058370 0.322696 0.083736 hargrave 2022-02-20 15:27:04 
TT 650 075.0 -10.4 075.7 -04.4 1.09E-04 001.0 191.7 -69.0 0.152661 0.102618 0.085820 hargrave 2022-02-21 15:00:55 
TT 655 072.4 -10.4 073.1 -04.6 1.04E-04 001.5 184.4 -69.3 0.168392 0.187924 0.090842 hargrave 2022-02-22 13:47:12 
TT 660 074.2 -11.5 075.0 -05.5 9.23E-05 000.9 189.9 -70.2 0.082356 0.114901 0.060498 hargrave 2022-02-23 12:33:29 
TT 664 073.3 -12.0 074.2 -06.2 8.87E-05 000.8 187.4 -70.9 0.108870 0.048026 0.058136 hargrave 2022-02-24 12:19:09 
TT 667 073.6 -08.7 074.1 -02.9 8.04E-05 000.9 187.2 -67.6 0.109266 0.048638 0.067901 hargrave 2022-02-25 11:52:47 
TT 670 070.7 -12.3 071.7 -06.7 7.18E-05 001.1 179.8 -71.3 0.120805 0.049769 0.055643 hargrave 2022-02-26 17:04:25 
TT 673 075.3 -09.3 075.9 -03.3 7.09E-05 001.0 191.8 -67.9 0.073074 0.081437 0.056542 hargrave 2022-02-27 16:39:47 
TT 675 074.1 -12.6 075.0 -06.6 5.89E-05 001.2 190.2 -71.3 0.102334 0.060526 0.048362 hargrave 2022-02-28 15:00:05 
TT 677 071.1 -09.8 071.8 -04.2 5.06E-05 001.1 180.9 -68.8 0.043069 0.085510 0.036559 hargrave 2022-03-01 12:23:54 
TT 679 067.5 -09.2 068.2 -04.0 4.71E-05 001.9 171.3 -68.0 0.138155 0.053621 0.048621 hargrave 2022-03-02 09:43:15 
TT 681 076.8 -16.0 077.9 -09.8 3.08E-05 002.1 201.3 -74.0 0.102103 0.043285 0.024357 hargrave 2022-03-02 15:45:56 
TT 683 069.1 -07.4 069.6 -02.0 1.62E-05 002.1 175.8 -66.3 0.050907 0.026183 0.019774 hargrave 2022-03-03 16:50:57 
TT 685 084.0 000.8 083.6 007.5 1.23E-05 001.4 203.9 -55.8 0.023801 0.013825 0.017318 hargrave 2022-03-04 14:37:20 
TT 689 095.2 -14.4 095.7 -07.0 3.52E-06 001.3 238.9 -62.2 0.005180 0.003664 0.010452 hargrave 2022-03-06 16:47:53 
