HFC- 15 mag compass orientation (IGRF corrected)
  97.95 327.8  32.0 207.0   8.0   1.0
NRM    088.5 002.2 088.2 009.2 1.13E-04 000.7 214.3 -25.0 0.084046 0.085190 0.133236 hargrave 2022-02-07 15:28:03 
TT 150 085.4 003.0 084.9 009.8 1.08E-04 001.5 210.7 -25.1 0.218322 0.161712 0.135214 hargrave 2022-02-08 12:32:27 
TT 300 087.8 003.2 087.3 010.1 9.70E-05 001.7 213.2 -24.3 0.188576 0.161077 0.149482 hargrave 2022-02-09 10:03:58 
TT 400 087.5 004.9 086.9 011.9 8.85E-05 002.3 212.3 -22.7 0.206615 0.265409 0.115330 hargrave 2022-02-10 10:21:14 
TT 450 092.1 006.1 091.6 013.3 8.40E-05 000.4 216.7 -20.2 0.045176 0.086926 0.066829 hargrave 2022-02-10 17:44:30 
TT 500 088.9 008.4 088.1 015.4 7.91E-05 006.3 212.7 -19.0 0.535238 0.692240 0.112200 hargrave 2022-02-11 19:50:53 
TT 550 089.3 010.4 088.4 017.5 7.24E-05 000.8 212.5 -16.9 0.048716 0.081325 0.079966 hargrave 2022-02-13 11:51:53 
TT 565 087.6 011.1 086.6 018.1 6.90E-05 006.2 210.6 -16.7 0.443470 0.606023 0.096666 hargrave 2022-02-14 12:16:01 
TT 580 093.7 009.7 092.9 017.0 6.65E-05 000.9 217.0 -16.3 0.064330 0.058572 0.072728 hargrave 2022-02-15 10:13:56 
TT 600 089.5 009.5 088.7 016.6 6.32E-05 001.7 213.0 -17.7 0.138246 0.133220 0.067799 hargrave 2022-02-15 18:17:55 
TT 610 087.0 009.3 086.1 016.2 5.99E-05 003.8 210.5 -18.6 0.253656 0.310428 0.084505 hargrave 2022-02-16 15:32:48 
TT 620 088.2 010.7 087.2 017.6 5.44E-05 001.2 211.3 -17.0 0.041801 0.095264 0.062511 hargrave 2022-02-17 14:33:25 
TT 630 084.1 012.1 082.9 018.7 5.36E-05 002.4 206.9 -16.7 0.122255 0.182566 0.073679 hargrave 2022-02-18 11:51:50 
TT 640 084.9 011.3 083.8 018.1 4.58E-05 002.7 207.9 -17.2 0.135905 0.170118 0.077066 hargrave 2022-02-20 15:46:26 
TT 650 080.7 010.4 079.5 016.8 4.20E-05 001.3 203.9 -19.1 0.063189 0.068914 0.062774 hargrave 2022-02-21 15:19:32 
TT 655 086.5 012.5 085.3 019.3 3.82E-05 003.5 209.1 -15.7 0.134834 0.196942 0.051736 hargrave 2022-02-22 14:05:39 
TT 660 084.5 012.8 083.2 019.5 3.34E-05 002.3 207.1 -15.9 0.091739 0.105989 0.044948 hargrave 2022-02-23 12:51:58 
TT 664 082.2 014.7 080.7 021.2 3.04E-05 002.1 204.4 -14.6 0.051632 0.095726 0.043998 hargrave 2022-02-24 12:37:42 
TT 667 089.9 008.9 089.1 016.0 2.39E-05 002.4 213.6 -18.2 0.076513 0.068127 0.034117 hargrave 2022-02-25 12:11:11 
TT 670 077.5 015.8 075.8 021.9 1.88E-05 003.1 199.6 -14.4 0.041613 0.097202 0.027968 hargrave 2022-02-26 17:22:53 
TT 673 098.7 009.3 098.1 016.8 1.36E-05 008.0 222.0 -15.0 0.130921 0.139174 0.020418 hargrave 2022-02-27 16:58:23 
TT 675 087.2 012.3 086.1 019.2 5.47E-06 003.6 209.9 -15.7 0.019577 0.027318 0.010483 hargrave 2022-02-28 15:18:34 
TT 677 088.6 001.0 088.3 008.0 4.85E-06 003.2 214.8 -26.1 0.012920 0.024713 0.004792 hargrave 2022-03-01 12:41:36 
TT 679 023.8 -38.4 030.2 -38.4 2.29E-06 003.0 116.9 -60.6 0.005678 0.010078 0.004140 hargrave 2022-03-02 09:58:21 
TT 681 124.4 -09.6 124.3 -01.6 6.59E-06 001.9 254.9 -20.4 0.020399 0.011317 0.004841 hargrave 2022-03-02 16:00:49 
TT 683 069.2 015.5 067.2 020.8 5.39E-06 003.0 191.4 -15.9 0.011423 0.021434 0.016220 hargrave 2022-03-03 17:08:42 
TT 685 087.3 -12.7 087.9 -05.7 2.05E-06 005.0 218.5 -39.5 0.013850 0.009575 0.006782 hargrave 2022-03-04 14:55:07 
TT 689 060.5 -11.3 061.5 -06.9 2.95E-06 005.5 183.6 -43.3 0.009278 0.026582 0.005740 hargrave 2022-03-06 17:05:37 
