HFC- 12 mag compass orientation (IGRF corrected)
  114.8 306.8  51.0 207.0   8.0   1.0
NRM    082.5 -06.2 082.7 000.4 2.73E-05 036.9 243.6 -37.4 1.033379 2.073978 1.769527 hargrave 2022-02-07 15:23:59 
NRM    076.6 -02.5 076.5 003.6 5.45E-05 001.2 234.9 -38.6 0.120485 0.062338 0.042154 hargrave 2022-02-07 16:15:59 
TT 150 079.3 -07.1 079.6 -00.8 4.96E-05 001.4 241.5 -40.3 0.105503 0.053599 0.054172 hargrave 2022-02-08 12:27:36 
TT 300 078.8 -10.1 079.4 -03.7 4.67E-05 001.5 243.8 -42.7 0.118363 0.057134 0.033761 hargrave 2022-02-09 09:59:09 
TT 400 078.1 -10.7 078.7 -04.5 4.26E-05 004.2 243.7 -43.7 0.298522 0.101980 0.032884 hargrave 2022-02-10 10:16:23 
TT 450 078.5 -13.0 079.3 -06.7 4.07E-05 001.0 246.4 -45.0 0.046766 0.055963 0.030105 hargrave 2022-02-10 17:39:40 
TT 500 073.7 -08.5 074.3 -02.6 3.75E-05 002.9 237.2 -45.0 0.182353 0.071032 0.033442 hargrave 2022-02-11 19:46:02 
TT 550 077.2 -12.1 078.0 -05.9 3.45E-05 001.5 244.2 -45.3 0.094687 0.027337 0.029372 hargrave 2022-02-13 11:47:01 
TT 565 075.1 -08.2 075.6 -02.2 3.33E-05 004.9 238.4 -43.9 0.250446 0.147087 0.025289 hargrave 2022-02-14 12:11:09 
TT 580 075.0 -09.1 075.6 -03.1 3.18E-05 005.0 239.1 -44.6 0.259759 0.107431 0.032091 hargrave 2022-02-15 10:09:06 
TT 600 077.6 -08.0 078.0 -01.8 3.05E-05 003.3 240.7 -42.1 0.167793 0.060520 0.036647 hargrave 2022-02-15 18:13:05 
TT 610 082.6 -06.0 082.9 000.6 2.97E-05 003.1 243.6 -37.2 0.129356 0.101031 0.034500 hargrave 2022-02-16 15:27:58 
TT 620 079.2 -02.3 079.1 004.0 2.89E-05 002.6 237.3 -36.8 0.121530 0.056386 0.034659 hargrave 2022-02-17 14:28:36 
TT 630 082.0 -04.7 082.1 001.8 2.78E-05 001.8 241.9 -36.7 0.062947 0.062179 0.038035 hargrave 2022-02-18 11:47:01 
TT 640 078.5 -03.6 078.6 002.7 2.66E-05 004.5 237.7 -38.2 0.184929 0.096251 0.034773 hargrave 2022-02-20 15:41:36 
TT 650 073.2 -02.3 073.1 003.4 2.41E-05 006.6 231.3 -40.6 0.229014 0.160615 0.027930 hargrave 2022-02-21 15:14:41 
TT 655 074.4 -01.1 074.2 004.8 2.29E-05 002.6 231.6 -38.9 0.092454 0.043905 0.030986 hargrave 2022-02-22 14:00:51 
TT 660 079.9 -01.5 079.7 004.9 2.14E-05 004.6 237.2 -35.7 0.154591 0.074535 0.028357 hargrave 2022-02-23 12:47:09 
TT 664 074.0 003.2 073.4 009.0 2.02E-05 005.9 228.0 -35.7 0.166979 0.127861 0.023907 hargrave 2022-02-24 12:32:51 
TT 667 076.1 -03.5 076.1 002.6 1.82E-05 001.4 235.2 -39.7 0.028387 0.036299 0.022207 hargrave 2022-02-25 12:06:23 
TT 670 066.8 -00.0 066.6 005.1 1.43E-05 003.1 222.6 -42.3 0.063766 0.042453 0.018172 hargrave 2022-02-26 17:18:04 
TT 673 079.1 -05.7 079.3 000.6 1.09E-05 002.5 240.1 -39.4 0.032208 0.036244 0.013759 hargrave 2022-02-27 16:53:32 
TT 675 061.6 006.1 060.6 010.6 7.46E-06 004.6 212.6 -39.4 0.038426 0.046460 0.007635 hargrave 2022-02-28 15:13:45 
TT 677 071.0 -05.8 071.3 -00.3 5.80E-06 004.0 231.9 -44.7 0.036288 0.017397 0.007371 hargrave 2022-03-01 12:36:47 
TT 679 060.8 -20.9 063.0 -16.3 3.33E-06 004.5 235.6 -62.6 0.025115 0.009189 0.002380 hargrave 2022-03-02 09:54:17 
TT 681 099.8 021.8 098.6 029.4 2.89E-06 028.4 236.2 -05.4 0.029769 0.133285 0.100917 hargrave 2022-03-02 15:56:47 
TT 681 073.1 010.7 071.7 016.4 2.49E-06 001.4 222.1 -29.9 0.003544 0.006901 0.001600 hargrave 2022-03-02 16:53:50 
TT 683 080.9 -01.3 080.7 005.2 1.69E-06 004.9 238.0 -34.9 0.013350 0.006220 0.001647 hargrave 2022-03-03 17:03:51 
TT 685 068.1 008.3 066.9 013.5 8.13E-07 006.0 218.6 -34.5 0.006837 0.006146 0.001193 hargrave 2022-03-04 14:50:15 
TT 689 183.7 -15.1 182.0 -11.8 6.68E-07 004.7 323.5 027.7 0.002171 0.005084 0.002165 hargrave 2022-03-06 17:00:46 
