HFC- 18 mag compass orientation (IGRF corrected)
   85.3 339.8   6.0 207.0   8.0   1.0
NRM    272.1 042.7 274.7 035.4 1.47E-05 004.3 024.7 048.2 0.070764 0.078928 0.032412 hargrave 2022-02-07 15:33:30 
TT 150 266.1 030.3 268.1 023.3 1.31E-05 005.1 017.4 036.0 0.058669 0.105476 0.027123 hargrave 2022-02-08 12:38:51 
TT 300 267.5 026.3 269.2 019.3 1.50E-05 005.9 018.8 032.0 0.076604 0.139960 0.025215 hargrave 2022-02-09 10:10:21 
TT 400 262.2 021.8 263.7 015.2 1.64E-05 009.5 013.0 027.7 0.092537 0.258929 0.043785 hargrave 2022-02-10 10:27:37 
TT 400 262.0 020.3 263.4 013.7 1.66E-05 001.4 012.8 026.2 0.033264 0.027543 0.014197 hargrave 2022-02-10 11:07:34 
TT 450 257.2 019.8 258.7 013.5 1.71E-05 001.4 007.7 025.7 0.034409 0.029715 0.014626 hargrave 2022-02-10 17:51:40 
TT 500 265.5 020.4 266.7 013.6 1.80E-05 001.9 016.4 026.2 0.056326 0.042597 0.038776 hargrave 2022-02-11 19:57:16 
TT 550 267.3 020.4 268.5 013.4 1.80E-05 009.9 018.3 026.1 0.119573 0.290784 0.046555 hargrave 2022-02-13 11:58:16 
TT 550 260.8 018.3 262.1 011.8 1.82E-05 001.4 011.5 024.2 0.036968 0.029192 0.016278 hargrave 2022-02-13 13:28:24 
TT 565 264.2 018.1 265.3 011.3 1.86E-05 003.1 015.0 023.9 0.062576 0.087181 0.040402 hargrave 2022-02-14 12:22:24 
TT 580 268.6 017.1 269.5 010.1 1.82E-05 003.7 019.5 022.8 0.067958 0.101593 0.043149 hargrave 2022-02-15 10:20:18 
TT 600 269.0 017.0 269.9 010.0 1.78E-05 005.8 019.9 022.7 0.087624 0.161247 0.040912 hargrave 2022-02-15 18:24:17 
TT 610 265.9 014.4 266.7 007.6 1.71E-05 005.2 016.6 020.2 0.074110 0.141239 0.043127 hargrave 2022-02-16 15:39:09 
TT 620 264.7 013.5 265.5 006.7 1.73E-05 003.4 015.4 019.3 0.062895 0.092897 0.036286 hargrave 2022-02-17 14:40:33 
TT 630 269.3 012.6 269.9 005.4 1.70E-05 002.6 020.1 018.2 0.060067 0.061948 0.041391 hargrave 2022-02-18 11:58:13 
TT 640 266.3 011.7 266.8 004.8 1.76E-05 001.8 016.9 017.4 0.056334 0.040970 0.037815 hargrave 2022-02-20 15:52:49 
TT 650 268.3 010.8 268.8 003.8 1.69E-05 006.1 019.0 016.5 0.082608 0.164326 0.046139 hargrave 2022-02-21 15:25:57 
TT 655 264.5 011.2 265.1 004.4 1.78E-05 007.2 015.1 017.0 0.087278 0.210900 0.047721 hargrave 2022-02-22 14:12:00 
TT 660 270.7 011.4 271.2 004.2 1.61E-05 005.7 021.5 017.0 0.072726 0.139089 0.041114 hargrave 2022-02-23 12:58:19 
TT 664 267.3 011.0 267.8 004.0 1.54E-05 011.4 017.9 016.7 0.106586 0.289470 0.044155 hargrave 2022-02-24 12:44:03 
TT 664 266.1 009.7 266.6 002.9 1.55E-05 002.5 016.7 015.5 0.081492 0.039329 0.014551 hargrave 2022-02-24 14:26:19 
TT 667 268.1 010.8 268.6 003.8 1.36E-05 006.9 018.8 016.5 0.061049 0.150862 0.034028 hargrave 2022-02-25 12:17:30 
TT 670 266.7 010.9 267.2 003.9 1.33E-05 005.7 017.3 016.6 0.051891 0.119538 0.034555 hargrave 2022-02-26 17:29:15 
TT 673 266.3 009.6 266.8 002.7 8.24E-06 008.5 016.9 015.3 0.040548 0.116081 0.022608 hargrave 2022-02-27 17:04:46 
TT 675 265.1 009.6 265.6 002.8 5.61E-06 005.3 015.7 015.4 0.018913 0.047550 0.014914 hargrave 2022-02-28 15:24:56 
TT 677 246.6 -14.7 244.7 -19.7 2.77E-06 005.0 356.9 -08.7 0.005524 0.023680 0.006660 hargrave 2022-03-01 12:47:57 
TT 679 295.9 005.3 295.9 -02.7 1.72E-06 002.2 046.7 009.4 0.005847 0.003547 0.002405 hargrave 2022-03-02 10:03:44 
TT 681 249.5 011.1 250.4 005.6 2.82E-06 003.5 359.7 017.1 0.006977 0.014350 0.008279 hargrave 2022-03-02 16:06:14 
TT 683 340.7 022.5 338.8 016.6 1.49E-06 008.3 093.4 022.3 0.021610 0.004899 0.001606 hargrave 2022-03-03 17:15:04 
TT 683 337.2 021.4 335.6 015.2 1.54E-06 000.7 089.8 021.5 0.001390 0.001896 0.000987 hargrave 2022-03-03 18:48:13 
TT 685 269.0 -41.0 265.1 -47.9 9.09E-07 005.0 017.7 -35.3 0.002147 0.007362 0.002941 hargrave 2022-03-04 15:01:30 
TT 689 294.0 -27.6 293.7 -35.6 1.20E-06 002.7 042.2 -23.2 0.004579 0.003250 0.003197 hargrave 2022-03-06 17:11:58 
