HFC- 21 mag compass orientation (IGRF corrected)
  84.45   9.8  25.0 207.0   8.0   1.0
NRM    077.9 015.8 076.2 021.9 1.77E-04 001.7 158.8 -07.5 0.088458 0.363388 0.404718 hargrave 2022-02-07 15:38:39 
TT 150 081.5 014.7 080.0 021.2 1.72E-04 002.4 162.1 -09.1 0.246462 0.515692 0.449984 hargrave 2022-02-08 12:44:14 
TT 300 076.5 014.2 074.9 020.2 1.56E-04 002.9 157.2 -08.9 0.225225 0.581237 0.470309 hargrave 2022-02-09 10:15:42 
TT 400 080.0 014.9 078.4 021.2 1.43E-04 003.8 160.7 -08.7 0.280472 0.792795 0.425498 hargrave 2022-02-10 10:33:51 
TT 450 075.0 016.3 073.1 022.2 1.34E-04 000.6 156.1 -06.5 0.074325 0.068883 0.107488 hargrave 2022-02-10 17:57:02 
TT 500 076.0 015.7 074.1 021.6 1.28E-04 001.9 156.9 -07.3 0.154670 0.174838 0.350526 hargrave 2022-02-11 20:03:25 
TT 550 078.0 016.8 076.1 023.0 1.17E-04 005.8 159.0 -06.5 0.442562 1.062665 0.329683 hargrave 2022-02-13 12:03:40 
TT 565 075.7 017.0 073.8 022.9 1.13E-04 006.5 156.9 -06.0 0.527046 1.118636 0.312216 hargrave 2022-02-14 12:27:47 
TT 580 075.0 017.1 073.0 023.0 1.09E-04 001.9 156.2 -05.7 0.068477 0.168569 0.305358 hargrave 2022-02-15 10:25:39 
TT 600 072.6 017.8 070.4 023.4 1.04E-04 001.9 154.1 -04.6 0.069392 0.191595 0.283317 hargrave 2022-02-15 18:29:39 
TT 610 073.2 017.9 071.1 023.5 9.90E-05 003.2 154.7 -04.7 0.230808 0.432190 0.264315 hargrave 2022-02-16 15:44:32 
TT 620 073.5 019.4 071.2 025.1 9.58E-05 001.9 155.3 -03.2 0.111106 0.147642 0.261803 hargrave 2022-02-17 14:45:53 
TT 630 075.0 020.3 072.6 026.1 9.06E-05 001.7 156.8 -02.6 0.052059 0.069620 0.254953 hargrave 2022-02-18 12:03:35 
TT 640 066.2 019.8 063.6 024.7 8.53E-05 001.8 148.6 -01.4 0.127662 0.126445 0.210157 hargrave 2022-02-20 15:58:10 
TT 650 073.5 020.8 071.0 026.4 7.62E-05 001.8 155.5 -01.9 0.040325 0.114110 0.211329 hargrave 2022-02-21 15:31:20 
TT 655 068.1 020.6 065.4 025.7 7.38E-05 001.9 150.5 -01.0 0.072532 0.106859 0.207047 hargrave 2022-02-22 14:18:10 
TT 660 069.5 019.9 067.0 025.2 6.51E-05 001.8 151.7 -02.0 0.048155 0.055005 0.190535 hargrave 2022-02-23 13:03:40 
TT 664 066.4 019.3 063.9 024.3 6.36E-05 001.8 148.7 -01.9 0.057524 0.071767 0.179537 hargrave 2022-02-24 12:49:24 
TT 667 066.8 018.5 064.4 023.5 5.59E-05 004.0 148.9 -02.8 0.182205 0.309473 0.163679 hargrave 2022-02-25 12:22:51 
TT 670 068.8 020.2 066.3 025.4 5.46E-05 002.6 151.1 -01.6 0.147651 0.179249 0.095903 hargrave 2022-02-26 17:34:34 
TT 673 071.1 018.7 068.8 024.1 4.24E-05 001.9 152.9 -03.5 0.046455 0.057565 0.127669 hargrave 2022-02-27 17:10:08 
TT 675 067.9 019.2 065.4 024.3 2.74E-05 002.2 150.0 -02.3 0.046514 0.070580 0.068216 hargrave 2022-02-28 15:30:17 
TT 677 075.2 020.1 072.9 026.0 2.48E-05 001.8 157.0 -02.8 0.030998 0.040751 0.065031 hargrave 2022-03-01 12:53:18 
TT 679 068.5 022.0 065.7 027.2 1.80E-05 003.1 151.2 000.3 0.034513 0.078567 0.060786 hargrave 2022-03-02 10:08:20 
TT 681 067.8 016.8 065.6 021.9 1.36E-05 010.2 149.4 -04.7 0.135164 0.202187 0.039784 hargrave 2022-03-02 16:10:49 
TT 681 071.7 019.1 069.3 024.6 1.39E-05 001.9 153.5 -03.2 0.044479 0.030877 0.012606 hargrave 2022-03-02 16:56:42 
TT 683 059.4 -02.1 059.4 002.2 6.44E-06 002.5 136.1 -20.8 0.021801 0.016606 0.012954 hargrave 2022-03-03 17:20:26 
TT 685 062.2 034.3 057.3 038.6 6.00E-06 002.4 148.8 013.5 0.011707 0.014347 0.019578 hargrave 2022-03-04 15:06:53 
TT 689 022.7 041.2 015.9 040.1 2.98E-06 004.7 120.4 031.7 0.020549 0.013928 0.008160 hargrave 2022-03-06 17:17:20 
