HFC- 3 mag compass orientation (IGRF corrected)
  102.5  70.8  51.0 207.0   8.0   1.0
NRM    111.6 046.2 110.6 054.2 2.74E-05 008.0 148.2 005.9 0.166307 0.349888 0.066292 hargrave 2022-02-07 15:08:30 
TT 150 154.4 044.3 160.0 050.4 2.26E-05 005.4 175.4 -06.5 0.024460 0.206575 0.057052 hargrave 2022-02-08 12:10:58 
TT 300 159.8 036.4 164.5 042.0 1.91E-05 001.7 179.2 -14.6 0.006901 0.033969 0.048538 hargrave 2022-02-09 09:42:27 
TT 400 159.7 037.7 164.5 043.3 1.57E-05 002.6 179.1 -13.3 0.029356 0.057658 0.048559 hargrave 2022-02-10 09:59:36 
TT 450 152.6 038.9 157.0 045.3 1.32E-05 001.4 173.5 -11.7 0.019201 0.031705 0.015519 hargrave 2022-02-10 17:22:59 
TT 450 162.5 041.5 168.3 046.8 1.16E-05 008.7 181.3 -09.5 0.019569 0.173133 0.047064 hargrave 2022-02-11 19:29:24 
TT 500 163.8 043.7 170.2 048.8 1.16E-05 001.4 182.2 -07.3 0.019838 0.023155 0.016553 hargrave 2022-02-12 11:24:26 
TT 550 138.6 049.2 142.8 056.6 9.90E-06 005.8 165.7 000.4 0.036766 0.085088 0.043497 hargrave 2022-02-13 11:30:14 
TT 565 133.3 049.7 136.6 057.4 9.25E-06 006.1 162.6 002.0 0.035628 0.085847 0.038382 hargrave 2022-02-14 11:54:23 
TT 580 134.1 061.0 139.9 068.5 7.91E-06 007.4 167.1 012.3 0.039965 0.085068 0.043109 hargrave 2022-02-15 09:52:24 
TT 600 113.9 053.9 113.1 061.9 7.93E-06 003.7 154.0 011.3 0.024469 0.021792 0.041943 hargrave 2022-02-15 17:56:21 
TT 610 120.6 052.2 121.5 060.2 8.38E-06 003.3 156.5 007.7 0.027462 0.018611 0.038527 hargrave 2022-02-16 15:11:17 
TT 620 117.8 052.7 118.0 060.7 9.75E-06 010.2 155.3 009.0 0.083864 0.146216 0.051515 hargrave 2022-02-17 14:11:09 
TT 620 105.5 048.0 103.3 055.9 9.74E-06 001.1 146.1 009.9 0.007225 0.024920 0.001954 hargrave 2022-02-17 15:04:00 
TT 630 108.1 046.1 106.5 054.0 9.86E-06 009.0 146.2 007.3 0.091597 0.120965 0.043293 hargrave 2022-02-18 11:29:29 
TT 630 108.9 046.9 107.4 054.9 9.72E-06 001.1 147.2 007.6 0.005948 0.024948 0.001431 hargrave 2022-02-18 18:08:46 
TT 640 089.3 042.7 085.1 049.6 8.65E-06 010.1 134.0 014.2 0.115056 0.096457 0.038122 hargrave 2022-02-20 15:24:04 
TT 640 090.7 047.0 086.0 054.1 8.75E-06 001.7 138.1 016.3 0.004521 0.021025 0.018242 hargrave 2022-02-20 16:36:34 
TT 650 089.7 025.1 087.7 032.1 7.59E-06 003.0 121.0 002.2 0.020876 0.012644 0.034856 hargrave 2022-02-21 14:57:54 
TT 655 089.2 033.3 086.3 040.3 6.99E-06 003.7 126.8 008.1 0.031563 0.014838 0.031394 hargrave 2022-02-22 13:44:11 
TT 660 084.9 038.6 080.8 045.3 9.64E-06 005.3 128.6 014.2 0.070119 0.041734 0.038642 hargrave 2022-02-23 12:30:30 
TT 664 082.6 029.1 079.6 035.5 9.54E-06 003.0 119.8 009.6 0.029228 0.014237 0.041038 hargrave 2022-02-24 12:16:08 
TT 667 082.2 037.1 078.1 043.5 8.60E-06 005.4 126.0 014.9 0.065366 0.032751 0.036076 hargrave 2022-02-25 11:49:47 
TT 670 066.6 014.1 064.8 019.1 8.45E-06 007.3 098.5 012.0 0.102556 0.016884 0.032984 hargrave 2022-02-26 17:01:24 
TT 673 066.5 027.6 062.8 032.5 6.69E-06 005.1 109.8 020.1 0.051636 0.012609 0.030264 hargrave 2022-02-27 16:36:47 
TT 675 051.1 042.5 043.9 045.3 5.90E-06 008.8 118.0 038.2 0.079693 0.032726 0.034180 hargrave 2022-02-28 14:57:05 
TT 677 088.1 069.0 073.2 075.5 3.51E-06 005.9 156.6 030.3 0.017951 0.010459 0.030995 hargrave 2022-03-01 12:20:53 
TT 679 078.0 049.6 070.9 055.5 4.04E-06 006.4 135.0 024.6 0.024126 0.021906 0.034571 hargrave 2022-03-02 09:40:43 
TT 681 342.1 -05.3 342.9 -10.9 3.78E-06 002.5 001.8 045.7 0.022367 0.009863 0.019187 hargrave 2022-03-02 15:43:25 
TT 683 013.8 -04.5 014.5 -06.3 1.93E-06 055.3 042.7 036.9 0.120961 0.112144 0.123671 hargrave 2022-03-03 16:47:55 
TT 683 014.1 -10.5 015.6 -12.2 4.02E-06 001.5 039.3 031.6 0.006778 0.008422 0.004063 hargrave 2022-03-03 18:44:57 
TT 685 202.1 053.4 212.9 053.3 2.20E-06 004.7 203.5 009.0 0.005849 0.015336 0.009976 hargrave 2022-03-04 14:34:18 
TT 689 283.7 -01.4 283.5 -09.1 4.47E-06 001.4 293.2 024.0 0.008168 0.006944 0.006344 hargrave 2022-03-06 16:44:53 
