HFC- 1 mag compass orientation (IGRF corrected)
  102.6  48.8  83.0 207.0   8.0   1.0
NRM    134.3 -15.1 133.8 -07.4 2.55E-05 005.6 028.3 -80.8 0.016995 0.249378 0.014282 hargrave 2022-02-07 15:05:59 
TT 150 133.6 -14.6 133.2 -06.9 2.51E-05 004.2 033.5 -80.9 0.086137 0.163580 0.024551 hargrave 2022-02-08 12:07:52 
TT 300 133.8 -17.8 133.3 -10.1 2.64E-05 003.5 023.8 -78.2 0.038058 0.155650 0.006485 hargrave 2022-02-09 09:39:22 
TT 400 136.0 -16.1 135.4 -08.5 2.51E-05 006.5 016.6 -80.5 0.157289 0.236271 0.027756 hargrave 2022-02-10 09:56:30 
TT 450 142.3 -12.7 141.7 -05.4 2.35E-05 001.4 329.2 -83.4 0.048087 0.029132 0.001967 hargrave 2022-02-10 17:19:52 
TT 450 141.6 -15.8 140.9 -08.5 1.12E-05 038.4 343.1 -80.8 0.182141 0.055570 1.180191 hargrave 2022-02-11 19:26:21 
TT 500 136.2 -16.8 135.6 -09.2 2.23E-05 001.6 014.4 -79.9 0.055292 0.030575 0.001099 hargrave 2022-02-12 11:22:53 
TT 550 131.6 -19.8 131.0 -12.1 2.04E-05 002.8 028.0 -75.4 0.087581 0.046647 0.019260 hargrave 2022-02-13 11:27:07 
TT 565 132.1 -20.4 131.5 -12.7 2.03E-05 003.1 025.2 -75.1 0.070614 0.083364 0.020345 hargrave 2022-02-14 11:51:16 
TT 580 131.9 -18.0 131.4 -10.3 1.96E-05 004.1 030.9 -77.1 0.107575 0.085971 0.027962 hargrave 2022-02-15 09:49:19 
TT 600 134.8 -18.3 134.2 -10.6 9.04E-06 030.0 018.5 -78.1 0.189528 0.063627 0.945091 hargrave 2022-02-15 17:53:14 
TT 600 131.6 -17.6 131.1 -09.8 1.81E-05 000.4 032.8 -77.3 0.010562 0.004216 0.003157 hargrave 2022-02-15 19:07:02 
TT 610 130.5 -17.7 130.0 -09.9 8.96E-06 052.2 036.6 -76.6 0.177958 0.131756 0.931673 hargrave 2022-02-16 15:08:12 
TT 610 130.4 -18.2 129.9 -10.4 1.79E-05 000.3 035.4 -76.1 0.008984 0.003953 0.002436 hargrave 2022-02-16 17:00:50 
TT 620 131.5 -20.3 130.9 -12.6 1.80E-05 003.4 027.4 -74.9 0.076638 0.069289 0.022452 hargrave 2022-02-17 14:08:04 
TT 630 133.3 -17.7 132.8 -10.1 1.78E-05 003.5 025.9 -78.0 0.079824 0.073291 0.019568 hargrave 2022-02-18 11:26:24 
TT 640 302.2 -82.3 051.2 -89.2 2.78E-06 079.1 357.8 000.4 0.007280 0.092929 1.764340 hargrave 2022-02-20 15:20:56 
TT 640 136.6 -16.5 136.0 -08.9 1.68E-05 000.2 012.5 -80.3 0.005469 0.003733 0.001420 hargrave 2022-02-20 16:35:01 
TT 650 133.6 -18.2 133.1 -10.6 1.64E-05 002.8 023.6 -77.7 0.076265 0.023930 0.013870 hargrave 2022-02-21 14:54:48 
TT 655 133.1 -17.9 132.6 -10.2 1.76E-05 002.9 026.4 -77.8 0.070835 0.053490 0.018799 hargrave 2022-02-22 13:41:07 
TT 660 141.6 -17.9 140.7 -10.6 1.61E-05 004.8 346.3 -78.8 0.086615 0.105368 0.010639 hargrave 2022-02-23 12:27:25 
TT 664 134.4 -25.3 133.5 -17.7 1.57E-05 000.8 012.5 -71.2 0.018884 0.009914 0.005851 hargrave 2022-02-24 12:13:03 
TT 667 140.3 -22.0 139.3 -14.7 8.01E-06 056.6 354.6 -74.9 0.221390 0.021361 0.827091 hargrave 2022-02-25 11:46:43 
TT 667 149.7 -20.2 148.4 -13.4 1.63E-05 000.6 322.3 -73.1 0.002466 0.015661 0.003385 hargrave 2022-02-25 16:19:14 
TT 670 136.9 -21.8 136.1 -14.2 1.35E-05 003.3 006.8 -75.1 0.060752 0.044969 0.016138 hargrave 2022-02-26 16:58:19 
TT 673 137.8 -20.5 137.0 -13.0 1.17E-05 004.7 003.9 -76.5 0.053650 0.079184 0.012891 hargrave 2022-02-27 16:33:41 
TT 675 145.5 -20.5 144.3 -13.5 1.07E-05 004.3 335.2 -75.0 0.060397 0.052381 0.006497 hargrave 2022-02-28 14:54:00 
TT 677 145.9 -23.4 144.5 -16.4 7.39E-06 004.4 338.2 -72.2 0.033243 0.045592 0.002633 hargrave 2022-03-01 12:17:00 
TT 679 140.6 -21.1 139.6 -13.7 6.99E-06 003.4 353.2 -75.8 0.035312 0.022382 0.004987 hargrave 2022-03-02 09:38:11 
TT 681 148.5 -23.4 147.0 -16.6 5.69E-06 003.7 331.4 -71.1 0.028060 0.023364 0.004383 hargrave 2022-03-02 15:40:51 
TT 683 149.9 -24.9 148.2 -18.1 2.18E-06 000.7 330.5 -69.2 0.001324 0.002311 0.001535 hargrave 2022-03-03 16:44:49 
TT 685 172.8 -31.9 169.2 -27.2 2.02E-06 003.4 312.7 -49.7 0.005604 0.010517 0.002362 hargrave 2022-03-04 14:31:13 
TT 689 020.2 -63.5 036.3 -63.3 7.91E-07 002.0 023.2 005.9 0.001965 0.002642 0.001653 hargrave 2022-03-06 16:41:49 
