HFC- 8 sun compass orientation
 112.02 339.1  38.0 207.0   8.0   1.0
NRM    142.8 068.1 155.5 074.9 3.56E-05 003.4 208.7 041.8 0.136447 0.127831 0.120739 hargrave 2022-02-07 15:17:36 
TT 150 133.1 055.8 137.4 063.4 3.01E-05 004.2 215.7 030.0 0.021955 0.126763 0.181852 hargrave 2022-02-08 12:20:54 
TT 300 129.5 039.5 131.3 047.3 2.36E-05 003.8 224.1 015.5 0.060781 0.106456 0.108820 hargrave 2022-02-09 09:52:25 
TT 400 134.6 029.0 136.2 036.6 2.11E-05 004.9 233.7 009.1 0.127102 0.104573 0.090201 hargrave 2022-02-10 10:09:38 
TT 450 128.8 033.6 130.2 041.4 2.04E-05 001.2 227.0 010.2 0.037422 0.081447 0.016583 hargrave 2022-02-10 17:32:57 
TT 500 140.7 020.2 142.1 027.4 1.86E-05 002.7 243.4 005.1 0.068464 0.081784 0.021157 hargrave 2022-02-11 19:39:19 
TT 550 138.0 024.8 139.6 032.2 1.76E-05 006.2 238.7 007.4 0.143511 0.091967 0.090915 hargrave 2022-02-13 11:40:16 
TT 565 138.4 027.1 140.2 034.5 1.64E-05 004.5 237.6 009.5 0.077832 0.060117 0.087578 hargrave 2022-02-14 12:04:24 
TT 580 139.6 026.7 141.4 034.0 1.65E-05 003.1 238.7 009.8 0.025700 0.035628 0.084055 hargrave 2022-02-15 10:02:22 
TT 600 138.3 026.2 140.1 033.6 1.53E-05 004.0 238.1 008.7 0.056423 0.047821 0.083135 hargrave 2022-02-15 18:06:20 
TT 610 139.5 027.6 141.4 035.0 1.52E-05 003.6 238.1 010.5 0.042002 0.042584 0.080946 hargrave 2022-02-16 15:21:15 
TT 620 142.4 025.2 144.4 032.4 1.47E-05 005.5 241.7 010.1 0.099447 0.062610 0.082025 hargrave 2022-02-17 14:21:54 
TT 630 145.5 023.5 147.5 030.4 1.45E-05 003.5 245.0 010.4 0.029982 0.033202 0.083020 hargrave 2022-02-18 11:40:17 
TT 640 150.7 022.5 152.9 029.1 1.28E-05 005.2 249.5 012.6 0.090021 0.040428 0.067765 hargrave 2022-02-20 15:34:52 
TT 650 142.1 025.8 144.1 033.0 1.30E-05 003.1 241.1 010.4 0.020474 0.032704 0.064282 hargrave 2022-02-21 15:07:57 
TT 655 150.1 024.3 152.5 030.9 1.20E-05 008.6 247.9 013.7 0.161132 0.068546 0.055864 hargrave 2022-02-22 13:54:08 
TT 655 146.6 029.9 149.4 036.7 1.21E-05 001.4 241.8 016.1 0.035240 0.008553 0.008724 hargrave 2022-02-22 15:46:31 
TT 660 151.8 021.4 154.0 027.9 1.21E-05 008.5 251.0 012.4 0.160662 0.061167 0.062325 hargrave 2022-02-23 12:40:28 
TT 664 142.9 026.6 145.0 033.7 1.10E-05 005.1 241.2 011.5 0.064617 0.044825 0.064627 hargrave 2022-02-24 12:26:08 
TT 667 143.2 024.5 145.2 031.6 1.11E-05 008.1 242.7 010.0 0.130529 0.072055 0.059099 hargrave 2022-02-25 11:59:42 
TT 667 149.3 025.7 151.7 032.4 1.13E-05 001.7 246.4 014.3 0.033393 0.009780 0.012408 hargrave 2022-02-25 16:20:53 
TT 670 146.8 024.0 149.0 030.9 1.04E-05 007.0 245.7 011.6 0.100992 0.052064 0.062403 hargrave 2022-02-26 17:11:22 
TT 673 150.2 024.7 152.6 031.3 9.86E-06 003.4 247.7 014.0 0.040787 0.031749 0.036560 hargrave 2022-02-27 16:46:47 
TT 675 145.6 028.8 148.1 035.8 7.93E-06 003.5 241.7 014.7 0.034905 0.029872 0.026830 hargrave 2022-02-28 15:07:02 
TT 677 142.5 032.7 145.1 039.8 6.57E-06 003.5 237.1 016.1 0.022779 0.022437 0.026179 hargrave 2022-03-01 12:30:04 
TT 679 161.8 026.2 165.0 031.7 3.78E-06 012.2 255.1 021.9 0.080999 0.013714 0.005855 hargrave 2022-03-02 09:48:37 
TT 679 163.1 028.9 166.8 034.2 3.88E-06 001.2 254.1 024.7 0.006473 0.009319 0.002767 hargrave 2022-03-02 10:17:11 
TT 681 182.0 055.4 193.6 058.1 2.30E-06 051.5 237.5 051.7 0.043581 0.264887 0.108376 hargrave 2022-03-02 15:51:08 
TT 681 165.1 013.9 166.9 019.1 3.94E-06 001.4 266.0 014.6 0.008897 0.006923 0.003249 hargrave 2022-03-02 16:48:10 
TT 683 154.4 076.8 189.5 081.6 7.10E-07 003.4 200.3 049.1 0.002449 0.002723 0.002329 hargrave 2022-03-03 16:57:08 
TT 685 127.2 033.4 128.3 041.2 1.52E-06 003.2 225.9 009.3 0.003792 0.003475 0.007460 hargrave 2022-03-04 14:43:31 
TT 689 307.6 -55.1 310.4 -62.9 1.11E-06 002.0 033.4 -27.5 0.002360 0.003262 0.001197 hargrave 2022-03-06 16:54:03 
