HFC- 11 sun compass orientation
 112.44 351.9  32.0 207.0   8.0   1.0
NRM    203.2 018.0 205.8 018.4 2.23E-05 007.4 287.4 031.6 0.272220 0.105784 0.026919 hargrave 2022-02-07 15:22:34 
TT 150 201.5 011.2 203.1 011.8 2.24E-05 001.7 289.9 024.9 0.050965 0.041381 0.031308 hargrave 2022-02-08 12:25:53 
TT 300 203.7 010.8 205.2 011.2 2.21E-05 001.8 292.1 025.7 0.063272 0.042941 0.023211 hargrave 2022-02-09 09:57:26 
TT 400 202.8 012.7 204.6 013.2 2.09E-05 002.0 290.2 026.9 0.067309 0.032768 0.021232 hargrave 2022-02-10 10:14:40 
TT 450 201.0 014.6 203.1 015.3 2.04E-05 001.9 287.4 027.6 0.058447 0.037004 0.014972 hargrave 2022-02-10 17:37:56 
TT 500 204.7 013.3 206.6 013.5 1.98E-05 001.8 291.7 028.3 0.058708 0.026208 0.019915 hargrave 2022-02-11 19:44:20 
TT 550 206.6 013.5 208.5 013.4 1.94E-05 004.8 293.4 029.4 0.153915 0.054866 0.018428 hargrave 2022-02-13 11:45:18 
TT 565 206.0 014.0 208.0 014.0 1.91E-05 001.2 292.5 029.6 0.034412 0.025868 0.019968 hargrave 2022-02-14 12:09:25 
TT 580 206.7 013.4 208.6 013.3 1.84E-05 003.4 293.5 029.4 0.105313 0.036703 0.018758 hargrave 2022-02-15 10:07:23 
TT 600 207.7 013.6 209.7 013.4 1.82E-05 004.4 294.4 030.1 0.131575 0.048666 0.019579 hargrave 2022-02-15 18:11:21 
TT 610 208.4 015.0 210.5 014.6 1.72E-05 001.6 294.3 031.6 0.038002 0.033699 0.016655 hargrave 2022-02-16 15:26:15 
TT 620 210.2 015.5 212.4 014.9 1.66E-05 004.0 295.8 032.9 0.106514 0.046500 0.016351 hargrave 2022-02-17 14:26:54 
TT 630 210.5 013.5 212.4 012.9 1.65E-05 001.6 297.2 031.3 0.042202 0.023145 0.018034 hargrave 2022-02-18 11:45:17 
TT 640 209.7 015.3 211.8 014.8 1.61E-05 004.3 295.3 032.5 0.112871 0.045026 0.016048 hargrave 2022-02-20 15:39:53 
TT 650 216.1 011.2 217.6 009.8 1.52E-05 001.7 304.2 031.8 0.032740 0.031612 0.016336 hargrave 2022-02-21 15:12:58 
TT 655 210.6 012.4 212.3 011.8 1.44E-05 002.7 297.9 030.4 0.064074 0.028101 0.014131 hargrave 2022-02-22 13:59:08 
TT 660 208.9 012.7 210.7 012.3 1.29E-05 002.6 296.1 029.8 0.045732 0.036084 0.015786 hargrave 2022-02-23 12:45:27 
TT 664 213.2 013.3 215.0 012.3 1.20E-05 001.5 300.0 032.4 0.028545 0.017192 0.012338 hargrave 2022-02-24 12:31:08 
TT 667 212.4 014.0 214.4 013.1 1.01E-05 002.4 298.9 032.6 0.039511 0.016737 0.011090 hargrave 2022-02-25 12:04:41 
TT 670 219.7 015.5 221.7 013.6 8.02E-06 001.8 305.6 037.2 0.015699 0.020546 0.007053 hargrave 2022-02-26 17:16:21 
TT 673 212.9 008.4 214.0 007.5 8.04E-06 002.0 302.4 027.9 0.024557 0.014204 0.009494 hargrave 2022-02-27 16:51:49 
TT 675 221.1 003.6 221.5 001.6 5.83E-06 003.9 313.0 027.0 0.028090 0.029026 0.006514 hargrave 2022-02-28 15:12:01 
TT 677 222.3 000.1 222.2 -02.0 4.71E-06 001.4 315.7 024.2 0.009471 0.008899 0.005168 hargrave 2022-03-01 12:35:04 
TT 679 226.2 -09.0 224.8 -11.5 2.54E-06 002.6 322.9 017.0 0.010514 0.009053 0.001908 hargrave 2022-03-02 09:52:48 
TT 681 127.7 -41.4 126.6 -33.5 1.15E-06 048.9 260.2 -56.9 0.061034 0.078091 0.086957 hargrave 2022-03-02 15:55:22 
TT 681 188.1 -15.4 186.2 -12.6 1.42E-06 000.8 291.7 -04.7 0.001770 0.003071 0.001382 hargrave 2022-03-02 16:52:22 
TT 683 004.9 019.3 002.5 016.2 6.37E-07 003.0 111.1 009.7 0.002485 0.003036 0.000912 hargrave 2022-03-03 17:02:08 
TT 685 263.4 006.3 263.6 -00.4 1.44E-06 002.6 001.9 038.3 0.002970 0.006193 0.001859 hargrave 2022-03-04 14:48:32 
TT 689 324.9 -32.4 327.8 -39.4 9.21E-07 002.8 051.0 -14.6 0.001829 0.005595 0.001156 hargrave 2022-03-06 16:59:03 
