HFC- 24 sun compass orientation
  80.25 306.7  24.0 207.0   8.0   1.0
NRM    113.3 008.3 113.2 016.3 6.16E-05 002.6 254.4 002.2 0.272244 0.051558 0.091130 hargrave 2022-02-07 15:42:59 
TT 150 109.4 003.6 109.3 011.6 5.86E-05 001.6 252.7 -03.6 0.121456 0.087256 0.077854 hargrave 2022-02-08 12:49:29 
TT 300 112.0 000.0 111.9 008.0 5.01E-05 010.3 256.5 -05.9 0.873266 0.261097 0.065564 hargrave 2022-02-09 10:20:56 
TT 300 113.0 -00.2 112.9 007.8 5.05E-05 000.7 257.5 -05.7 0.056215 0.052873 0.032401 hargrave 2022-02-09 11:11:56 
TT 400 111.3 -02.0 111.3 006.0 4.42E-05 001.0 256.7 -08.0 0.069794 0.078033 0.055075 hargrave 2022-02-10 10:39:06 
TT 450 105.6 000.9 105.4 008.7 4.01E-05 001.0 250.2 -07.6 0.061582 0.038698 0.024164 hargrave 2022-02-10 18:02:15 
TT 500 108.6 -01.7 108.5 006.3 3.61E-05 004.7 254.0 -08.8 0.274307 0.111001 0.052987 hargrave 2022-02-11 20:09:27 
TT 550 109.6 -02.8 109.5 005.1 3.09E-05 002.2 255.4 -09.5 0.096533 0.070149 0.046943 hargrave 2022-02-13 12:08:55 
TT 565 107.5 000.3 107.4 008.2 2.74E-05 002.5 252.2 -07.4 0.103525 0.074140 0.043417 hargrave 2022-02-14 12:33:03 
TT 580 112.6 -03.3 112.6 004.7 2.76E-05 004.2 258.4 -08.7 0.202988 0.050238 0.040689 hargrave 2022-02-15 10:30:54 
TT 600 120.0 -02.5 120.0 005.5 2.57E-05 004.3 264.9 -05.0 0.187270 0.061812 0.032588 hargrave 2022-02-15 18:34:53 
TT 610 121.1 000.7 121.2 008.7 2.61E-05 001.3 264.6 -01.6 0.046200 0.049613 0.034702 hargrave 2022-02-16 15:49:45 
TT 620 130.8 000.5 130.9 008.3 2.45E-05 002.5 273.5 002.1 0.104695 0.048846 0.032234 hargrave 2022-02-17 14:51:07 
TT 630 129.1 -00.5 129.2 007.3 2.30E-05 001.3 272.4 000.5 0.039297 0.051962 0.031382 hargrave 2022-02-18 12:08:48 
TT 640 134.3 -01.8 134.4 005.9 2.10E-05 003.7 277.7 001.5 0.139244 0.058147 0.017890 hargrave 2022-02-20 16:03:25 
TT 650 136.4 -03.6 136.4 003.9 1.80E-05 001.2 280.3 000.6 0.039911 0.050573 0.013926 hargrave 2022-02-21 15:36:35 
TT 655 131.3 002.3 131.6 010.1 1.61E-05 006.2 273.3 004.0 0.179817 0.064590 0.012369 hargrave 2022-02-22 14:23:23 
TT 660 140.5 -01.9 140.6 005.4 1.50E-05 008.4 283.4 003.8 0.225182 0.057675 0.013761 hargrave 2022-02-23 13:08:53 
TT 664 133.0 013.9 133.8 021.6 1.23E-05 006.2 270.0 015.3 0.132126 0.038174 0.012541 hargrave 2022-02-24 12:55:26 
TT 667 143.2 -02.5 143.2 004.7 1.44E-05 003.2 286.1 004.3 0.087634 0.027684 0.012356 hargrave 2022-02-25 12:28:03 
TT 670 130.1 014.2 130.7 022.0 1.42E-05 003.2 267.2 014.3 0.077073 0.058542 0.010571 hargrave 2022-02-26 17:40:35 
TT 673 137.4 009.8 138.1 017.3 1.45E-05 001.4 275.8 013.3 0.032496 0.031770 0.010822 hargrave 2022-02-27 17:15:23 
TT 675 155.4 012.2 156.8 018.4 1.12E-05 003.2 291.8 022.6 0.055095 0.039615 0.008392 hargrave 2022-02-28 15:35:30 
TT 677 130.6 016.2 131.3 023.9 1.04E-05 002.7 266.8 016.3 0.047320 0.027547 0.011044 hargrave 2022-03-01 12:59:22 
TT 679 155.5 013.9 157.1 020.1 8.19E-06 004.8 291.2 024.2 0.060951 0.036435 0.006036 hargrave 2022-03-02 10:12:45 
TT 681 142.7 006.7 143.4 013.9 7.68E-06 002.0 282.0 012.6 0.026014 0.019164 0.007777 hargrave 2022-03-02 16:15:19 
TT 683 345.5 -25.5 348.8 -30.7 1.97E-06 004.2 115.9 -38.6 0.003931 0.014585 0.006652 hargrave 2022-03-03 17:25:40 
TT 685 095.7 -32.6 097.2 -25.1 4.99E-06 003.4 256.2 -42.0 0.024505 0.019631 0.004155 hargrave 2022-03-04 15:12:08 
TT 689 025.3 033.9 020.0 033.3 1.61E-06 003.8 170.4 010.3 0.002748 0.010417 0.003882 hargrave 2022-03-06 17:22:34 
