HFC- 14 mag compass orientation (IGRF corrected)
  114.3 320.8  46.0 207.0   8.0   1.0
NRM    125.8 019.6 126.3 027.5 3.76E-05 007.7 245.7 003.3 1.650497 3.662601 0.238357 hargrave 2022-02-07 15:26:44 
TT 150 114.3 025.9 114.0 033.9 3.61E-05 036.4 233.6 000.8 2.295285 3.108380 0.070096 hargrave 2022-02-08 12:30:53 
TT 150 122.1 021.8 122.5 029.7 7.14E-05 000.7 241.7 002.5 0.061136 0.071653 0.042072 hargrave 2022-02-08 13:52:25 
TT 300 119.2 021.8 119.4 029.8 6.68E-05 002.0 239.7 000.7 0.162815 0.152173 0.096555 hargrave 2022-02-09 10:02:25 
TT 400 126.7 021.5 127.3 029.3 6.21E-05 002.4 245.0 005.2 0.244971 0.086780 0.065593 hargrave 2022-02-10 10:19:40 
TT 450 132.0 022.2 133.0 029.9 5.51E-05 000.7 248.0 009.2 0.049409 0.045938 0.020133 hargrave 2022-02-10 17:42:57 
TT 500 138.2 004.3 138.6 011.7 5.68E-05 001.2 265.1 001.1 0.095153 0.052500 0.065457 hargrave 2022-02-11 19:49:20 
TT 550 131.3 010.2 131.8 018.0 4.94E-05 000.9 256.1 000.4 0.073503 0.065477 0.032207 hargrave 2022-02-13 11:50:18 
TT 565 130.0 010.5 130.5 018.3 4.75E-05 002.9 255.0 -00.3 0.227627 0.082825 0.032647 hargrave 2022-02-14 12:14:27 
TT 580 136.9 003.9 137.3 011.4 2.37E-05 067.1 264.5 -00.1 0.247030 2.518028 0.029345 hargrave 2022-02-15 10:12:23 
TT 580 133.7 005.3 134.0 013.0 4.74E-05 000.8 261.2 -01.4 0.061694 0.055446 0.035741 hargrave 2022-02-15 10:45:22 
TT 600 131.7 007.0 132.1 014.7 2.37E-05 022.5 258.7 -01.6 0.494478 2.480590 0.072628 hargrave 2022-02-15 18:16:21 
TT 600 132.9 005.3 133.3 013.0 4.72E-05 000.7 260.7 -01.9 0.060801 0.053824 0.022104 hargrave 2022-02-15 19:08:40 
TT 610 132.3 002.0 132.5 009.7 4.66E-05 005.0 262.6 -04.7 0.397694 0.084566 0.045421 hargrave 2022-02-16 15:31:15 
TT 620 129.9 005.7 130.2 013.5 2.25E-05 084.3 258.3 -03.8 0.489832 2.351509 0.160335 hargrave 2022-02-17 14:31:52 
TT 620 123.2 014.5 123.5 022.4 4.48E-05 001.0 247.5 -02.1 0.064893 0.063498 0.034679 hargrave 2022-02-17 15:07:00 
TT 630 126.5 009.7 126.9 017.6 2.21E-05 037.7 253.1 -03.3 0.689436 2.259982 0.138609 hargrave 2022-02-18 11:50:17 
TT 630 115.9 020.0 115.9 028.0 4.42E-05 000.8 238.6 -02.7 0.054740 0.028427 0.033235 hargrave 2022-02-18 18:12:15 
TT 640 126.7 003.7 126.9 011.5 4.38E-05 001.4 257.5 -07.5 0.100999 0.062991 0.037164 hargrave 2022-02-20 15:44:53 
TT 650 128.0 -01.9 128.1 006.0 3.81E-05 008.0 262.4 -10.5 0.532385 0.077950 0.024970 hargrave 2022-02-21 15:17:58 
TT 650 120.8 005.4 120.9 013.4 3.85E-05 000.8 252.0 -10.3 0.044860 0.026203 0.027007 hargrave 2022-02-21 16:01:31 
TT 655 123.3 005.6 123.5 013.5 3.70E-05 000.7 253.7 -08.5 0.037377 0.046754 0.025510 hargrave 2022-02-22 14:04:06 
TT 660 122.5 011.3 122.8 019.2 3.07E-05 004.5 249.2 -04.9 0.222663 0.090393 0.047119 hargrave 2022-02-23 12:50:25 
TT 664 124.4 009.8 124.6 017.8 1.25E-05 081.8 251.5 -04.7 0.423333 1.263911 0.109820 hargrave 2022-02-24 12:36:07 
TT 664 123.9 013.2 124.2 021.1 2.51E-05 001.2 248.8 -02.6 0.059688 0.049071 0.016203 hargrave 2022-02-24 14:24:34 
TT 667 131.6 020.5 132.5 028.3 1.99E-05 005.5 248.9 007.8 0.177668 0.086588 0.026927 hargrave 2022-02-25 12:09:38 
TT 670 138.6 020.8 139.9 028.2 1.79E-05 004.2 253.3 012.7 0.121709 0.052273 0.018453 hargrave 2022-02-26 17:21:21 
TT 673 138.3 011.3 139.1 018.8 1.36E-05 005.1 260.1 006.1 0.117606 0.032253 0.018813 hargrave 2022-02-27 16:56:49 
TT 675 132.3 008.8 132.8 016.5 6.92E-06 001.7 257.8 000.1 0.015706 0.016583 0.011667 hargrave 2022-02-28 15:17:01 
TT 677 162.9 030.6 166.8 036.0 5.11E-06 002.4 259.9 035.9 0.017297 0.009196 0.011144 hargrave 2022-03-01 12:40:03 
TT 679 174.6 053.6 184.9 057.3 2.50E-06 002.8 234.7 052.8 0.008641 0.006011 0.007326 hargrave 2022-03-02 09:57:02 
TT 681 357.9 058.5 348.0 054.0 4.47E-06 005.8 153.4 021.4 0.024052 0.026747 0.028900 hargrave 2022-03-02 15:59:31 
TT 683 159.4 058.8 170.4 064.2 2.40E-06 002.9 224.4 045.5 0.006976 0.005567 0.009554 hargrave 2022-03-03 17:07:09 
TT 685 057.2 015.7 055.0 019.6 1.09E-06 064.0 187.1 -30.0 0.100447 0.012570 0.059374 hargrave 2022-03-04 14:53:33 
TT 685 045.4 020.2 042.4 022.5 2.26E-06 001.3 174.4 -25.6 0.007704 0.004117 0.001955 hargrave 2022-03-04 15:27:28 
TT 689 057.6 -06.4 058.1 -02.3 2.21E-06 005.6 191.0 -51.9 0.013098 0.009370 0.015782 hargrave 2022-03-06 17:04:03 
