HFC- 22 mag compass orientation (IGRF corrected)
   79.7 341.8  17.0 207.0   8.0   1.0
NRM    113.0 033.0 112.5 041.0 2.92E-05 003.0 215.9 019.7 0.143927 0.097625 0.016118 hargrave 2022-02-07 15:40:09 
TT 150 116.5 013.7 116.4 021.7 2.50E-05 009.2 223.1 001.4 0.277901 0.298388 0.015901 hargrave 2022-02-08 12:46:02 
TT 150 114.6 012.7 114.5 020.7 2.57E-05 000.7 221.5 000.1 0.024134 0.046916 0.021774 hargrave 2022-02-08 13:54:08 
TT 300 119.3 001.5 119.3 009.5 1.77E-05 003.6 228.4 -09.9 0.080628 0.079314 0.024843 hargrave 2022-02-09 10:17:29 
TT 400 127.8 -07.8 127.7 000.0 1.22E-05 005.1 239.2 -17.0 0.086436 0.062722 0.030905 hargrave 2022-02-10 10:35:39 
TT 450 137.6 -15.1 137.0 -07.6 9.23E-06 001.4 251.0 -21.4 0.023691 0.008925 0.014148 hargrave 2022-02-10 17:58:49 
TT 500 161.5 -30.7 158.6 -24.9 7.50E-06 004.1 279.6 -29.3 0.045235 0.012969 0.033260 hargrave 2022-02-11 20:06:02 
TT 550 191.4 -39.0 185.5 -36.4 7.21E-06 004.6 309.2 -29.3 0.046140 0.038807 0.019279 hargrave 2022-02-13 12:05:28 
TT 565 214.7 -41.9 207.4 -42.4 7.16E-06 004.1 329.5 -27.7 0.042274 0.037113 0.016606 hargrave 2022-02-14 12:29:36 
TT 580 225.2 -42.6 217.8 -44.7 7.60E-06 003.6 338.3 -27.1 0.041553 0.036349 0.014862 hargrave 2022-02-15 10:27:27 
TT 600 230.1 -43.6 222.5 -46.3 7.29E-06 005.5 342.4 -27.6 0.040447 0.063093 0.015609 hargrave 2022-02-15 18:31:27 
TT 610 221.8 -48.0 212.8 -49.5 7.43E-06 004.1 336.6 -32.8 0.047908 0.030317 0.018020 hargrave 2022-02-16 15:46:19 
TT 620 235.1 -44.4 227.6 -47.7 7.16E-06 003.9 346.6 -28.0 0.041209 0.037347 0.016001 hargrave 2022-02-17 14:47:41 
TT 630 237.9 -38.0 232.0 -41.8 8.63E-06 003.0 348.3 -21.4 0.045347 0.028045 0.021601 hargrave 2022-02-18 12:05:22 
TT 640 255.9 -37.9 251.2 -43.7 1.08E-05 005.3 003.5 -20.9 0.047823 0.095818 0.019109 hargrave 2022-02-20 15:59:59 
TT 650 257.3 -38.9 252.5 -44.9 1.12E-05 003.6 004.6 -22.0 0.050025 0.062547 0.021431 hargrave 2022-02-21 15:33:08 
TT 655 252.2 -36.1 247.4 -41.5 1.10E-05 007.5 000.3 -19.1 0.045788 0.144027 0.018839 hargrave 2022-02-22 14:19:58 
TT 660 250.7 -36.7 245.8 -42.0 1.15E-05 005.6 359.1 -19.7 0.048041 0.108495 0.022339 hargrave 2022-02-23 13:05:27 
TT 664 251.1 -35.0 246.5 -40.3 1.09E-05 002.5 359.4 -18.0 0.048525 0.033285 0.023855 hargrave 2022-02-24 12:51:11 
TT 667 238.8 -32.2 234.1 -36.2 1.05E-05 003.8 348.6 -15.6 0.046905 0.061934 0.024637 hargrave 2022-02-25 12:24:38 
TT 670 245.7 -28.9 241.7 -33.7 1.01E-05 004.1 354.5 -12.0 0.018856 0.069859 0.020427 hargrave 2022-02-26 17:37:10 
TT 673 230.3 -28.4 226.0 -31.3 9.20E-06 002.9 340.7 -12.5 0.047541 0.031535 0.022179 hargrave 2022-02-27 17:11:56 
TT 675 240.4 -24.2 237.0 -28.4 6.10E-06 015.7 349.5 -07.5 0.045993 0.169792 0.015458 hargrave 2022-02-28 15:32:04 
TT 675 234.6 -22.3 231.3 -25.8 6.38E-06 001.4 344.0 -06.0 0.010753 0.017645 0.006459 hargrave 2022-02-28 15:41:23 
TT 677 240.3 -36.9 234.7 -41.0 4.26E-06 006.3 350.2 -20.2 0.008687 0.045674 0.011098 hargrave 2022-03-01 12:55:55 
TT 679 226.1 -14.4 224.0 -16.9 5.55E-06 003.5 335.2 001.0 0.014500 0.029836 0.010965 hargrave 2022-03-02 10:09:50 
TT 681 235.0 -37.6 229.1 -41.0 4.88E-06 004.1 345.8 -21.2 0.011170 0.032996 0.008614 hargrave 2022-03-02 16:12:19 
TT 683 304.1 -65.7 307.3 -73.6 1.81E-06 002.4 032.7 -52.9 0.006225 0.003333 0.003551 hargrave 2022-03-03 17:22:14 
TT 685 198.8 -40.1 192.3 -38.5 2.98E-06 005.2 315.8 -28.8 0.019080 0.019326 0.006183 hargrave 2022-03-04 15:08:42 
TT 689 231.8 030.1 235.7 026.5 1.65E-06 004.3 334.9 045.8 0.009290 0.007715 0.003954 hargrave 2022-03-06 17:19:08 
