JK2- 2a mag compass orientation (IGRF corrected)
   30.6 171.8   7.0 156.0   7.0   1.0
NRM    097.1 -02.1 097.1 003.9 4.78E-05 003.1 015.3 004.7 0.031424 0.114062 0.234507 hargrave 2021-02-27 13:12:48 
TT 100 095.5 -01.7 095.5 004.4 4.70E-05 004.1 013.7 005.1 0.098379 0.269089 0.185135 hargrave 2021-02-28 14:06:23 
TT 200 092.8 -03.8 092.8 002.5 4.65E-05 005.9 011.0 003.1 0.116598 0.434935 0.171103 hargrave 2021-03-01 13:11:16 
TT 300 095.2 -05.7 095.0 000.4 4.40E-05 003.7 013.3 001.1 0.048983 0.221853 0.176071 hargrave 2021-03-01 18:10:28 
TT 400 098.7 -06.1 098.5 -00.2 4.03E-05 003.4 016.8 000.6 0.060793 0.172324 0.156514 hargrave 2021-03-02 14:49:13 
TT 450 098.1 -07.4 097.9 -01.5 3.70E-05 003.3 016.2 -00.7 0.055296 0.148334 0.149015 hargrave 2021-03-03 12:55:54 
TT 500 095.3 -06.5 095.1 -00.4 3.44E-05 002.8 013.4 000.3 0.055910 0.040123 0.161024 hargrave 2021-03-04 10:44:38 
TT 525 097.6 -06.1 097.4 -00.2 3.26E-05 002.8 015.7 000.6 0.049364 0.091460 0.127699 hargrave 2021-03-04 16:25:31 
TT 550 095.3 -05.6 095.1 000.5 3.07E-05 002.6 013.4 001.2 0.045355 0.074021 0.118307 hargrave 2021-03-08 10:38:01 
TT 560 093.6 -06.7 093.4 -00.4 2.95E-05 003.2 011.7 000.2 0.063416 0.110166 0.115794 hargrave 2021-03-08 16:13:25 
TT 570 091.4 -06.9 091.2 -00.6 2.97E-05 001.6 009.5 -00.0 0.039546 0.077413 0.023417 hargrave 2021-03-09 12:51:34 
TT 580 099.0 -05.5 098.8 000.4 2.78E-05 001.0 017.1 001.2 0.059613 0.029656 0.018492 hargrave 2021-03-09 17:51:54 
TT 590 095.9 -04.7 095.8 001.4 2.65E-05 001.3 014.1 002.1 0.057704 0.058302 0.024516 hargrave 2021-03-10 17:26:31 
TT 600 095.7 -06.6 095.5 -00.5 2.57E-05 002.4 013.8 000.2 0.061832 0.102038 0.016917 hargrave 2021-03-11 17:33:45 
TT 610 097.4 -04.3 097.3 001.6 2.51E-05 002.7 015.6 002.4 0.063249 0.109556 0.019200 hargrave 2021-03-14 14:58:57 
TT 620 096.8 -06.6 096.6 -00.5 2.36E-05 003.9 014.9 000.2 0.078874 0.147898 0.015988 hargrave 2021-03-16 11:53:47 
TT 630 101.0 -06.1 100.8 -00.4 2.19E-05 001.6 019.1 000.5 0.061780 0.056021 0.017404 hargrave 2021-03-16 17:40:11 
TT 640 096.8 -06.1 096.6 -00.0 1.99E-05 002.9 014.9 000.7 0.066446 0.099603 0.013793 hargrave 2021-03-19 15:51:18 
TT 650 095.4 -05.2 095.2 000.9 1.80E-05 004.1 013.5 001.6 0.040356 0.126362 0.015459 hargrave 2021-03-22 16:53:02 
TT 660 084.7 -09.8 084.5 -03.2 1.07E-05 001.7 002.9 -02.8 0.023091 0.027237 0.013584 hargrave 2021-03-23 15:19:52 
TT 664 095.7 -09.3 095.3 -03.2 1.22E-05 001.4 013.7 -02.5 0.024058 0.026943 0.012554 hargrave 2021-03-24 11:22:01 
TT 667 083.6 -14.7 083.2 -08.0 7.11E-06 001.3 001.8 -07.7 0.014498 0.013378 0.008371 hargrave 2021-03-24 16:22:14 
TT 670 114.6 -19.6 113.0 -14.9 7.96E-06 002.7 031.7 -13.7 0.018838 0.014599 0.035336 hargrave 2021-03-25 18:43:02 
TT 672 104.2 -33.7 101.7 -28.1 4.81E-06 002.2 020.9 -27.2 0.009003 0.011075 0.019370 hargrave 2021-03-26 14:49:00 
TT 674 117.8 -25.7 115.4 -21.3 6.81E-06 002.4 034.3 -20.0 0.026378 0.013293 0.016398 hargrave 2021-03-29 10:56:48 
TT 676 114.4 -21.5 112.7 -16.8 7.69E-06 002.4 031.4 -15.6 0.026281 0.016999 0.016944 hargrave 2021-03-29 17:47:06 
TT 678 179.0 -30.7 174.9 -33.2 3.63E-06 003.3 093.0 -31.3 0.019172 0.005663 0.007132 hargrave 2021-03-30 15:06:31 
TT 679 179.4 -61.6 166.4 -63.6 4.60E-06 002.1 084.6 -61.7 0.006288 0.009238 0.043901 hargrave 2021-03-31 13:41:22 
TT 681 046.9 -45.7 048.8 -39.0 4.12E-06 002.9 328.6 -39.8 0.015307 0.014744 0.003389 hargrave 2021-04-01 13:49:55 
TT 683 095.1 -39.2 092.7 -33.0 4.51E-06 004.6 012.2 -32.4 0.017246 0.007698 0.032985 hargrave 2021-04-02 14:35:30 
TT 685 196.3 -24.8 193.5 -29.2 6.00E-06 001.3 111.3 -27.5 0.011542 0.011134 0.003426 hargrave 2021-04-05 10:31:28 
TT 686 182.9 -27.7 179.4 -30.7 5.19E-06 004.9 097.4 -28.8 0.042017 0.013036 0.014887 hargrave 2021-04-05 17:31:28 
