JK2- 7a mag compass orientation (IGRF corrected)
      0 405.8   7.0   0.0   0.0   1.0
NRM    099.7 -40.6 099.7 -40.6 3.76E-05 003.0 139.8 -46.1 0.176158 0.068311 0.069232 hargrave 2021-02-27 13:18:45 
TT 100 097.2 -41.9 097.2 -41.9 3.73E-05 004.2 136.9 -47.2 0.226759 0.143265 0.062581 hargrave 2021-02-28 14:14:53 
TT 200 098.0 -43.6 098.0 -43.6 3.77E-05 003.4 137.5 -49.0 0.196425 0.099581 0.060386 hargrave 2021-03-01 13:19:44 
TT 300 095.0 -43.1 095.0 -43.1 3.58E-05 001.9 134.3 -48.2 0.106085 0.054261 0.038128 hargrave 2021-03-02 08:49:22 
TT 400 095.4 -40.5 095.4 -40.5 3.22E-05 002.3 135.1 -45.7 0.047196 0.112361 0.051288 hargrave 2021-03-02 14:56:13 
TT 450 095.3 -38.6 095.3 -38.6 3.09E-05 004.3 135.3 -43.7 0.188710 0.128567 0.053286 hargrave 2021-03-03 13:04:22 
TT 500 095.9 -38.0 095.9 -38.0 2.88E-05 005.1 136.0 -43.2 0.209641 0.143044 0.057650 hargrave 2021-03-04 10:52:19 
TT 525 093.5 -38.1 093.5 -38.1 2.75E-05 003.2 133.5 -43.2 0.114353 0.095036 0.053821 hargrave 2021-03-04 16:33:56 
TT 550 096.5 -37.9 096.5 -37.9 2.66E-05 003.4 136.8 -43.1 0.114347 0.089962 0.075416 hargrave 2021-03-08 10:48:08 
TT 560 091.7 -36.4 091.7 -36.4 2.63E-05 003.5 131.9 -41.3 0.125996 0.088780 0.060936 hargrave 2021-03-08 16:21:52 
TT 570 096.5 -37.0 096.5 -37.0 2.58E-05 002.5 136.9 -42.2 0.085457 0.074200 0.038853 hargrave 2021-03-09 12:58:36 
TT 580 097.3 -34.0 097.3 -34.0 2.51E-05 003.8 138.1 -39.3 0.129305 0.100604 0.057950 hargrave 2021-03-09 17:59:48 
TT 590 093.6 -35.6 093.6 -35.6 2.49E-05 002.1 134.0 -40.6 0.032035 0.086519 0.027461 hargrave 2021-03-10 17:33:35 
TT 600 101.2 -34.4 101.2 -34.4 1.18E-05 048.5 142.3 -40.0 0.762532 0.590322 0.807766 hargrave 2021-03-11 17:40:48 
TT 600 096.1 -37.4 096.1 -37.4 2.32E-05 002.4 136.4 -42.6 0.085291 0.036631 0.037531 hargrave 2021-03-13 17:38:24 
TT 610 095.0 -31.9 095.0 -31.9 2.41E-05 004.6 135.9 -37.0 0.151996 0.119550 0.039577 hargrave 2021-03-14 15:06:49 
TT 620 099.0 -32.8 099.0 -32.8 2.19E-05 002.6 140.1 -38.3 0.070833 0.071335 0.038406 hargrave 2021-03-16 12:00:51 
TT 630 087.0 -30.4 087.0 -30.4 2.17E-05 003.3 127.7 -34.8 0.103510 0.068012 0.043147 hargrave 2021-03-16 17:49:41 
TT 640 093.7 -30.1 093.7 -30.1 2.02E-05 002.4 134.7 -35.2 0.034208 0.081847 0.028367 hargrave 2021-03-19 15:59:10 
TT 650 088.1 -17.0 088.1 -17.0 1.85E-05 006.1 130.5 -21.6 0.156730 0.115521 0.052246 hargrave 2021-03-22 17:00:12 
TT 660 088.0 -11.4 088.0 -11.4 1.63E-05 002.5 130.9 -16.1 0.047383 0.047114 0.037125 hargrave 2021-03-23 15:26:55 
TT 664 086.9 -06.1 086.9 -06.1 1.43E-05 003.7 130.3 -10.7 0.072384 0.055805 0.027235 hargrave 2021-03-24 11:29:12 
TT 667 084.1 -02.6 084.1 -02.6 8.50E-06 004.2 127.9 -06.9 0.037339 0.032237 0.041076 hargrave 2021-03-24 16:29:16 
TT 670 343.7 -14.1 343.7 -14.1 1.36E-05 001.7 027.2 -07.8 0.027112 0.026566 0.027556 hargrave 2021-03-25 18:50:04 
TT 670 065.4  09.7 065.4  09.7 9.83E-06 001.1 110.6  07.3 0.017656 0.014796 0.009796 hargrave 2021-03-25 21:00:42 
TT 672 074.4  06.8 074.4  06.8 9.91E-06 001.2 119.1  03.4 0.018795 0.016877 0.010444 hargrave 2021-03-26 14:57:39 
TT 674 075.2  06.9 075.2  06.9 1.06E-05 002.4 120.0  03.4 0.029985 0.028703 0.025231 hargrave 2021-03-29 11:04:38 
TT 676 059.9  04.3 059.9  04.3 9.50E-06 001.2 104.5  02.6 0.018098 0.015114 0.009927 hargrave 2021-03-29 17:56:20 
TT 678 061.4  27.0 061.4  27.0 3.44E-06 003.5 108.9  24.9 0.013221 0.018749 0.015752 hargrave 2021-03-30 15:15:15 
TT 679 055.2  00.4 055.2  00.4 6.51E-06 003.8 099.4 -00.7 0.039624 0.017025 0.014550 hargrave 2021-03-31 13:49:21 
TT 681 106.6  42.0 106.6  42.0 4.67E-06 002.7 153.4  35.8 0.010275 0.019111 0.009908 hargrave 2021-04-01 13:56:56 
TT 683 115.4  60.3 115.4  60.3 2.31E-06 002.6 163.1  53.6 0.007222 0.007073 0.019412 hargrave 2021-04-02 14:39:47 
TT 685 036.4  25.6 036.4  25.6 3.68E-06 002.3 084.1  26.6 0.011144 0.012042 0.006237 hargrave 2021-04-05 10:35:59 
TT 686 093.1  09.5 093.1  09.5 3.46E-06 003.2 137.9  04.3 0.009404 0.015595 0.010151 hargrave 2021-04-05 17:35:37 
