JK2- 4a mag compass orientation (IGRF corrected)
      0 288.8  37.0   0.0   0.0   1.0
NRM    110.8 -08.3 110.8 -08.3 3.35E-05 003.8 276.6 -05.5 0.197290 0.033954 0.107525 hargrave 2021-02-27 13:48:25 
TT 100 113.8 -10.8 113.8 -10.8 3.31E-05 002.5 280.4 -05.6 0.132519 0.027181 0.062346 hargrave 2021-02-28 14:09:43
TT 200 112.0 -14.1 112.0 -14.1 3.26E-05 001.3 281.1 -09.3 0.057061 0.023461 0.049829 hargrave 2021-03-01 13:14:35
TT 300 110.8 -17.1 110.8 -17.1 3.05E-05 005.7 282.1 -12.4 0.303061 0.045432 0.051098 hargrave 2021-03-02 08:45:04
TT 400 105.8 -13.4 105.8 -13.4 2.84E-05 003.2 275.8 -12.5 0.150914 0.089627 0.051893 hargrave 2021-03-02 14:51:57
TT 450 101.0 -08.6 101.0 -08.6 2.63E-05 003.2 269.0 -11.6 0.142213 0.014439 0.039227 hargrave 2021-03-03 12:59:14
TT 500 100.8 -08.3 100.8 -08.3 2.46E-05 004.0 268.6 -11.4 0.168940 0.047902 0.034231 hargrave 2021-03-04 10:47:57
TT 525 093.9 -03.1 093.9 -03.1 2.33E-05 004.5 259.8 -11.4 0.177742 0.059056 0.028653 hargrave 2021-03-04 16:28:50
TT 550 096.6 -07.2 096.6 -07.2 2.16E-05 003.2 264.6 -13.0 0.114427 0.056162 0.027486 hargrave 2021-03-08 10:41:21
TT 560 096.7 -03.6 096.7 -03.6 2.05E-05 002.6 262.5 -10.1 0.090071 0.056626 0.013419 hargrave 2021-03-08 16:16:43
TT 570 098.3 -03.3 098.3 -03.3 2.05E-05 002.7 263.5 -09.0 0.086208 0.055012 0.034355 hargrave 2021-03-09 12:54:33
TT 580 099.8 -01.8 099.8 -01.8 1.97E-05 006.6 263.9 -06.9 0.222797 0.053776 0.031953 hargrave 2021-03-09 17:54:54
TT 590 100.8 -01.7 100.8 -01.7 1.97E-05 005.1 264.6 -06.2 0.175540 0.042059 0.024146 hargrave 2021-03-10 17:29:32
TT 600 098.7  02.5 098.7  02.5 1.97E-05 005.0 260.4 -04.1 0.169506 0.059394 0.028277 hargrave 2021-03-11 17:36:45
TT 610 094.3 -00.6 094.3 -00.6 1.85E-05 003.3 258.7 -09.1 0.102484 0.058166 0.013766 hargrave 2021-03-14 15:01:58
TT 620 094.1  00.7 094.1  00.7 1.75E-05 003.0 257.7 -08.2 0.086249 0.055701 0.019114 hargrave 2021-03-16 11:56:48
TT 630 090.7  01.1 090.7  01.1 1.69E-05 004.4 254.7 -09.9 0.123241 0.060359 0.020133 hargrave 2021-03-16 17:43:12
TT 640 090.4  01.1 090.4  01.1 1.61E-05 004.7 254.4 -10.1 0.128502 0.066031 0.015529 hargrave 2021-03-19 15:54:18
TT 650 088.5  09.5 088.5  09.5 1.46E-05 002.8 248.1 -04.2 0.061575 0.059730 0.015624 hargrave 2021-03-22 16:56:05
TT 660 086.6  14.1 086.6  14.1 1.40E-05 005.2 244.0 -01.5 0.115618 0.057264 0.011655 hargrave 2021-03-23 15:22:52
TT 664 073.3  15.1 073.3  15.1 8.70E-06 001.7 232.4 -07.5 0.015212 0.014851 0.020601 hargrave 2021-03-24 11:25:05
TT 667 083.9  05.3 083.9  05.3 1.07E-05 003.2 246.7 -10.3 0.047832 0.025820 0.029958 hargrave 2021-03-24 16:25:13
TT 670 087.8  17.2 087.8  17.2 6.47E-06 003.3 243.2  01.7 0.027385 0.020680 0.017621 hargrave 2021-03-25 18:46:01
TT 672 087.8 -07.6 087.8 -07.6 7.23E-06 003.0 257.5 -18.6 0.036848 0.012334 0.006602 hargrave 2021-03-26 14:52:00
TT 674 096.8  05.0 096.8  05.0 7.79E-06 002.9 257.4 -03.1 0.037284 0.013586 0.008182 hargrave 2021-03-29 11:00:12
TT 676 076.0  42.4 076.0  42.4 5.54E-06 003.8 220.5  17.3 0.022381 0.027537 0.015370 hargrave 2021-03-29 17:50:24
TT 678 197.4 -10.7 197.4 -10.7 1.81E-06 012.8 358.5  26.3 0.006240 0.007845 0.042325 hargrave 2021-03-30 15:09:33
TT 678 200.0 -14.9 200.0 -14.9 1.78E-06 005.0 001.3  22.1 0.005029 0.005200 0.016687 hargrave 2021-03-30 16:12:17
TT 679 061.5  41.1 061.5  41.1 3.08E-06 003.6 211.4  11.0 0.012658 0.014155 0.007016 hargrave 2021-03-31 13:44:25
TT 681 112.2 -28.7 112.2 -28.7 4.08E-06 002.4 290.7 -20.6 0.015351 0.004236 0.007671 hargrave 2021-04-01 13:52:19
TT 683 060.8  46.7 060.8  46.7 1.89E-06 006.7 208.5  15.9 0.004061 0.003360 0.022610 hargrave 2021-04-02 14:36:53
TT 685 066.3  28.1 066.3  28.1 2.28E-06 001.9 220.6  01.0 0.004594 0.006284 0.003536 hargrave 2021-04-05 10:33:00
TT 686 304.1  45.2 304.1  45.2 2.77E-06 002.7 130.3  27.0 0.008820 0.005587 0.008645 hargrave 2021-04-05 17:32:49
