JK2- 6a mag compass orientation (IGRF corrected)
      0 158.8   6.0   0.0   0.0   1.0
NRM    105.4  00.2 105.4  00.2 6.12E-05 004.3 036.8  05.1 0.193412 0.352593 0.236149 hargrave 2021-02-27 13:17:20 
TT 100 111.5 -00.9 111.5 -00.9 6.17E-05 003.0 042.8  03.5 0.152564 0.212044 0.195645 hargrave 2021-02-28 14:13:22 
TT 200 114.5 -05.0 114.5 -05.0 6.29E-05 002.6 045.5 -00.8 0.133202 0.167531 0.198088 hargrave 2021-03-01 13:18:13 
TT 300 112.5 -07.1 112.5 -07.1 6.11E-05 002.6 043.4 -02.8 0.094785 0.149865 0.220371 hargrave 2021-03-02 08:48:06 
TT 400 115.3 -07.1 115.3 -07.1 5.43E-05 002.1 046.2 -03.0 0.079343 0.089884 0.167592 hargrave 2021-03-02 14:54:59 
TT 450 113.4 -07.4 113.4 -07.4 5.11E-05 003.4 044.2 -03.2 0.168845 0.191623 0.163892 hargrave 2021-03-03 13:02:52 
TT 500 111.8 -08.8 111.8 -08.8 4.85E-05 006.1 042.5 -04.4 0.330805 0.371312 0.162475 hargrave 2021-03-04 10:50:48 
TT 525 111.6 -07.8 111.6 -07.8 4.66E-05 005.0 042.4 -03.4 0.248772 0.290014 0.152575 hargrave 2021-03-04 16:32:26 
TT 550 111.2 -08.0 111.2 -08.0 4.38E-05 001.8 042.0 -03.6 0.043512 0.023093 0.131835 hargrave 2021-03-08 10:45:47 
TT 560 112.0 -09.7 112.0 -09.7 4.29E-05 001.9 042.7 -05.4 0.044663 0.031599 0.132648 hargrave 2021-03-08 16:19:33 
TT 570 113.0 -09.3 113.0 -09.3 4.23E-05 001.5 043.7 -05.0 0.029488 0.024261 0.107433 hargrave 2021-03-09 12:57:09 
TT 580 109.9 -09.4 109.9 -09.4 4.23E-05 001.6 040.6 -04.9 0.049020 0.036738 0.109082 hargrave 2021-03-09 17:57:31 
TT 590 112.4 -08.5 112.4 -08.5 4.28E-05 004.7 043.1 -04.1 0.234751 0.243887 0.098567 hargrave 2021-03-10 17:32:09 
TT 600 112.6 -09.2 112.6 -09.2 4.02E-05 004.1 043.3 -04.8 0.186058 0.199126 0.096826 hargrave 2021-03-11 17:39:21 
TT 610 111.5 -09.1 111.5 -09.1 3.83E-05 002.1 042.2 -04.7 0.064344 0.069711 0.100850 hargrave 2021-03-14 15:05:22 
TT 620 112.6 -09.2 112.6 -09.2 3.80E-05 002.3 043.3 -04.8 0.079526 0.089085 0.099568 hargrave 2021-03-16 11:59:24 
TT 630 113.3 -09.9 113.3 -09.9 3.80E-05 004.7 043.9 -05.6 0.207768 0.213068 0.092422 hargrave 2021-03-16 17:47:25 
TT 640 109.1 -08.2 109.1 -08.2 3.56E-05 005.6 039.9 -03.6 0.213436 0.256010 0.094812 hargrave 2021-03-19 15:57:43 
TT 650 111.6 -06.0 111.6 -06.0 2.94E-05 003.8 042.5 -01.6 0.127035 0.136392 0.077402 hargrave 2021-03-22 16:58:45 
TT 660 109.0 -11.8 109.0 -11.8 2.35E-05 002.1 039.5 -07.2 0.056885 0.047878 0.060051 hargrave 2021-03-23 15:25:29 
TT 664 100.3 -10.9 100.3 -10.9 1.71E-05 005.9 031.0 -05.8 0.087741 0.141484 0.067080 hargrave 2021-03-24 11:27:44 
TT 667 096.9 -15.3 096.9 -15.3 9.08E-06 002.5 027.5 -10.0 0.027108 0.023533 0.027153 hargrave 2021-03-24 16:27:49 
TT 670 316.2 -26.4 316.2 -26.4 1.05E-05 018.3 250.3 -28.5 0.322698 0.131132 0.016844 hargrave 2021-03-25 18:48:38 
TT 670 090.2 -14.1 090.2 -14.1 1.36E-05 003.6 020.9 -08.5 0.036278 0.060361 0.055342 hargrave 2021-03-25 20:59:15 
TT 672 119.1 -12.0 119.1 -12.0 1.15E-05 004.4 049.5 -08.1 0.064384 0.045376 0.045692 hargrave 2021-03-26 14:56:12 
TT 674 108.9 -09.3 108.9 -09.3 1.26E-05 005.0 039.6 -04.7 0.075009 0.077680 0.035177 hargrave 2021-03-29 11:03:05 
TT 676 131.2 -15.9 131.2 -15.9 7.94E-06 004.0 061.1 -13.0 0.040550 0.019064 0.033407 hargrave 2021-03-29 17:54:50 
TT 678 068.0 -05.9 068.0 -05.9 6.44E-06 003.1 359.2  00.1 0.013559 0.021578 0.026206 hargrave 2021-03-30 15:13:47 
TT 679 152.7  62.0 152.7  62.0 7.95E-07 004.9 095.2  62.1 0.003637 0.005223 0.002987 hargrave 2021-03-31 13:47:52 
TT 681 195.4 -02.2 195.4 -02.2 4.51E-07 004.8 126.3 -05.8 0.006603 0.003803 0.001953 hargrave 2021-04-01 13:55:46 
TT 683 017.2 -20.3 017.2 -20.3 7.14E-06 004.9 309.9 -16.6 0.045232 0.036132 0.022007 hargrave 2021-04-02 14:38:18 
TT 685 198.2  30.0 198.2  30.0 5.32E-06 001.3 131.8  26.1 0.009624 0.010238 0.003926 hargrave 2021-04-05 10:34:29 
TT 686 177.3  16.2 177.3  16.2 4.33E-06 003.0 110.0  14.3 0.009494 0.008086 0.021890 hargrave 2021-04-05 17:34:11 
