JK2- 8a mag compass orientation (IGRF corrected)
      0 174.8   8.0   0.0   0.0   1.0
NRM    094.2  06.6 094.2  06.6 2.51E-05 001.8 009.7  14.5 0.023101 0.078034 0.020241 hargrave 2021-02-27 13:20:09 
TT 100 095.2  05.8 095.2  05.8 2.47E-05 002.1 010.7  13.6 0.059298 0.082104 0.037769 hargrave 2021-02-28 14:16:21 
TT 200 100.4  02.7 100.4  02.7 2.43E-05 004.0 015.9  10.4 0.076022 0.155460 0.037541 hargrave 2021-03-01 13:21:11 
TT 300 101.1  01.6 101.1  01.6 2.33E-05 002.6 016.5  09.2 0.068219 0.102757 0.018851 hargrave 2021-03-02 08:50:33 
TT 400 103.8  00.8 103.8  00.8 2.17E-05 002.9 019.2  08.4 0.078699 0.108860 0.032836 hargrave 2021-03-02 14:57:26 
TT 450 103.0  00.5 103.0  00.5 1.98E-05 002.4 018.4  08.1 0.037785 0.075126 0.032181 hargrave 2021-03-03 13:05:50 
TT 500 101.7  01.7 101.7  01.7 1.88E-05 001.6 017.1  09.4 0.036369 0.041413 0.028581 hargrave 2021-03-04 10:53:46 
TT 525 100.8  01.1 100.8  01.1 1.86E-05 001.9 016.2  08.8 0.036913 0.055721 0.029452 hargrave 2021-03-04 16:35:23 
TT 550 105.1 -00.5 105.1 -00.5 1.68E-05 001.6 020.5  07.0 0.034963 0.032320 0.032317 hargrave 2021-03-08 10:49:36 
TT 560 105.7 -02.7 105.7 -02.7 1.64E-05 002.5 021.0  04.8 0.039325 0.059555 0.031819 hargrave 2021-03-08 16:23:20 
TT 570 107.6 -00.3 107.6 -00.3 1.61E-05 003.7 023.0  07.0 0.050691 0.089401 0.033366 hargrave 2021-03-09 13:00:07 
TT 580 105.1 -02.1 105.1 -02.1 1.61E-05 006.8 020.4  05.4 0.068779 0.179604 0.035692 hargrave 2021-03-09 18:01:18 
TT 590 107.3 -03.7 107.3 -03.7 1.61E-05 001.9 022.5  03.7 0.033479 0.035795 0.037075 hargrave 2021-03-10 17:35:06 
TT 600 105.3 -04.8 105.3 -04.8 1.41E-05 004.1 020.4  02.7 0.036064 0.092196 0.034753 hargrave 2021-03-11 17:42:18 
TT 610 110.5 -05.6 110.5 -05.6 1.32E-05 004.2 025.6  01.6 0.040428 0.084959 0.037964 hargrave 2021-03-14 15:08:20 
TT 620 107.8 -07.0 107.8 -07.0 1.23E-05 002.5 022.8  00.4 0.030756 0.046059 0.016953 hargrave 2021-03-16 12:02:22 
TT 630 108.7 -07.6 108.7 -07.6 1.29E-05 003.5 023.7 -00.3 0.035049 0.071780 0.017686 hargrave 2021-03-16 17:51:13 
TT 640 114.4 -03.7 114.4 -03.7 1.13E-05 004.5 029.6  03.2 0.042642 0.074357 0.035237 hargrave 2021-03-19 16:00:41 
TT 650 115.6 -01.3 115.6 -01.3 9.66E-06 004.2 030.9  05.6 0.037287 0.061430 0.013039 hargrave 2021-03-22 17:01:44 
TT 660 133.8 -00.8 133.8 -00.8 5.44E-06 003.3 049.2  04.4 0.023446 0.022134 0.007356 hargrave 2021-03-23 15:28:26 
TT 664 117.2  02.8 117.2  02.8 4.52E-06 005.4 032.8  09.5 0.011512 0.011675 0.040430 hargrave 2021-03-24 11:30:43 
TT 667 117.4 -12.1 117.4 -12.1 4.10E-06 003.2 032.0 -05.3 0.007846 0.014818 0.018435 hargrave 2021-03-24 16:30:46 
TT 670 195.9  11.0 195.9  11.0 9.83E-06 005.1 112.3  08.1 0.073641 0.048958 0.020131 hargrave 2021-03-25 18:51:34 
TT 670 102.2 -00.8 102.2 -00.8 2.44E-06 005.7 017.6  06.9 0.008212 0.015614 0.017624 hargrave 2021-03-25 21:02:12 
TT 672 150.1 -36.4 150.1 -36.4 1.95E-06 004.9 060.4 -32.7 0.003025 0.004299 0.019839 hargrave 2021-03-26 14:59:09 
TT 674 138.5 -09.2 138.5 -09.2 4.23E-06 005.9 053.0 -04.4 0.035627 0.025726 0.005710 hargrave 2021-03-29 11:06:08 
TT 676 153.3 -28.3 153.3 -28.3 2.14E-06 010.5 064.8 -25.2 0.005896 0.003638 0.044453 hargrave 2021-03-29 17:57:47 
TT 676 155.3 -18.4 155.3 -18.4 2.04E-06 002.1 068.2 -15.6 0.006478 0.004163 0.003080 hargrave 2021-03-30 09:45:11 
TT 678 106.8 -59.5 106.8 -59.5 1.15E-06 005.3 018.0 -51.9 0.003836 0.003492 0.021533 hargrave 2021-03-30 15:17:34 
TT 679 119.3 -30.4 119.3 -30.4 1.70E-06 003.8 032.2 -23.7 0.006220 0.009354 0.001911 hargrave 2021-03-31 13:50:53 
TT 681 161.9  28.7 161.9  28.7 1.10E-06 001.8 081.5  30.2 0.003092 0.001748 0.000968 hargrave 2021-04-01 13:58:09 
TT 683 140.1 -78.4 140.1 -78.4 8.29E-07 004.5 033.6 -72.5 0.002001 0.002446 0.019159 hargrave 2021-04-02 14:41:20 
TT 685 138.8 -10.9 138.8 -10.9 4.28E-06 002.8 053.1 -06.1 0.017094 0.014404 0.003574 hargrave 2021-04-05 10:37:32 
TT 686 160.1 -24.3 160.1 -24.3 2.62E-06 008.2 072.0 -22.1 0.005463 0.004652 0.039735 hargrave 2021-04-05 17:37:07 
