JK2- 3a mag compass orientation (IGRF corrected)
   30.6 184.8   5.0 156.0   7.0   1.0
NRM    105.0 002.5 105.4 007.9 6.19E-05 001.8 010.3 007.4 0.073502 0.116301 0.157315 hargrave 2021-02-27 13:14:22 
TT 100 102.6 001.5 102.9 007.2 6.17E-05 001.9 007.8 006.5 0.033664 0.141112 0.143282 hargrave 2021-02-28 14:07:55 
TT 200 104.2 -02.0 104.2 003.5 6.12E-05 002.8 009.4 002.9 0.036709 0.265048 0.154462 hargrave 2021-03-01 13:12:48 
TT 300 103.3 -04.8 103.2 000.7 5.85E-05 003.7 008.5 000.1 0.030338 0.350609 0.144312 hargrave 2021-03-01 18:12:00 
TT 400 099.3 -04.5 099.2 001.4 5.41E-05 002.8 004.5 000.5 0.035282 0.228397 0.137169 hargrave 2021-03-02 14:50:27 
TT 450 098.2 -05.0 098.1 000.9 5.16E-05 002.8 003.4 -00.0 0.047037 0.222762 0.120287 hargrave 2021-03-03 12:57:26 
TT 500 096.7 -05.2 096.6 000.8 4.98E-05 001.4 001.9 -00.2 0.055816 0.028324 0.114548 hargrave 2021-03-04 10:46:10 
TT 525 097.1 -06.0 096.9 000.0 4.86E-05 001.8 002.3 -01.0 0.072877 0.101987 0.109233 hargrave 2021-03-04 16:27:02 
TT 550 097.6 -04.5 097.5 001.5 4.73E-05 001.8 002.8 000.5 0.067734 0.101019 0.107951 hargrave 2021-03-08 10:39:33 
TT 560 094.4 -05.1 094.3 001.1 4.66E-05 002.2 359.6 -00.1 0.069093 0.145955 0.102341 hargrave 2021-03-08 16:14:56 
TT 570 092.7 -03.7 092.7 002.6 4.54E-05 002.5 357.9 001.3 0.072921 0.180996 0.080638 hargrave 2021-03-09 12:53:04 
TT 580 095.5 -04.6 095.4 001.5 4.42E-05 002.0 000.7 000.4 0.064664 0.133290 0.072102 hargrave 2021-03-09 17:53:24 
TT 590 095.5 -03.8 095.5 002.3 4.29E-05 002.3 000.7 001.2 0.063093 0.155521 0.068988 hargrave 2021-03-10 17:28:02 
TT 600 092.6 -05.1 092.5 001.2 3.94E-05 002.3 357.8 -00.1 0.050771 0.147303 0.065463 hargrave 2021-03-11 17:35:15 
TT 610 094.5 -04.7 094.4 001.5 3.54E-05 003.0 359.7 000.3 0.055835 0.178699 0.057488 hargrave 2021-03-14 15:00:27 
TT 620 094.1 -05.4 094.0 000.8 3.30E-05 002.1 359.3 -00.4 0.056114 0.109402 0.053765 hargrave 2021-03-16 11:55:17 
TT 630 093.3 -06.6 093.1 -00.4 3.21E-05 001.2 358.5 -01.6 0.054732 0.034016 0.058650 hargrave 2021-03-16 17:41:42 
TT 640 090.7 -06.2 090.5 000.2 3.19E-05 002.6 355.9 -01.2 0.028576 0.133742 0.055166 hargrave 2021-03-19 15:52:48 
TT 650 075.4 -06.1 075.3 000.8 2.48E-05 003.3 340.7 -01.4 0.051171 0.136404 0.034003 hargrave 2021-03-22 16:54:33 
TT 660 067.2 -13.1 067.1 -06.1 1.72E-05 002.2 332.8 -08.7 0.038926 0.058546 0.019861 hargrave 2021-03-23 15:21:21 
TT 664 087.4 -13.9 086.9 -07.3 1.45E-05 002.4 352.7 -08.9 0.026038 0.054901 0.024211 hargrave 2021-03-24 11:23:33 
TT 667 050.4 -13.4 050.7 -06.6 1.11E-05 003.9 316.3 -09.8 0.056053 0.052961 0.014069 hargrave 2021-03-24 16:23:43 
TT 670 097.1 -13.8 096.5 -07.8 8.28E-06 003.7 002.3 -08.8 0.014689 0.052800 0.009317 hargrave 2021-03-25 18:44:31 
TT 672 138.1 -28.0 134.7 -25.6 5.83E-06 001.4 041.6 -24.3 0.008755 0.013023 0.006311 hargrave 2021-03-26 14:50:30 
TT 674 123.4 -09.9 122.6 -06.1 7.18E-06 002.0 028.3 -05.5 0.012628 0.020167 0.014663 hargrave 2021-03-29 10:58:21 
TT 676 122.7 -27.8 119.9 -23.9 5.57E-06 003.9 026.8 -23.4 0.017711 0.033311 0.013792 hargrave 2021-03-29 17:48:37 
TT 678 190.8 005.4 191.2 001.4 8.27E-06 002.1 096.5 004.9 0.027873 0.013217 0.012838 hargrave 2021-03-30 15:08:01 
TT 679 196.2 -06.1 195.4 -10.6 4.83E-06 003.9 100.8 -07.1 0.023566 0.012634 0.022024 hargrave 2021-03-31 13:42:54 
TT 681 071.0 -03.6 071.0 003.4 3.16E-06 003.4 336.2 001.0 0.006236 0.017884 0.003972 hargrave 2021-04-01 13:51:07 
