JK2- 10a mag compass orientation (IGRF corrected)
      0 149.8   4.0   0.0   0.0   1.0
NRM    099.5 -05.0 099.5 -05.0 7.21E-05 004.0 039.6 -01.9 0.327464 0.388630 0.046399 hargrave 2021-02-27 13:23:00 
TT 100 103.0 -06.1 103.0 -06.1 6.91E-05 000.7 043.0 -03.1 0.061209 0.082222 0.050240 hargrave 2021-02-28 14:19:19 
TT 200 105.2 -07.3 105.2 -07.3 6.72E-05 001.5 045.1 -04.5 0.112959 0.140341 0.045484 hargrave 2021-03-01 13:24:08 
TT 300 103.4 -06.2 103.4 -06.2 6.25E-05 004.5 043.4 -03.3 0.339217 0.357876 0.044196 hargrave 2021-03-02 08:52:57 
TT 400 105.3 -04.8 105.3 -04.8 5.50E-05 001.9 045.3 -02.0 0.128374 0.147138 0.034392 hargrave 2021-03-02 14:59:51 
TT 450 107.1 -04.2 107.1 -04.2 5.15E-05 002.1 047.1 -01.5 0.167715 0.116867 0.033779 hargrave 2021-03-03 13:08:51 
TT 500 111.6 -05.1 111.6 -05.1 4.44E-05 001.2 051.6 -02.6 0.115557 0.034095 0.033268 hargrave 2021-03-04 10:56:43 
TT 525 111.1 -04.2 111.1 -04.2 4.65E-05 000.5 051.2 -01.7 0.051583 0.065066 0.028800 hargrave 2021-03-04 16:38:20 
TT 550 102.1 -03.9 102.1 -03.9 4.12E-05 002.0 042.1 -01.0 0.079329 0.130542 0.025880 hargrave 2021-03-08 10:52:33 
TT 560 110.0 -04.4 110.0 -04.4 4.13E-05 000.8 050.0 -01.9 0.044471 0.082347 0.028456 hargrave 2021-03-08 16:26:17 
TT 570 099.9 -04.1 099.9 -04.1 3.84E-05 001.0 040.0 -01.0 0.029983 0.080852 0.026018 hargrave 2021-03-09 13:03:22 
TT 580 106.3 -02.7 106.3 -02.7 3.57E-05 001.1 046.4  00.1 0.085048 0.048752 0.023211 hargrave 2021-03-09 18:04:34 
TT 590 107.6 -02.2 107.6 -02.2 4.10E-05 001.2 047.8  00.5 0.047199 0.102005 0.026532 hargrave 2021-03-10 17:38:22 
TT 600 113.3 -02.0 113.3 -02.0 3.20E-05 002.8 053.4  00.4 0.145284 0.083040 0.034207 hargrave 2021-03-11 17:45:34 
TT 610 108.2 -02.6 108.2 -02.6 3.57E-05 001.8 048.3  00.0 0.059532 0.110364 0.033981 hargrave 2021-03-14 15:11:35 
TT 620 113.2 -01.8 113.2 -01.8 3.12E-05 006.6 053.4  00.6 0.310577 0.195189 0.037740 hargrave 2021-03-16 12:05:38 
TT 630 098.9 -01.4 098.9 -01.4 3.41E-05 001.5 039.2  01.8 0.038478 0.084166 0.021887 hargrave 2021-03-16 17:55:17 
TT 640 105.1 -02.4 105.1 -02.4 2.60E-05 005.6 045.2  00.4 0.210592 0.159698 0.018312 hargrave 2021-03-19 16:04:46 
TT 650 093.7  00.2 093.7  00.2 2.36E-05 001.6 033.9  03.5 0.048862 0.052913 0.014876 hargrave 2021-03-22 17:05:02 
TT 660 119.4 -07.3 119.4 -07.3 1.09E-05 002.8 059.3 -05.3 0.069250 0.036806 0.028302 hargrave 2021-03-23 15:31:44 
TT 664 120.4  03.4 120.4  03.4 1.31E-05 004.3 060.9  05.3 0.086476 0.034092 0.045687 hargrave 2021-03-24 11:34:05 
TT 667 081.9 -16.2 081.9 -16.2 2.11E-06 016.3 021.7 -12.5 0.008183 0.061346 0.012492 hargrave 2021-03-24 16:34:02 
TT 667 047.9 -12.1 047.9 -12.1 2.81E-06 002.7 348.3 -08.2 0.006915 0.012554 0.003897 hargrave 2021-03-25 14:26:06 
TT 670 145.9 -08.5 145.9 -08.5 4.78E-06 009.6 085.5 -08.2 0.082087 0.010632 0.004112 hargrave 2021-03-25 18:54:50 
TT 670 105.0 -10.5 105.0 -10.5 9.91E-06 003.0 044.8 -07.7 0.021120 0.042810 0.028728 hargrave 2021-03-25 21:05:28 
TT 672 155.3  04.5 155.3  04.5 8.12E-06 001.5 095.8  04.1 0.018145 0.063183 0.016792 hargrave 2021-03-26 15:02:25 
TT 674 123.8 -02.8 123.8 -02.8 7.90E-06 002.7 063.9 -01.0 0.017295 0.063191 0.006764 hargrave 2021-03-29 11:09:11 
TT 676 132.1 -16.2 132.1 -16.2 6.40E-06 005.7 071.2 -14.9 0.044154 0.065559 0.021233 hargrave 2021-03-29 18:00:43 
TT 678 075.8 -28.4 075.8 -28.4 6.36E-06 003.9 015.4 -24.6 0.012604 0.028359 0.031732 hargrave 2021-03-30 15:20:51 
TT 679 125.9 -24.5 125.9 -24.5 6.27E-06 007.5 064.5 -22.8 0.082258 0.025204 0.032208 hargrave 2021-03-31 13:54:11 
TT 681 143.8 -37.8 143.8 -37.8 3.41E-06 008.3 080.9 -37.3 0.007259 0.064310 0.011270 hargrave 2021-04-01 14:00:57 
TT 681 133.3 -48.0 133.3 -48.0 2.97E-06 004.8 069.3 -46.7 0.026031 0.010670 0.002621 hargrave 2021-04-01 15:40:09 
TT 683 320.4 -52.7 320.4 -52.7 4.67E-06 003.1 265.9 -53.2 0.016537 0.049023 0.045398 hargrave 2021-04-02 14:44:40 
TT 685 113.9 -14.9 113.9 -14.9 4.84E-06 004.6 053.3 -12.5 0.010424 0.055617 0.004369 hargrave 2021-04-05 10:40:35 
TT 686 303.1 -41.4 303.1 -41.4 2.78E-06 006.7 246.6 -43.1 0.007664 0.051496 0.021751 hargrave 2021-04-05 17:40:26 
