JK2- 9a mag compass orientation (IGRF corrected)
      0  93.8   2.0   0.0   0.0   1.0
NRM    119.6 -05.6 119.6 -05.6 4.67E-05 001.1 115.6 -06.5 0.068937 0.058035 0.065122 hargrave 2021-02-27 13:49:59 
TT 100 117.4 -06.5 117.4 -06.5 4.78E-05 000.8 113.4 -07.3 0.047936 0.074202 0.040676 hargrave 2021-02-28 14:17:48
TT 200 122.3 -08.3 122.3 -08.3 4.91E-05 002.7 118.2 -09.2 0.201270 0.097252 0.082626 hargrave 2021-03-01 13:22:38
TT 300 120.2 -08.6 120.2 -08.6 4.71E-05 001.5 116.1 -09.5 0.125050 0.076437 0.063681 hargrave 2021-03-02 08:51:42
TT 400 125.0 -08.0 125.0 -08.0 4.24E-05 001.9 120.9 -09.1 0.121055 0.061740 0.069166 hargrave 2021-03-02 14:58:39
TT 450 120.7 -08.7 120.7 -08.7 4.05E-05 002.1 116.6 -09.6 0.132106 0.069695 0.048681 hargrave 2021-03-03 13:07:17
TT 500 120.6 -08.4 120.6 -08.4 3.80E-05 002.3 116.5 -09.3 0.128380 0.066595 0.049067 hargrave 2021-03-04 10:55:13
TT 525 121.4 -08.4 121.4 -08.4 3.70E-05 001.6 117.4 -09.3 0.083797 0.050846 0.049279 hargrave 2021-03-04 16:36:50
TT 550 123.0 -08.9 123.0 -08.9 3.48E-05 001.4 118.9 -09.8 0.049844 0.042094 0.061652 hargrave 2021-03-08 10:51:03
TT 560 121.5 -08.7 121.5 -08.7 3.48E-05 001.1 117.4 -09.6 0.031664 0.032019 0.054765 hargrave 2021-03-08 16:24:46
TT 570 120.8 -08.2 120.8 -08.2 3.21E-05 003.2 116.7 -09.1 0.147781 0.087465 0.063454 hargrave 2021-03-09 13:01:51
TT 580 122.4 -07.9 122.4 -07.9 3.11E-05 001.8 118.3 -08.9 0.089327 0.040012 0.040691 hargrave 2021-03-09 18:03:03
TT 590 118.6 -06.8 118.6 -06.8 3.11E-05 003.7 114.5 -07.7 0.174256 0.094788 0.033152 hargrave 2021-03-10 17:36:49
TT 600 121.4 -05.9 121.4 -05.9 2.86E-05 001.9 117.4 -06.8 0.078737 0.052116 0.036120 hargrave 2021-03-11 17:44:02
TT 610 119.4 -05.9 119.4 -05.9 2.71E-05 001.9 115.4 -06.7 0.079839 0.030756 0.044090 hargrave 2021-03-14 15:10:03
TT 620 120.9 -06.3 120.9 -06.3 2.89E-05 001.8 116.9 -07.2 0.075608 0.046120 0.047917 hargrave 2021-03-16 12:04:06
TT 630 116.6 -06.5 116.6 -06.5 2.59E-05 001.6 112.5 -07.3 0.059270 0.042253 0.028874 hargrave 2021-03-16 17:52:56
TT 640 121.0 -05.0 121.0 -05.0 2.44E-05 001.6 117.0 -05.9 0.051318 0.056664 0.029280 hargrave 2021-03-19 16:02:25
TT 650 114.2 -02.7 114.2 -02.7 2.08E-05 003.0 110.3 -03.4 0.095265 0.057975 0.020831 hargrave 2021-03-22 17:03:29
TT 660 120.3 -07.6 120.3 -07.6 1.41E-05 001.3 116.2 -08.5 0.029066 0.026328 0.009698 hargrave 2021-03-23 15:30:10
TT 664 100.2 -14.3 100.2 -14.3 8.63E-06 003.0 095.9 -14.5 0.043618 0.018665 0.008290 hargrave 2021-03-24 11:32:31
TT 667 106.9 -09.7 106.9 -09.7 5.59E-06 002.0 102.7 -10.2 0.013938 0.013796 0.014187 hargrave 2021-03-24 16:32:31
TT 670 017.5  09.7 017.5  09.7 2.51E-06 003.7 013.8  11.6 0.005768 0.015593 0.002702 hargrave 2021-03-25 18:53:18
TT 670 082.4 -11.0 082.4 -11.0 4.91E-06 003.5 078.3 -10.6 0.010873 0.011016 0.025865 hargrave 2021-03-25 21:03:56
TT 672 083.9 -29.6 083.9 -29.6 4.66E-06 003.7 079.0 -29.2 0.011684 0.011727 0.026039 hargrave 2021-03-26 15:00:53
TT 674 093.0 -17.5 093.0 -17.5 7.53E-06 002.3 088.5 -17.5 0.030284 0.017485 0.005420 hargrave 2021-03-29 11:07:39
TT 676 101.4 -08.9 101.4 -08.9 6.59E-06 002.9 097.3 -09.2 0.013978 0.016943 0.028046 hargrave 2021-03-29 17:59:14
TT 678 057.7  09.1 057.7  09.1 3.20E-06 007.1 054.1  10.3 0.022953 0.006226 0.032697 hargrave 2021-03-30 15:19:19
TT 679 122.4 -25.6 122.4 -25.6 2.66E-06 006.6 117.8 -26.5 0.021068 0.024453 0.003198 hargrave 2021-03-31 13:52:38
TT 681 248.3 -07.0 248.3 -07.0 2.99E-06 004.0 244.8 -07.9 0.023497 0.007720 0.001976 hargrave 2021-04-01 13:59:39
TT 683 253.1  22.9 253.1  22.9 1.85E-06 004.0 248.5  22.2 0.007636 0.013683 0.001943 hargrave 2021-04-02 14:43:07
TT 685 123.7 -00.3 123.7 -00.3 5.32E-06 004.1 119.9 -01.3 0.029388 0.026409 0.007941 hargrave 2021-04-05 10:39:05
TT 686 163.5  09.4 163.5  09.4 5.53E-06 003.2 159.8  07.5 0.011264 0.026033 0.017959 hargrave 2021-04-05 17:38:39
