JK3- 4a mag compass orientation (IGRF corrected)
      0 292.8  64.0   0.0   0.0   1.0
NRM    101.2  04.4 101.2  04.4 7.04E-05 002.2 260.9 -08.4 0.259546 0.078726 0.062626 hargrave 2021-02-27 13:31:24 
TT 100 101.0  03.7 101.0  03.7 6.92E-05 003.0 261.4 -08.9 0.337642 0.081642 0.143190 hargrave 2021-02-28 14:25:17 
TT 200 100.9  01.2 100.9  01.2 6.72E-05 001.3 263.7 -10.2 0.105497 0.069562 0.110432 hargrave 2021-03-01 13:30:03 
TT 300 100.0  01.5 100.0  01.5 6.26E-05 001.4 262.9 -10.8 0.094416 0.059025 0.126719 hargrave 2021-03-02 08:57:47 
TT 400 098.4  02.6 098.4  02.6 5.44E-05 001.7 261.3 -11.7 0.119886 0.073529 0.108139 hargrave 2021-03-02 15:04:43 
TT 450 098.1  03.2 098.1  03.2 5.16E-05 002.8 260.5 -11.7 0.232122 0.067944 0.103486 hargrave 2021-03-03 13:14:48 
TT 500 098.5  00.7 098.5  00.7 4.98E-05 002.2 263.0 -12.5 0.161813 0.056523 0.097082 hargrave 2021-03-04 11:02:39 
TT 525 096.6  02.6 096.6  02.6 4.71E-05 001.7 260.4 -13.3 0.088445 0.064580 0.100291 hargrave 2021-03-04 16:44:13 
TT 550 096.9  00.8 096.9  00.8 4.52E-05 004.1 262.2 -13.9 0.302216 0.081168 0.092049 hargrave 2021-03-08 10:59:17 
TT 560 095.8 -00.1 095.8 -00.1 4.39E-05 001.3 262.5 -15.3 0.062109 0.054993 0.077239 hargrave 2021-03-08 16:32:10 
TT 570 096.4  00.3 096.4  00.3 4.24E-05 001.8 262.4 -14.6 0.084004 0.045412 0.097076 hargrave 2021-03-09 13:09:31 
TT 580 095.5  01.7 095.5  01.7 4.05E-05 002.0 260.7 -14.7 0.103746 0.043393 0.088667 hargrave 2021-03-09 18:10:44 
TT 590 095.6 -00.0 095.6 -00.0 3.96E-05 002.1 262.3 -15.4 0.106339 0.054633 0.085719 hargrave 2021-03-10 17:44:31 
TT 600 094.9  00.6 094.9  00.6 3.96E-05 001.9 261.4 -15.7 0.110200 0.032082 0.076493 hargrave 2021-03-11 17:51:42 
TT 610 096.7 -02.6 096.7 -02.6 3.92E-05 001.5 265.3 -15.6 0.048866 0.043976 0.084444 hargrave 2021-03-14 15:17:45 
TT 620 094.3 -01.6 094.3 -01.6 3.78E-05 001.6 263.2 -17.3 0.053644 0.046397 0.087574 hargrave 2021-03-16 12:11:47 
TT 630 090.7  01.9 090.7  01.9 3.46E-05 002.6 258.1 -18.8 0.126650 0.065008 0.071828 hargrave 2021-03-16 18:01:26 
TT 640 090.5 -02.6 090.5 -02.6 2.92E-05 002.6 262.3 -21.2 0.113720 0.028493 0.071933 hargrave 2021-03-19 16:10:55 
TT 650 083.0  00.6 083.0  00.6 1.95E-05 002.3 255.3 -26.3 0.066287 0.024186 0.042580 hargrave 2021-03-22 17:11:16 
TT 660 076.3  03.3 076.3  03.3 1.57E-05 001.9 248.8 -30.5 0.047944 0.019841 0.021587 hargrave 2021-03-23 15:37:54 
TT 664 083.5 -03.0 083.5 -03.0 1.27E-05 003.2 259.1 -27.5 0.057947 0.015745 0.041151 hargrave 2021-03-24 11:40:18 
TT 667 085.7  02.6 085.7  02.6 1.38E-05 001.8 254.8 -22.9 0.037195 0.018175 0.024238 hargrave 2021-03-24 16:40:14 
TT 670 070.7  09.5 070.7  09.5 9.88E-06 002.8 239.1 -31.4 0.021671 0.023941 0.039531 hargrave 2021-03-25 19:00:59 
TT 670 069.6  10.0 069.6  10.0 9.88E-06 002.7 237.8 -32.0 0.017564 0.016037 0.043517 hargrave 2021-03-25 21:11:37 
TT 672 064.4  06.9 064.4  06.9 9.99E-06 003.1 236.7 -37.9 0.024316 0.031046 0.038935 hargrave 2021-03-26 15:08:34 
TT 674 071.3 -02.1 071.3 -02.1 7.55E-06 001.6 251.0 -37.7 0.012582 0.011797 0.014209 hargrave 2021-03-29 11:15:19 
TT 676 077.3  00.7 077.3  00.7 6.04E-06 005.4 251.9 -31.1 0.051318 0.010463 0.024020 hargrave 2021-03-29 18:06:38 
TT 678 081.0  16.0 081.0  16.0 3.23E-06 002.1 240.1 -19.5 0.008789 0.005817 0.006930 hargrave 2021-03-30 15:27:02 
TT 679 074.5  01.5 074.5  01.5 3.77E-06 003.6 249.3 -33.1 0.018541 0.006193 0.016881 hargrave 2021-03-31 14:00:25 
TT 681 095.9  04.1 095.9  04.1 5.13E-06 004.2 258.6 -13.2 0.036228 0.005585 0.011025 hargrave 2021-04-01 14:06:07 
TT 683 033.5 -10.8 033.5 -10.8 4.48E-06 003.0 215.6 -71.8 0.005507 0.009563 0.046811 hargrave 2021-04-02 14:52:34 
TT 685 040.5  61.1 040.5  61.1 2.05E-06 009.4 188.5 -01.8 0.011558 0.030397 0.012530 hargrave 2021-04-05 10:49:01 
TT 686 012.5  29.0 012.5  29.0 2.35E-06 001.1 169.1 -34.1 0.004882 0.003516 0.002116 hargrave 2021-04-05 17:47:43 
