JK3- 2a mag compass orientation (IGRF corrected)
   31.2 288.8  69.0 198.0  17.0   1.0
NRM    102.1 010.0 101.4 026.9 8.75E-05 003.2 258.2 -02.6 0.428968 0.129881 0.203259 hargrave 2021-02-27 13:26:17 
TT 100 103.5 005.8 103.1 022.7 8.77E-05 002.4 262.7 -02.9 0.294830 0.082132 0.205091 hargrave 2021-02-28 14:22:18 
TT 200 101.9 007.3 101.3 024.2 8.53E-05 004.2 260.7 -03.8 0.597170 0.098077 0.168942 hargrave 2021-03-01 13:27:05 
TT 300 102.3 003.9 102.0 020.8 7.96E-05 001.6 264.0 -04.6 0.157227 0.094883 0.152485 hargrave 2021-03-02 08:55:18 
TT 400 101.6 005.6 101.1 022.4 7.10E-05 002.4 262.2 -04.7 0.240218 0.153786 0.145355 hargrave 2021-03-02 15:02:17 
TT 450 101.0 005.7 100.4 022.6 6.69E-05 001.2 261.8 -05.2 0.094213 0.062582 0.104435 hargrave 2021-03-03 13:11:49 
TT 500 097.6 012.7 096.4 029.4 6.36E-05 001.9 254.1 -05.6 0.172358 0.062136 0.112868 hargrave 2021-03-04 10:59:41 
TT 525 098.3 010.1 097.3 026.9 6.11E-05 003.5 256.7 -06.0 0.349789 0.074954 0.115820 hargrave 2021-03-04 16:41:16 
TT 550 097.6 009.2 096.6 025.9 5.92E-05 001.6 257.3 -07.0 0.098118 0.060855 0.120280 hargrave 2021-03-08 10:56:20 
TT 560 098.6 007.7 097.7 024.4 5.66E-05 001.1 259.1 -06.7 0.036220 0.047385 0.105138 hargrave 2021-03-08 16:29:13 
TT 570 098.9 005.1 098.3 021.9 5.43E-05 011.7 261.6 -07.3 1.102857 0.145585 0.148348 hargrave 2021-03-09 13:06:20 
TT 570 097.1 009.8 096.0 026.4 5.52E-05 001.9 256.6 -07.2 0.169589 0.034676 0.076566 hargrave 2021-03-09 13:29:45 
TT 580 096.8 007.8 095.8 024.4 5.25E-05 002.5 258.3 -08.3 0.189010 0.055395 0.128781 hargrave 2021-03-09 18:07:32 
TT 590 096.3 009.0 095.1 025.6 5.04E-05 001.5 257.0 -08.3 0.059686 0.062450 0.110544 hargrave 2021-03-10 17:41:20 
TT 600 095.1 009.8 093.8 026.3 4.80E-05 001.7 255.8 -09.0 0.072114 0.074029 0.108541 hargrave 2021-03-11 17:48:31 
TT 610 095.1 005.6 094.1 022.1 4.59E-05 003.3 259.7 -10.7 0.248370 0.063813 0.080116 hargrave 2021-03-14 15:14:33 
TT 620 095.9 007.8 094.8 024.4 4.49E-05 001.6 257.9 -09.1 0.058708 0.058493 0.109388 hargrave 2021-03-16 12:08:36 
TT 630 093.0 011.7 091.3 028.0 4.05E-05 001.6 253.2 -10.2 0.029306 0.044952 0.109913 hargrave 2021-03-16 17:58:16 
TT 640 091.7 009.2 090.2 025.5 3.65E-05 002.1 255.0 -12.3 0.103155 0.057725 0.082029 hargrave 2021-03-19 16:07:43 
TT 650 082.2 014.7 078.9 029.8 2.59E-05 002.1 245.6 -18.3 0.073962 0.035653 0.063149 hargrave 2021-03-22 17:08:03 
TT 660 077.2 012.9 073.8 027.2 2.08E-05 002.8 244.8 -23.4 0.079982 0.032964 0.059038 hargrave 2021-03-23 15:34:43 
TT 664 076.3 016.8 072.1 031.0 1.90E-05 002.4 240.6 -22.1 0.072328 0.031462 0.032320 hargrave 2021-03-24 11:37:05 
TT 667 079.2 013.3 075.9 028.0 1.80E-05 002.9 245.4 -21.5 0.056710 0.048755 0.058994 hargrave 2021-03-24 16:37:01 
TT 670 078.5 008.0 076.1 022.7 1.27E-05 003.3 250.1 -24.6 0.066241 0.021096 0.029919 hargrave 2021-03-25 18:57:48 
TT 670 080.1 002.6 078.6 017.6 1.26E-05 008.2 256.2 -25.6 0.178615 0.037689 0.015567 hargrave 2021-03-25 21:08:27 
TT 670 080.1 006.7 078.0 021.6 1.26E-05 002.3 252.2 -23.8 0.047646 0.029072 0.009869 hargrave 2021-03-25 21:29:12 
TT 672 070.5 018.8 065.3 031.8 1.39E-05 003.0 235.5 -25.6 0.055201 0.049273 0.015098 hargrave 2021-03-26 15:05:23 
TT 674 073.7 020.8 068.3 034.4 1.53E-05 002.0 235.6 -22.0 0.044720 0.026609 0.027539 hargrave 2021-03-29 11:12:15 
TT 676 068.7 015.7 064.1 028.5 1.07E-05 004.1 237.2 -28.8 0.066594 0.032320 0.028878 hargrave 2021-03-29 18:03:41 
TT 678 066.4 009.3 063.1 021.7 6.27E-06 001.8 241.9 -34.3 0.015678 0.012833 0.014528 hargrave 2021-03-30 15:23:51 
TT 679 079.2 004.3 077.5 019.2 4.58E-06 005.0 254.1 -25.6 0.012427 0.018048 0.034499 hargrave 2021-03-31 13:57:12 
TT 681 083.4 010.5 080.9 025.8 6.09E-06 004.8 250.1 -19.2 0.049928 0.008094 0.014145 hargrave 2021-04-01 14:03:27 
TT 683 107.2 -07.1 107.2 009.9 5.25E-06 001.8 276.1 -04.0 0.009300 0.008313 0.014069 hargrave 2021-04-02 14:49:38 
TT 685 028.0 047.7 009.0 047.9 3.05E-06 004.8 186.6 -20.8 0.005780 0.024551 0.008188 hargrave 2021-04-05 10:45:40 
TT 686 036.5 017.1 030.7 021.7 3.92E-06 001.8 205.8 -48.1 0.009867 0.005985 0.005667 hargrave 2021-04-05 17:44:47 
