JK3- 8a mag compass orientation (IGRF corrected)
   31.2 215.8   6.0 202.0  10.0   1.0
NRM    098.0 001.9 097.7 011.6 6.44E-05 002.3 332.0 007.2 0.105133 0.224660 0.063876 hargrave 2021-02-27 13:36:58 
TT 100 095.8 001.0 095.5 010.6 6.43E-05 000.8 329.8 006.2 0.042556 0.058916 0.053459 hargrave 2021-02-28 14:33:40 
TT 200 096.3 000.2 096.1 009.8 6.26E-05 003.7 330.4 005.4 0.187166 0.359200 0.052604 hargrave 2021-03-01 13:38:21 
TT 300 098.2 -00.2 098.0 009.5 5.76E-05 002.8 332.3 005.1 0.239606 0.197111 0.051267 hargrave 2021-03-02 09:04:46 
TT 400 097.3 -00.3 097.1 009.4 4.99E-05 002.7 331.4 005.0 0.111976 0.217288 0.038263 hargrave 2021-03-02 15:11:39 
TT 450 098.6 -00.5 098.4 009.2 4.74E-05 002.0 332.7 004.8 0.077579 0.152683 0.036325 hargrave 2021-03-03 13:23:16 
TT 500 098.8 -00.8 098.6 008.9 4.37E-05 003.1 332.9 004.5 0.127890 0.211494 0.034150 hargrave 2021-03-04 11:10:07 
TT 525 098.4 -01.0 098.2 008.7 4.22E-05 003.6 332.5 004.3 0.134396 0.237150 0.032859 hargrave 2021-03-04 16:52:29 
TT 550 096.4 -01.0 096.2 008.6 4.01E-05 000.5 330.5 004.2 0.041016 0.035348 0.031735 hargrave 2021-03-08 11:08:20 
TT 560 096.9 -01.7 096.8 008.0 3.87E-05 001.7 331.1 003.6 0.085054 0.099519 0.030566 hargrave 2021-03-08 16:41:13 
TT 570 098.2 -01.6 098.0 008.1 3.79E-05 001.1 332.3 003.7 0.069838 0.055268 0.029873 hargrave 2021-03-09 13:17:35 
TT 580 100.6 -01.4 100.4 008.4 3.68E-05 003.9 334.7 004.0 0.125478 0.225169 0.029977 hargrave 2021-03-09 18:18:48 
TT 590 098.0 -01.3 097.8 008.4 3.65E-05 003.8 332.1 004.0 0.126141 0.205925 0.031292 hargrave 2021-03-10 17:52:36 
TT 600 097.9 000.2 097.7 009.9 3.61E-05 001.1 332.0 005.5 0.069925 0.050965 0.031047 hargrave 2021-03-11 17:59:46 
TT 610 095.9 -00.4 095.7 009.2 3.63E-05 001.2 330.0 004.8 0.071610 0.058373 0.033080 hargrave 2021-03-14 15:25:03 
TT 620 099.1 000.5 098.8 010.3 3.57E-05 004.3 333.1 005.9 0.136942 0.234340 0.035434 hargrave 2021-03-16 12:19:04 
TT 630 096.5 -00.4 096.3 009.2 3.45E-05 002.2 330.6 004.8 0.087687 0.112173 0.028294 hargrave 2021-03-16 18:09:31 
TT 640 097.7 001.1 097.4 010.8 3.19E-05 002.2 331.7 006.4 0.083955 0.110347 0.029111 hargrave 2021-03-19 16:19:49 
TT 650 092.3 002.8 091.9 012.2 1.74E-05 002.1 326.2 007.8 0.057925 0.055917 0.013897 hargrave 2021-03-22 17:19:28 
TT 660 080.6 -08.7 081.0 -00.2 1.03E-05 004.4 315.3 -04.5 0.055800 0.057442 0.007358 hargrave 2021-03-23 15:46:03 
TT 664 073.1 -00.0 072.7 007.7 6.31E-06 001.2 307.2 003.6 0.012045 0.009604 0.006374 hargrave 2021-03-24 11:47:42 
TT 667 088.4 008.3 087.5 017.4 5.22E-06 002.4 321.9 013.0 0.009871 0.008539 0.019335 hargrave 2021-03-24 16:47:35 
TT 670 080.0 -31.2 082.6 -22.6 5.68E-06 001.3 316.5 -26.9 0.010187 0.009601 0.004879 hargrave 2021-03-25 19:08:19 
TT 670 081.8 -31.5 084.3 -22.7 5.66E-06 001.3 318.3 -27.1 0.010357 0.010694 0.003916 hargrave 2021-03-25 21:18:54 
TT 672 084.7 -05.9 084.9 003.0 6.01E-06 002.7 319.2 -01.4 0.016419 0.013174 0.021161 hargrave 2021-03-26 15:17:27 
TT 674 072.0 -20.1 073.9 -12.3 3.76E-06 001.2 307.8 -16.5 0.006071 0.006480 0.003110 hargrave 2021-03-29 11:24:38 
TT 676 098.4 014.8 097.5 024.5 5.95E-07 032.4 331.7 020.1 0.002147 0.003267 0.039913 hargrave 2021-03-29 18:17:15 
TT 676 099.6 012.9 098.9 022.7 5.96E-07 003.8 333.1 018.3 0.002681 0.003076 0.001985 hargrave 2021-03-30 09:48:21 
TT 678 122.6 034.9 124.2 044.7 2.10E-06 009.6 356.5 040.9 0.004325 0.014729 0.040170 hargrave 2021-03-30 15:35:11 
TT 678 124.9 041.4 127.5 051.1 2.36E-06 003.7 359.0 047.4 0.003985 0.004090 0.018416 hargrave 2021-03-30 16:13:52 
TT 679 124.6 011.1 125.3 020.8 2.59E-06 002.9 358.8 017.1 0.004122 0.012866 0.002530 hargrave 2021-03-31 14:09:26 
TT 681 295.1 037.3 294.7 027.3 1.67E-06 003.0 170.0 031.4 0.003095 0.008529 0.001284 hargrave 2021-04-01 14:12:18 
TT 683 160.0 -18.6 158.0 -11.8 1.73E-06 013.0 033.2 -13.6 0.008028 0.009764 0.039232 hargrave 2021-04-02 14:58:28 
TT 683 153.3 -14.0 152.1 -06.4 1.71E-06 008.0 026.9 -08.7 0.003790 0.003183 0.023743 hargrave 2021-04-02 15:10:00 
