JK3- 7a mag compass orientation (IGRF corrected)
      0 187.8   4.0   0.0   0.0   1.0
NRM    100.8  04.4 100.8  04.4 1.18E-04 003.8 003.0  08.4 0.073157 0.697325 0.370321 hargrave 2021-02-27 13:35:35 
TT 100 101.9  03.7 101.9  03.7 1.18E-04 001.4 004.1  07.7 0.022295 0.107119 0.263184 hargrave 2021-02-28 14:32:09 
TT 200 098.6  02.8 098.6  02.8 1.14E-04 001.8 000.8  06.8 0.039358 0.242166 0.252203 hargrave 2021-03-01 13:36:50 
TT 300 102.2  02.6 102.2  02.6 1.05E-04 001.6 004.4  06.6 0.075928 0.130881 0.258555 hargrave 2021-03-02 09:03:26 
TT 400 101.9  02.5 101.9  02.5 9.25E-05 001.3 004.1  06.5 0.151396 0.096843 0.192563 hargrave 2021-03-02 15:10:25 
TT 450 097.3  02.9 097.3  02.9 8.74E-05 001.9 359.5  06.9 0.043175 0.212884 0.186568 hargrave 2021-03-03 13:21:45 
TT 500 098.5  02.7 098.5  02.7 8.10E-05 002.2 000.7  06.7 0.051395 0.252882 0.180020 hargrave 2021-03-04 11:08:37 
TT 525 101.3  03.0 101.3  03.0 7.71E-05 001.3 003.6  07.0 0.064519 0.068126 0.157698 hargrave 2021-03-04 16:50:59 
TT 550 098.0  03.3 098.0  03.3 7.38E-05 003.2 000.2  07.3 0.047345 0.382454 0.157348 hargrave 2021-03-08 11:06:50 
TT 560 095.6  03.1 095.6  03.1 7.13E-05 001.7 357.8  07.1 0.073377 0.160053 0.145738 hargrave 2021-03-08 16:39:43 
TT 570 100.1  02.6 100.1  02.6 6.86E-05 000.8 002.3  06.6 0.063894 0.053598 0.084557 hargrave 2021-03-09 13:16:04 
TT 580 098.2  02.3 098.2  02.3 6.65E-05 000.9 000.4  06.3 0.068339 0.072572 0.077304 hargrave 2021-03-09 18:17:17 
TT 590 099.1  01.9 099.1  01.9 6.53E-05 003.7 001.3  05.9 0.068770 0.411493 0.072726 hargrave 2021-03-10 17:51:04 
TT 600 097.3  01.7 097.3  01.7 6.35E-05 001.2 359.5  05.7 0.056959 0.110361 0.064454 hargrave 2021-03-11 17:58:14 
TT 610 098.1  01.4 098.1  01.4 6.27E-05 001.1 000.3  05.4 0.056793 0.106911 0.055534 hargrave 2021-03-14 15:23:31 
TT 620 101.7  02.3 101.7  02.3 6.17E-05 001.0 003.9  06.2 0.059447 0.074380 0.077368 hargrave 2021-03-16 12:17:32 
TT 630 098.9  02.5 098.9  02.5 5.99E-05 001.5 001.1  06.5 0.058806 0.139972 0.064639 hargrave 2021-03-16 18:07:59 
TT 640 098.0  03.2 098.0  03.2 5.61E-05 001.2 000.2  07.2 0.053121 0.097857 0.056103 hargrave 2021-03-19 16:18:16 
TT 650 103.3  05.7 103.3  05.7 3.58E-05 003.8 005.5  09.7 0.048963 0.233232 0.050959 hargrave 2021-03-22 17:17:55 
TT 660 081.7 -01.9 081.7 -01.9 1.25E-05 002.4 343.9  01.9 0.025363 0.046630 0.020651 hargrave 2021-03-23 15:44:31 
TT 664 089.5  07.8 089.5  07.8 1.41E-05 003.3 351.6  11.8 0.030805 0.068474 0.038982 hargrave 2021-03-24 11:46:09 
TT 667 072.7  17.5 072.7  17.5 1.09E-05 002.4 334.3  21.1 0.018866 0.026780 0.038098 hargrave 2021-03-24 16:46:03 
TT 670 084.8  01.2 084.8  01.2 1.18E-05 001.4 347.0  05.0 0.022670 0.023853 0.017912 hargrave 2021-03-25 19:06:47 
TT 670 083.5  01.3 083.5  01.3 1.18E-05 001.4 345.6  05.2 0.022448 0.021155 0.019444 hargrave 2021-03-25 21:17:23 
TT 672 088.3  04.7 088.3  04.7 7.51E-06 003.0 350.4  08.6 0.015097 0.036355 0.015610 hargrave 2021-03-26 15:15:56 
TT 674 078.0  14.1 078.0  14.1 3.28E-06 003.7 339.8  17.8 0.010024 0.018436 0.007451 hargrave 2021-03-29 11:23:05 
TT 676 115.1  02.8 115.1  02.8 4.08E-06 006.0 017.4  06.7 0.010737 0.031484 0.028038 hargrave 2021-03-29 18:14:11 
TT 678 117.5 -10.0 117.5 -10.0 4.68E-06 006.0 019.5 -06.3 0.010300 0.021166 0.043722 hargrave 2021-03-30 15:33:39 
TT 679 141.7 -12.4 141.7 -12.4 3.28E-06 006.0 043.4 -09.5 0.019620 0.015667 0.024434 hargrave 2021-03-31 14:07:53 
TT 681 250.2 -28.4 250.2 -28.4 1.62E-06 001.5 151.3 -31.9 0.002931 0.002189 0.003671 hargrave 2021-04-01 14:11:00 
TT 683 351.1  05.4 351.1  05.4 4.71E-06 005.6 253.0  04.3 0.008217 0.007929 0.045533 hargrave 2021-04-02 14:56:58 
TT 685 311.3 -08.9 311.3 -08.9 4.57E-06 001.6 213.9 -12.2 0.009140 0.008283 0.009435 hargrave 2021-04-05 10:53:44 
TT 686 234.9  12.8 234.9  12.8 3.29E-06 008.1 137.7  09.9 0.028621 0.034529 0.015144 hargrave 2021-04-05 17:52:12 
