JK3- 1a mag compass orientation (IGRF corrected)
      0 289.8  62.0   0.0   0.0   1.0
NRM    104.8 -01.0 104.8 -01.0 9.13E-05 000.9 268.6 -04.9 0.118862 0.038763 0.071271 hargrave 2021-02-27 13:24:32 
TT 100 102.6  00.1 102.6  00.1 9.06E-05 003.3 266.5 -06.3 0.517637 0.049904 0.048200 hargrave 2021-02-28 14:20:51 
TT 200 102.5 -03.8 102.5 -03.8 8.89E-05 001.7 270.0 -08.2 0.260544 0.033359 0.047944 hargrave 2021-03-01 13:25:38 
TT 300 103.9 -08.2 103.9 -08.2 8.32E-05 002.8 274.5 -09.0 0.400796 0.019233 0.078832 hargrave 2021-03-02 08:54:09 
TT 400 104.1 -09.4 104.1 -09.4 7.58E-05 001.1 275.7 -09.4 0.131658 0.051938 0.066456 hargrave 2021-03-02 15:01:04 
TT 450 101.0 -04.8 101.0 -04.8 7.06E-05 000.7 270.1 -10.0 0.071789 0.023872 0.055902 hargrave 2021-03-03 13:10:22 
TT 500 100.9 -04.7 100.9 -04.7 6.64E-05 002.1 270.0 -10.0 0.233285 0.058194 0.058517 hargrave 2021-03-04 10:58:13 
TT 525 100.1 -04.4 100.1 -04.4 6.34E-05 002.3 269.3 -10.7 0.247308 0.040733 0.040229 hargrave 2021-03-04 16:39:50 
TT 550 100.4 -04.1 100.4 -04.1 6.20E-05 002.8 269.3 -10.2 0.300784 0.038918 0.039972 hargrave 2021-03-08 10:54:53 
TT 560 100.5 -04.3 100.5 -04.3 5.85E-05 001.6 269.5 -10.2 0.151512 0.046986 0.041681 hargrave 2021-03-08 16:27:46 
TT 570 101.4 -06.1 101.4 -06.1 5.72E-05 003.7 271.5 -10.3 0.366080 0.049324 0.050727 hargrave 2021-03-09 13:04:50 
TT 580 099.1 -04.1 099.1 -04.1 5.49E-05 001.2 268.6 -11.4 0.100869 0.051790 0.047773 hargrave 2021-03-09 18:06:03 
TT 590 099.7 -04.3 099.7 -04.3 5.30E-05 002.3 269.1 -10.9 0.209752 0.050652 0.044510 hargrave 2021-03-10 17:39:50 
TT 600 099.6 -03.5 099.6 -03.5 5.07E-05 005.7 268.3 -10.7 0.505918 0.064101 0.047802 hargrave 2021-03-11 17:47:02 
TT 610 102.6 -08.6 102.6 -08.6 4.79E-05 002.0 274.3 -10.3 0.152571 0.066649 0.062481 hargrave 2021-03-14 15:13:03 
TT 620 100.4 -03.6 100.4 -03.6 4.80E-05 003.7 268.8 -09.9 0.308222 0.059283 0.037333 hargrave 2021-03-16 12:07:06 
TT 630 097.6 -00.9 097.6 -00.9 4.52E-05 004.5 265.0 -11.2 0.353996 0.061259 0.026649 hargrave 2021-03-16 17:56:46 
TT 640 096.2  01.1 096.2  01.1 4.11E-05 003.2 262.6 -11.5 0.214601 0.078003 0.056306 hargrave 2021-03-19 16:06:14 
TT 650 090.1  03.7 090.1  03.7 3.17E-05 001.1 257.1 -15.4 0.049618 0.046006 0.022973 hargrave 2021-03-22 17:06:32 
TT 660 080.2  04.7 080.2  04.7 2.39E-05 001.7 250.7 -23.4 0.071241 0.039197 0.022043 hargrave 2021-03-23 15:33:13 
TT 664 087.7  03.3 087.7  03.3 2.25E-05 001.3 256.2 -17.7 0.045409 0.034833 0.012562 hargrave 2021-03-24 11:35:34 
TT 667 081.8  10.2 081.8  10.2 1.98E-05 001.2 246.7 -18.9 0.038025 0.028898 0.024775 hargrave 2021-03-24 16:35:30 
TT 670 272.4 -43.0 272.4 -43.0 9.56E-06 005.8 044.7 -07.3 0.101907 0.038427 0.006385 hargrave 2021-03-25 18:56:19 
TT 670 081.6 -02.4 081.6 -02.4 1.49E-05 003.4 258.1 -25.9 0.083427 0.021213 0.031911 hargrave 2021-03-25 21:06:56 
TT 672 087.2  06.6 087.2  06.6 1.68E-05 002.4 253.0 -16.4 0.062131 0.029013 0.026836 hargrave 2021-03-26 15:03:53 
TT 674 090.0  00.1 090.0  00.1 1.77E-05 003.4 260.3 -17.4 0.104213 0.024202 0.012593 hargrave 2021-03-29 11:10:46 
TT 676 081.2  02.4 081.2  02.4 1.15E-05 003.3 253.4 -23.8 0.060561 0.024424 0.017388 hargrave 2021-03-29 18:02:14 
TT 678 110.3 -12.0 110.3 -12.0 7.96E-06 002.4 280.8 -05.2 0.028763 0.012082 0.016721 hargrave 2021-03-30 15:22:20 
TT 679 080.5  08.9 080.5  08.9 7.46E-06 002.9 247.1 -20.7 0.036582 0.015108 0.003679 hargrave 2021-03-31 13:55:41 
TT 681 079.3  14.1 079.3  14.1 8.18E-06 002.8 241.9 -18.6 0.037048 0.017254 0.004904 hargrave 2021-04-01 14:02:09 
TT 683 353.2 -06.5 353.2 -06.5 3.23E-06 002.8 125.5 -56.9 0.002317 0.006189 0.021982 hargrave 2021-04-02 14:48:11 
TT 685 123.7 -19.8 123.7 -19.8 5.98E-06 004.6 293.9  02.3 0.046549 0.012010 0.014491 hargrave 2021-04-05 10:44:08 
TT 686 064.7  25.3 064.7  25.3 5.04E-06 004.5 223.3 -21.4 0.012694 0.020894 0.031899 hargrave 2021-04-05 17:43:16 
