JK3- 6a mag compass orientation (IGRF corrected)
      0 185.8   9.0   0.0   0.0   1.0
NRM    098.5  07.7 098.5  07.7 1.14E-04 001.4 002.8  16.7 0.057589 0.240753 0.114071 hargrave 2021-02-27 13:34:14 
TT 100 095.3  06.6 095.3  06.6 1.13E-04 004.5 359.5  15.6 0.058812 0.889533 0.103529 hargrave 2021-02-28 14:30:39 
TT 200 096.4  05.8 096.4  05.8 1.09E-04 007.8 000.6  14.8 0.033121 1.490327 0.099413 hargrave 2021-03-01 13:35:21 
TT 300 095.7  04.9 095.7  04.9 1.01E-04 002.3 359.9  13.9 0.113033 0.387834 0.112902 hargrave 2021-03-02 09:02:13 
TT 400 094.6  04.9 094.6  04.9 8.82E-05 001.1 358.8  13.9 0.063024 0.145752 0.083469 hargrave 2021-03-02 15:09:09 
TT 450 093.8  05.0 093.8  05.0 8.39E-05 004.1 357.9  14.0 0.061399 0.600936 0.075840 hargrave 2021-03-03 13:20:13 
TT 500 095.9  04.9 095.9  04.9 7.82E-05 001.7 000.1  13.9 0.043305 0.224448 0.071737 hargrave 2021-03-04 11:07:09 
TT 525 096.0  04.9 096.0  04.9 7.43E-05 003.3 000.2  13.9 0.033311 0.425788 0.075803 hargrave 2021-03-04 16:49:30 
TT 550 095.9  04.3 095.9  04.3 7.17E-05 003.4 000.1  13.3 0.043696 0.423600 0.071358 hargrave 2021-03-08 11:05:22 
TT 560 097.5  04.2 097.5  04.2 6.89E-05 000.8 001.7  13.2 0.050310 0.068507 0.068019 hargrave 2021-03-08 16:38:15 
TT 570 093.4  04.4 093.4  04.4 6.68E-05 000.9 357.5  13.3 0.035569 0.090377 0.053113 hargrave 2021-03-09 13:14:36 
TT 580 097.5  04.7 097.5  04.7 6.40E-05 001.4 001.7  13.7 0.043308 0.151228 0.050807 hargrave 2021-03-09 18:15:49 
TT 590 095.1  04.5 095.1  04.5 6.25E-05 001.9 359.3  13.5 0.030706 0.204616 0.046924 hargrave 2021-03-10 17:49:35 
TT 600 095.7  04.0 095.7  04.0 6.21E-05 003.5 359.9  13.0 0.024411 0.374863 0.047017 hargrave 2021-03-11 17:56:46 
TT 610 097.5  03.7 097.5  03.7 6.14E-05 002.6 001.8  12.7 0.025274 0.271678 0.045881 hargrave 2021-03-14 15:22:03 
TT 620 096.7  03.5 096.7  03.5 6.04E-05 001.8 000.9  12.5 0.036036 0.182426 0.044917 hargrave 2021-03-16 12:16:04 
TT 630 095.8  03.7 095.8  03.7 5.93E-05 003.8 360.0  12.7 0.019334 0.386695 0.046132 hargrave 2021-03-16 18:06:31 
TT 640 098.0  03.7 098.0  03.7 5.66E-05 002.2 002.2  12.7 0.040049 0.210920 0.042271 hargrave 2021-03-19 16:16:48 
TT 650 097.1  04.1 097.1  04.1 4.21E-05 004.1 001.3  13.1 0.031545 0.301532 0.032050 hargrave 2021-03-22 17:16:25 
TT 660 093.1 -01.0 093.1 -01.0 1.44E-05 001.6 357.3  08.0 0.027275 0.038274 0.009650 hargrave 2021-03-23 15:43:01 
TT 664 085.9 -01.2 085.9 -01.2 1.48E-05 003.3 350.0  07.7 0.030672 0.084274 0.012383 hargrave 2021-03-24 11:44:39 
TT 667 094.3 -00.5 094.3 -00.5 9.42E-06 003.4 358.5  08.5 0.016132 0.056694 0.006587 hargrave 2021-03-24 16:44:34 
TT 670 098.4 -03.3 098.4 -03.3 8.39E-06 004.0 002.6  05.7 0.014151 0.058859 0.006401 hargrave 2021-03-25 19:05:18 
TT 670 001.5 -27.1 001.5 -27.1 1.10E-05 004.6 270.4 -27.5 0.085686 0.018540 0.013954 hargrave 2021-03-25 21:15:54 
TT 672 102.3 -02.2 102.3 -02.2 7.90E-06 003.5 006.5  06.7 0.014608 0.041908 0.023493 hargrave 2021-03-26 15:14:27 
TT 674 080.3 -00.5 080.3 -00.5 5.23E-06 003.7 344.3  08.2 0.014233 0.032164 0.004013 hargrave 2021-03-29 11:21:34 
TT 676 120.4 -08.5 120.4 -08.5 6.47E-06 002.7 024.4 -00.3 0.013294 0.014747 0.025881 hargrave 2021-03-29 18:12:43 
TT 678 135.1  17.9 135.1  17.9 3.72E-06 003.6 041.6  24.8 0.010125 0.011324 0.019459 hargrave 2021-03-30 15:32:10 
TT 679 054.6  32.7 054.6  32.7 2.40E-06 008.2 314.3  39.3 0.006031 0.005081 0.042349 hargrave 2021-03-31 14:06:22 
TT 679 052.3  26.6 052.3  26.6 2.25E-06 002.4 312.8  32.9 0.007700 0.005834 0.001574 hargrave 2021-03-31 15:08:43 
TT 681 360.0  06.4 360.0  06.4 3.76E-06 003.6 263.2  05.4 0.023488 0.006129 0.003614 hargrave 2021-04-01 14:09:47 
TT 683 198.8  06.4 198.8  06.4 2.10E-06 006.9 103.9  04.3 0.016863 0.007660 0.017886 hargrave 2021-04-02 14:55:31 
TT 685 321.8 -15.6 321.8 -15.6 2.46E-06 002.6 228.2 -21.7 0.006579 0.009879 0.002443 hargrave 2021-04-05 10:52:06 
TT 686 222.3 -03.6 222.3 -03.6 2.79E-06 004.4 125.7 -08.9 0.016883 0.014354 0.002366 hargrave 2021-04-05 17:50:44 
