JK3- 3a mag compass orientation (IGRF corrected)
   31.2 294.8  72.0 198.0  17.0   1.0
NRM    103.4 009.8 103.0 026.7 3.58E-05 004.6 257.1 -07.6 0.282548 0.071691 0.030175 hargrave 2021-02-27 13:29:55 
TT 100 104.0 006.6 103.7 023.6 3.55E-05 000.9 260.3 -08.1 0.055405 0.048104 0.027620 hargrave 2021-02-28 14:23:47 
TT 200 105.1 001.2 105.0 018.2 3.45E-05 003.2 265.8 -08.8 0.187464 0.060347 0.024823 hargrave 2021-03-01 13:28:33 
TT 300 103.0 004.8 102.6 021.7 3.18E-05 002.0 261.7 -09.7 0.115818 0.068978 0.022431 hargrave 2021-03-02 08:56:31 
TT 400 102.0 005.4 101.6 022.3 2.83E-05 002.5 260.8 -10.4 0.127586 0.086424 0.018022 hargrave 2021-03-02 15:03:30 
TT 450 102.5 004.7 102.1 021.6 2.63E-05 003.5 261.6 -10.2 0.158287 0.063220 0.017794 hargrave 2021-03-03 13:13:17 
TT 500 100.3 004.6 099.7 021.4 2.48E-05 003.1 261.0 -12.3 0.133573 0.049945 0.015661 hargrave 2021-03-04 11:01:08 
TT 525 100.8 007.0 100.2 023.9 2.34E-05 001.0 258.8 -11.0 0.041893 0.050947 0.016162 hargrave 2021-03-04 16:42:43 
TT 550 097.5 012.7 096.2 029.4 2.23E-05 002.5 252.2 -12.0 0.096918 0.059439 0.015407 hargrave 2021-03-08 10:57:47 
TT 560 101.0 003.4 100.6 020.2 2.16E-05 001.6 262.4 -12.0 0.056347 0.042895 0.015361 hargrave 2021-03-08 16:30:40 
TT 570 099.9 004.5 099.3 021.3 2.10E-05 000.9 260.9 -12.7 0.029118 0.042002 0.015039 hargrave 2021-03-09 13:07:54 
TT 580 097.2 006.5 096.3 023.2 2.07E-05 004.2 258.0 -14.5 0.147868 0.055880 0.015585 hargrave 2021-03-09 18:09:07 
TT 590 097.6 006.5 096.8 023.2 2.05E-05 001.4 258.2 -14.1 0.044726 0.030423 0.019860 hargrave 2021-03-10 17:42:54 
TT 600 098.0 004.5 097.3 021.2 1.95E-05 005.4 260.3 -14.5 0.181793 0.043709 0.016699 hargrave 2021-03-11 17:50:06 
TT 610 099.7 001.8 099.2 018.6 1.94E-05 002.3 263.5 -13.8 0.074473 0.035937 0.013402 hargrave 2021-03-14 15:16:08 
TT 620 101.1 000.1 100.8 017.0 1.83E-05 004.5 265.6 -13.0 0.141474 0.034340 0.013589 hargrave 2021-03-16 12:10:10 
TT 630 097.8 004.6 097.1 021.3 1.70E-05 002.6 260.1 -14.6 0.071329 0.035749 0.019429 hargrave 2021-03-16 17:59:49 
TT 640 095.0 005.6 094.0 022.1 1.57E-05 001.0 258.1 -16.9 0.019715 0.031632 0.010869 hargrave 2021-03-19 16:09:18 
TT 650 089.3 002.0 088.3 018.0 9.73E-06 003.2 259.6 -23.5 0.052410 0.014660 0.007824 hargrave 2021-03-22 17:09:39 
TT 660 078.0 -08.9 078.3 005.9 6.08E-06 002.2 267.4 -37.6 0.013923 0.007149 0.023008 hargrave 2021-03-23 15:36:18 
TT 664 082.0 005.8 080.1 020.9 6.15E-06 003.4 252.6 -28.8 0.031927 0.013745 0.016069 hargrave 2021-03-24 11:38:41 
TT 667 076.2 -01.2 075.3 013.2 7.09E-06 002.6 257.5 -36.8 0.025006 0.009101 0.018854 hargrave 2021-03-24 16:38:36 
TT 670 087.6 002.3 086.5 018.2 1.49E-05 001.5 258.6 -25.0 0.035373 0.023197 0.012595 hargrave 2021-03-25 18:59:22 
TT 670 085.1 006.0 083.4 021.6 4.46E-06 003.0 253.7 -25.9 0.011993 0.007114 0.021111 hargrave 2021-03-25 21:10:01 
TT 672 090.2 -02.2 089.7 014.0 5.09E-06 002.6 264.2 -24.0 0.009187 0.007468 0.022894 hargrave 2021-03-26 15:06:58 
TT 674 087.9 -09.0 088.0 007.0 6.24E-06 001.2 270.7 -28.3 0.011145 0.007716 0.004359 hargrave 2021-03-29 11:13:46 
TT 676 097.9 -07.1 097.8 009.7 3.02E-06 008.5 271.7 -18.2 0.019525 0.004349 0.043314 hargrave 2021-03-29 18:05:08 
TT 676 196.4 -76.3 147.3 -68.0 1.70E-07 084.1 358.0 -04.4 0.005355 0.311979 0.058935 hargrave 2021-03-30 09:46:45 
TT 676 105.7 -08.1 105.7 008.9 2.95E-06 003.3 275.0 -11.1 0.016845 0.005055 0.002022 hargrave 2021-03-30 10:18:49 
TT 678 088.1 026.9 083.6 042.6 2.82E-06 007.6 235.2 -14.0 0.022199 0.020705 0.022678 hargrave 2021-03-30 15:25:26 
TT 679 093.5 011.1 091.9 027.5 2.34E-06 005.8 252.2 -16.2 0.011455 0.009722 0.021264 hargrave 2021-03-31 13:58:47 
TT 681 088.9 012.6 086.6 028.5 1.52E-06 001.9 248.9 -19.8 0.002584 0.004688 0.003552 hargrave 2021-04-01 14:04:48 
TT 683 055.6 000.6 054.3 010.9 1.67E-06 003.2 241.7 -54.4 0.006455 0.006768 0.001371 hargrave 2021-04-02 14:51:05 
TT 685 093.0 013.5 091.2 029.9 1.49E-06 006.6 249.7 -15.7 0.015747 0.006878 0.002849 hargrave 2021-04-05 10:47:27 
TT 686 194.7 -79.7 138.9 -69.7 1.58E-06 004.7 358.2 -07.9 0.003437 0.009850 0.008535 hargrave 2021-04-05 17:46:14 
