JK3- 5a mag compass orientation (IGRF corrected)
   31.2 290.8  64.0 198.0  17.0   1.0
NRM    100.2 001.4 099.8 018.3 8.92E-05 001.4 264.0 -08.9 0.103215 0.070339 0.203539 hargrave 2021-02-27 13:32:50 
TT 100 101.2 -00.4 100.9 016.5 8.94E-05 004.6 266.1 -08.8 0.699630 0.089544 0.159245 hargrave 2021-02-28 14:27:02 
TT 200 098.6 001.0 098.1 017.7 8.57E-05 003.7 263.7 -10.5 0.532484 0.107508 0.143611 hargrave 2021-03-01 13:31:47 
TT 300 100.6 -04.8 100.4 012.0 7.88E-05 005.8 269.9 -11.3 0.803659 0.062938 0.045109 hargrave 2021-03-02 08:59:14 
TT 400 097.2 -00.9 096.8 015.8 6.80E-05 002.1 264.8 -12.6 0.236509 0.083610 0.092610 hargrave 2021-03-02 15:06:09 
TT 450 098.6 -03.3 098.3 013.5 6.49E-05 002.0 267.6 -12.4 0.181666 0.071442 0.136046 hargrave 2021-03-03 13:16:32 
TT 500 097.1 -00.5 096.7 016.2 6.04E-05 001.2 264.4 -12.5 0.044890 0.046290 0.116770 hargrave 2021-03-04 11:04:22 
TT 525 096.9 -00.8 096.5 015.9 5.78E-05 001.5 264.5 -12.8 0.092782 0.051695 0.123289 hargrave 2021-03-04 16:45:57 
TT 550 095.8 -01.3 095.4 015.3 5.64E-05 003.4 264.5 -14.0 0.324387 0.058524 0.093151 hargrave 2021-03-08 11:01:00 
TT 560 096.6 -05.6 096.4 011.1 5.33E-05 001.8 268.8 -15.2 0.150853 0.042238 0.068166 hargrave 2021-03-08 16:33:54 
TT 570 094.0 -01.4 093.5 015.1 5.24E-05 001.2 263.7 -15.7 0.085103 0.035781 0.075147 hargrave 2021-03-09 13:11:06 
TT 580 094.8 -03.8 094.5 012.7 4.89E-05 001.2 266.4 -16.0 0.077859 0.043275 0.072591 hargrave 2021-03-09 18:12:19 
TT 590 093.2 -02.5 092.7 013.9 4.70E-05 003.8 264.4 -16.9 0.307515 0.061907 0.059242 hargrave 2021-03-10 17:46:05 
TT 600 093.5 -05.6 093.3 010.8 4.73E-05 006.0 267.5 -18.0 0.489315 0.071154 0.064377 hargrave 2021-03-11 17:53:16 
TT 610 094.8 -02.3 094.3 014.3 4.62E-05 002.3 264.9 -15.4 0.174381 0.057888 0.057315 hargrave 2021-03-14 15:19:20 
TT 620 093.8 -03.3 093.4 013.2 4.39E-05 001.8 265.4 -16.7 0.132499 0.039629 0.055155 hargrave 2021-03-16 12:13:21 
TT 630 094.9 -11.5 095.1 005.1 3.89E-05 002.4 273.7 -19.2 0.162590 0.048789 0.034345 hargrave 2021-03-16 18:03:00 
TT 640 088.2 -04.3 087.8 011.6 3.35E-05 002.6 263.8 -22.2 0.146150 0.036922 0.045795 hargrave 2021-03-19 16:12:29 
TT 650 083.4 -16.1 084.4 -00.6 2.04E-05 003.5 273.7 -31.3 0.118085 0.025547 0.034228 hargrave 2021-03-22 17:12:51 
TT 660 078.1 -10.1 078.5 004.7 1.72E-05 002.7 264.8 -33.7 0.076069 0.028969 0.014567 hargrave 2021-03-23 15:39:29 
TT 664 080.9 -11.2 081.4 004.0 1.41E-05 001.0 267.3 -31.6 0.023462 0.018942 0.014425 hargrave 2021-03-24 11:41:54 
TT 667 091.3 -13.8 091.8 002.5 1.53E-05 001.5 274.5 -23.3 0.027211 0.021069 0.031613 hargrave 2021-03-24 16:41:49 
TT 670 085.2 003.6 083.9 019.2 4.36E-06 004.3 254.8 -21.1 0.024374 0.010405 0.021409 hargrave 2021-03-25 19:02:35 
TT 670 203.6 -59.7 175.8 -57.1 8.42E-06 005.8 001.4 004.3 0.014614 0.082442 0.024082 hargrave 2021-03-25 21:13:12 
TT 672 080.9 -01.4 080.0 013.7 8.78E-06 002.3 257.2 -27.3 0.028238 0.017688 0.019475 hargrave 2021-03-26 15:10:09 
TT 674 082.7 -02.0 082.0 013.3 9.24E-06 004.7 258.8 -26.0 0.071375 0.026526 0.014783 hargrave 2021-03-29 11:17:05 
TT 676 067.5 -10.3 068.3 002.7 7.45E-06 003.0 259.4 -43.2 0.027770 0.019308 0.022736 hargrave 2021-03-29 18:08:21 
TT 678 073.2 -13.8 074.3 000.3 4.78E-06 001.9 266.6 -39.6 0.007233 0.010797 0.021667 hargrave 2021-03-30 15:28:38 
TT 679 070.7 005.7 068.3 019.1 6.56E-06 001.9 244.0 -32.2 0.012096 0.015921 0.015456 hargrave 2021-03-31 14:02:01 
TT 681 092.6 001.7 091.8 018.1 7.22E-06 003.5 260.2 -15.5 0.044089 0.015132 0.008714 hargrave 2021-04-01 14:07:28 
TT 683 095.5 -06.5 095.4 010.1 4.52E-06 005.5 269.2 -16.6 0.030965 0.009898 0.033709 hargrave 2021-04-02 14:54:04 
TT 685 203.7 -26.5 195.1 -26.9 3.45E-06 010.1 003.3 037.4 0.005211 0.061653 0.004651 hargrave 2021-04-05 10:50:33 
TT 686 333.9 069.4 314.4 055.4 2.60E-06 004.9 164.8 011.2 0.008353 0.021390 0.002084 hargrave 2021-04-05 17:49:14 
