NW1- 1a mag compass orientation (IGRF corrected)
      0 308.8  53.0   0.0   0.0   1.0
NRM    260.6  37.4 260.6  37.4 3.41E-05 002.5 103.7  57.0 0.117247 0.101057 0.009959 hargrave 2021-02-19 19:20:25 
TT 100 269.3  27.9 269.3  27.9 2.89E-05 001.8 093.0  46.9 0.058153 0.059018 0.057086 hargrave 2021-06-11 17:29:40 
TT 200 272.0  19.0 272.0  19.0 1.35E-05 067.4 083.9  40.4 0.117695 1.091123 0.935822 hargrave 2021-06-12 13:22:47 
TT 200 271.8  15.9 271.8  15.9 2.68E-05 002.3 080.4  38.9 0.090510 0.045611 0.048654 hargrave 2021-06-12 14:14:26 
TT 300 275.5  13.2 275.5  13.2 2.78E-05 003.0 080.3  34.3 0.136553 0.078455 0.064483 hargrave 2021-06-14 13:17:38 
TT 400 279.5  09.8 279.5  09.8 2.87E-05 003.6 079.8  29.2 0.149679 0.086761 0.084747 hargrave 2021-06-16 09:52:41 
TT 450 279.9  10.0 279.9  10.0 1.49E-05 027.6 080.2  29.0 0.238305 1.369688 0.768390 hargrave 2021-06-22 11:51:57 
TT 450 274.3  02.6 274.3  02.6 3.02E-05 007.7 069.7  28.6 0.378219 0.165111 0.035216 hargrave 2021-06-22 12:47:16 
TT 500 287.7  15.0 287.7  15.0 1.54E-05 035.1 089.9  25.7 0.113410 1.483976 0.712476 hargrave 2021-06-22 18:18:29 
TT 500 281.0  05.6 281.0  05.6 3.10E-05 002.5 077.1  25.4 0.132225 0.085972 0.024912 hargrave 2021-06-23 10:12:45 
TT 525 280.5  04.1 280.5  04.1 3.18E-05 002.7 075.5  24.9 0.138244 0.101587 0.051072 hargrave 2021-06-23 14:12:26 
TT 550 282.2  05.2 282.2  05.2 3.16E-05 006.0 077.6  24.2 0.323871 0.109460 0.043480 hargrave 2021-06-24 10:06:03 
TT 560 282.2  03.6 282.2  03.6 3.18E-05 002.3 076.2  23.3 0.110853 0.097050 0.060127 hargrave 2021-06-24 15:52:46 
TT 570 279.8  03.3 279.8  03.3 1.56E-05 035.9 074.3  24.9 0.417942 1.460025 0.700716 hargrave 2021-06-25 11:08:14 
TT 570 281.5  04.4 281.5  04.4 3.12E-05 002.7 076.4  24.2 0.145916 0.103523 0.029592 hargrave 2021-06-25 11:58:25 
TT 580 282.2  03.9 282.2  03.9 3.06E-05 002.3 076.5  23.4 0.121852 0.095031 0.029870 hargrave 2021-06-25 15:49:47 
TT 590 283.2  05.0 283.2  05.0 2.95E-05 002.4 078.2  23.3 0.109953 0.128832 0.034315 hargrave 2021-06-26 10:38:20 
TT 600 287.3  05.7 287.3  05.7 2.73E-05 003.5 081.4  20.6 0.163592 0.117617 0.042443 hargrave 2021-06-26 15:25:51 
TT 610 286.1  11.5 286.1  11.5 2.17E-05 002.5 085.7  25.0 0.084876 0.049863 0.043599 hargrave 2021-06-27 12:14:19 
