NW1- 7a mag compass orientation (IGRF corrected)
      0 298.8  62.0   0.0   0.0   1.0
NRM    219.5  64.1 219.5  64.1 1.55E-04 002.4 172.2  53.3 0.114184 0.623050 0.132886 hargrave 2021-02-19 19:31:38 
TT 100 217.6  63.7 217.6  63.7 1.50E-04 000.8 173.4  53.8 0.093219 0.172526 0.098350 hargrave 2021-06-11 17:40:54 
TT 200 221.6  61.6 221.6  61.6 1.46E-04 001.4 169.3  55.3 0.050550 0.338821 0.098783 hargrave 2021-06-12 13:35:00 
TT 300 227.1  58.9 227.1  58.9 1.41E-04 001.2 162.9  56.6 0.107950 0.268733 0.103860 hargrave 2021-06-14 13:27:51 
TT 400 235.7  53.6 235.7  53.6 1.35E-04 002.0 149.9  57.7 0.219011 0.409947 0.062037 hargrave 2021-06-16 10:04:44 
TT 450 238.3  51.1 238.3  51.1 1.33E-04 000.6 144.3  58.0 0.098572 0.084062 0.070012 hargrave 2021-06-22 12:04:50 
TT 500 240.0  50.6 240.0  50.6 1.29E-04 001.7 142.5  57.3 0.160458 0.370515 0.069769 hargrave 2021-06-22 18:28:16 
TT 525 241.4  48.6 241.4  48.6 1.27E-04 001.2 138.3  57.5 0.115943 0.265834 0.080878 hargrave 2021-06-23 14:22:27 
TT 550 241.7  47.9 241.7  47.9 1.25E-04 002.0 137.0  57.7 0.239421 0.375150 0.085987 hargrave 2021-06-24 10:16:51 
TT 560 242.8  46.7 242.8  46.7 1.24E-04 001.2 134.4  57.6 0.175380 0.229065 0.060091 hargrave 2021-06-24 16:02:46 
TT 570 240.6  47.2 240.6  47.2 1.21E-04 001.2 136.4  58.7 0.179823 0.221814 0.073904 hargrave 2021-06-25 11:18:15 
TT 580 240.7  45.7 240.7  45.7 1.16E-04 001.0 133.7  59.3 0.130583 0.157368 0.055621 hargrave 2021-06-25 15:59:01 
TT 590 243.5  42.3 243.5  42.3 1.12E-04 002.6 126.2  58.5 0.359964 0.352004 0.054867 hargrave 2021-06-26 10:47:36 
TT 600 245.5  40.3 245.5  40.3 1.05E-04 000.7 122.0  57.5 0.087955 0.119933 0.048606 hargrave 2021-06-26 15:35:54 
TT 610 244.2  41.9 244.2  41.9 9.39E-05 000.9 125.3  58.1 0.156058 0.053434 0.042363 hargrave 2021-06-27 12:22:52 
