NW1- 8a mag compass orientation (IGRF corrected)
      0 306.8  65.0   0.0   0.0   1.0
NRM    221.2  33.8 221.2  33.8 6.53E-05 000.8 157.6  80.4 0.044523 0.077942 0.019399 hargrave 2021-02-19 19:33:12 
TT 100 223.3  31.2 223.3  31.2 6.26E-05 000.8 138.5  81.6 0.046390 0.060193 0.061322 hargrave 2021-06-11 17:42:29 
TT 200 222.6  30.7 222.6  30.7 6.09E-05 001.4 139.7  82.3 0.024871 0.136574 0.070287 hargrave 2021-06-12 13:36:35 
TT 300 224.1  28.5 224.1  28.5 6.15E-05 001.4 119.8  82.6 0.023166 0.144155 0.068600 hargrave 2021-06-14 13:29:09 
TT 400 227.7  27.2 227.7  27.2 6.24E-05 001.2 104.9  80.0 0.065043 0.104232 0.052409 hargrave 2021-06-16 10:06:18 
TT 450 229.4  26.4 229.4  26.4 6.04E-05 001.1 099.9  78.6 0.030551 0.101889 0.072305 hargrave 2021-06-22 12:06:25 
TT 500 230.4  25.4 230.4  25.4 5.86E-05 001.4 094.9  77.7 0.101825 0.082752 0.074551 hargrave 2021-06-22 18:29:32 
TT 525 232.0  21.9 232.0  21.9 5.81E-05 001.2 080.4  75.8 0.053816 0.089741 0.074923 hargrave 2021-06-23 14:23:43 
TT 550 231.1  19.6 231.1  19.6 5.81E-05 001.0 070.6  75.7 0.027053 0.083051 0.091901 hargrave 2021-06-24 10:18:07 
TT 560 232.2  19.4 232.2  19.4 5.76E-05 001.3 071.4  74.7 0.066311 0.102155 0.061922 hargrave 2021-06-24 16:04:03 
TT 570 231.5  18.4 231.5  18.4 5.66E-05 000.9 066.9  74.8 0.034254 0.073130 0.068991 hargrave 2021-06-25 11:19:31 
TT 580 232.9  17.7 232.9  17.7 5.54E-05 001.8 067.4  73.3 0.118925 0.114756 0.057923 hargrave 2021-06-25 16:00:17 
TT 590 231.6  19.0 231.6  19.0 5.25E-05 001.3 069.2  75.1 0.072958 0.089370 0.046713 hargrave 2021-06-26 10:49:34 
TT 600 227.8  16.7 227.8  16.7 4.73E-05 000.7 052.9  76.8 0.024485 0.043558 0.046287 hargrave 2021-06-26 15:37:11 
TT 610 222.3  23.0 222.3  23.0 3.92E-05 000.9 069.5  84.6 0.037096 0.044394 0.057061 hargrave 2021-06-27 12:24:49 
