NW1- 6a mag compass orientation (IGRF corrected)
      0 306.8  74.0   0.0   0.0   1.0
NRM    263.6  60.6 263.6  60.6 1.33E-04 004.5 154.3  34.3 0.508902 0.885745 0.235523 hargrave 2021-02-19 19:30:08 
TT 100 263.4  60.7 263.4  60.7 1.24E-04 004.2 154.5  34.3 0.431367 0.794145 0.074047 hargrave 2021-06-11 17:39:25 
TT 200 259.2  59.3 259.2  59.3 1.22E-04 001.5 154.6  36.8 0.152065 0.285966 0.069682 hargrave 2021-06-12 13:33:30 
TT 300 262.9  51.4 262.9  51.4 5.92E-05 028.1 144.5  39.1 4.000957 2.848548 3.992816 hargrave 2021-06-14 13:26:33 
TT 300 262.3  53.0 262.3  53.0 1.20E-04 001.0 146.6  38.8 0.071754 0.193554 0.081331 hargrave 2021-06-14 14:13:40 
TT 400 264.8  44.7 264.8  44.7 1.16E-04 001.2 135.9  40.6 0.188285 0.147734 0.070269 hargrave 2021-06-16 10:03:15 
TT 450 265.7  42.6 265.7  42.6 1.15E-04 002.7 132.9  40.7 0.418377 0.365935 0.063908 hargrave 2021-06-22 12:03:20 
TT 500 264.2  44.9 264.2  44.9 1.15E-04 003.3 136.4  40.9 0.565311 0.387818 0.060593 hargrave 2021-06-22 18:27:02 
TT 525 266.4  40.6 266.4  40.6 1.13E-04 001.0 130.2  40.7 0.109708 0.177147 0.071268 hargrave 2021-06-23 14:21:13 
TT 550 266.4  39.7 266.4  39.7 1.11E-04 001.3 129.1  41.0 0.127172 0.231495 0.060978 hargrave 2021-06-24 10:15:37 
TT 560 266.3  39.9 266.3  39.9 1.09E-04 001.6 129.5  40.9 0.187039 0.255583 0.059088 hargrave 2021-06-24 16:01:30 
TT 570 267.4  38.1 267.4  38.1 1.07E-04 002.7 126.8  40.5 0.359215 0.357238 0.061646 hargrave 2021-06-25 11:16:58 
TT 580 268.7  40.2 268.7  40.2 1.06E-04 001.6 129.2  39.1 0.180189 0.252395 0.065334 hargrave 2021-06-25 15:57:48 
TT 590 267.4  36.5 267.4  36.5 9.83E-05 001.6 124.8  40.9 0.181046 0.209579 0.090129 hargrave 2021-06-26 10:46:23 
TT 600 269.5  34.8 269.5  34.8 9.39E-05 001.1 122.2  39.5 0.140621 0.050388 0.122438 hargrave 2021-06-26 15:34:38 
TT 610 273.4  32.8 273.4  32.8 8.34E-05 001.1 119.3  36.4 0.152900 0.051372 0.057052 hargrave 2021-06-27 12:21:39 
TT 620 273.6  30.4 273.6  30.4 8.22E-05 002.1 116.2  36.4 0.299766 0.047761 0.081453 hargrave 2021-06-27 16:38:50 
TT 630 273.4  26.8 273.4  26.8 7.80E-05 001.1 111.8  36.6 0.119346 0.082201 0.072635 hargrave 2021-06-28 14:53:13 
TT 640 270.2  25.3 270.2  25.3 7.18E-05 001.4 109.9  39.4 0.158555 0.050417 0.077037 hargrave 2021-06-29 09:55:15 
TT 650 269.8  35.9 269.8  35.9 6.40E-05 009.4 123.6  39.0 0.855618 0.629648 0.036913 hargrave 2021-06-29 15:19:48 
TT 650 271.1  25.9 271.1  25.9 6.50E-05 001.7 110.7  38.7 0.192088 0.065800 0.040294 hargrave 2021-06-29 15:58:28 
TT 660 272.4  30.2 272.4  30.2 5.77E-05 001.3 116.0  37.5 0.079497 0.097024 0.050203 hargrave 2021-06-30 13:11:44 
TT 664 275.7  31.3 275.7  31.3 5.08E-05 002.0 117.3  34.6 0.168880 0.050940 0.045598 hargrave 2021-07-01 09:46:46 
TT 666 271.9  27.6 271.9  27.6 5.02E-05 001.8 112.7  37.9 0.153906 0.035177 0.040879 hargrave 2021-07-01 15:02:00 
TT 668 273.3  33.9 273.3  33.9 4.38E-05 003.6 120.7  36.4 0.223254 0.166365 0.022184 hargrave 2021-07-02 10:08:01 
TT 670 270.2  30.3 270.2  30.3 3.89E-05 001.5 116.3  39.3 0.073306 0.097512 0.019472 hargrave 2021-07-02 15:15:02 
TT 672 274.4  31.6 274.4  31.6 2.15E-05 002.6 117.7  35.7 0.072929 0.061142 0.018846 hargrave 2021-07-03 11:34:09 
TT 674 273.4  45.3 273.4  45.3 2.30E-05 000.8 134.5  34.6 0.025428 0.022895 0.014660 hargrave 2021-07-03 16:18:59 
TT 675 276.6  42.8 276.6  42.8 1.31E-05 002.1 130.9  32.8 0.044106 0.022361 0.013101 hargrave 2021-07-04 15:45:24 
TT 677 277.1  21.8 277.1  21.8 6.88E-06 004.1 106.0  33.0 0.049330 0.010092 0.007614 hargrave 2021-07-05 11:41:12 
TT 680 342.0 -11.1 342.0 -11.1 2.68E-06 003.5 088.0 -36.6 0.008616 0.009511 0.012562 hargrave 2021-07-05 17:34:36 
TT 683 276.1 -19.0 276.1 -19.0 5.97E-06 001.8 061.3  22.0 0.012820 0.015914 0.007170 hargrave 2021-07-06 12:56:28 
TT 686 157.0 -11.4 157.0 -11.4 2.65E-06 004.2 291.0  24.8 0.021741 0.004698 0.008169 hargrave 2021-07-06 17:56:43 
