NW1- 14a mag compass orientation (IGRF corrected)
  32.82 306.8  22.0 201.0  83.0   1.0
NRM    152.0 -41.9 144.8 028.5 3.99E-05 003.5 308.9 -30.0 0.106487 0.173276 0.139453 hargrave 2021-02-19 19:42:41 
TT 100 153.9 -49.4 139.6 022.4 4.23E-05 003.4 314.0 -36.4 0.102997 0.155279 0.177448 hargrave 2021-06-11 17:51:56 
TT 200 151.9 -51.0 137.4 022.1 4.44E-05 004.0 313.4 -38.4 0.099216 0.258334 0.156419 hargrave 2021-06-12 13:46:13 
TT 300 153.2 -52.4 136.9 020.6 4.60E-05 003.5 315.1 -39.3 0.102690 0.220213 0.163390 hargrave 2021-06-14 13:37:15 
TT 400 161.6 -56.6 137.0 014.2 4.47E-05 003.2 323.2 -41.0 0.075400 0.183696 0.153378 hargrave 2021-06-16 10:15:50 
TT 450 154.0 -56.7 134.1 017.3 4.42E-05 005.1 318.2 -42.9 0.160520 0.345153 0.119640 hargrave 2021-06-22 12:15:56 
TT 500 155.4 -58.2 133.5 015.7 4.45E-05 004.6 320.0 -43.9 0.147944 0.313805 0.123571 hargrave 2021-06-22 18:37:13 
TT 525 159.7 -59.4 134.1 013.2 4.32E-05 004.9 323.6 -44.0 0.126321 0.330967 0.127576 hargrave 2021-06-23 14:31:33 
TT 550 151.2 -57.7 132.2 017.6 4.15E-05 003.5 317.0 -44.5 0.165292 0.154556 0.140453 hargrave 2021-06-24 10:25:58 
TT 560 152.5 -55.9 134.0 018.4 4.12E-05 003.8 316.7 -42.6 0.232626 0.093711 0.138355 hargrave 2021-06-24 16:11:46 
TT 570 157.9 -60.2 132.9 013.4 4.05E-05 003.5 322.9 -45.1 0.181917 0.096141 0.146863 hargrave 2021-06-25 11:27:19 
TT 580 153.4 -58.9 132.2 015.9 3.94E-05 004.8 319.2 -45.0 0.095597 0.299826 0.126577 hargrave 2021-06-25 16:08:02 
TT 590 158.8 -59.5 133.7 013.5 3.84E-05 003.2 323.1 -44.3 0.132413 0.125988 0.123041 hargrave 2021-06-26 10:57:26 
TT 600 159.2 -57.3 135.6 014.8 3.42E-05 004.0 322.0 -42.2 0.149678 0.183499 0.109353 hargrave 2021-06-26 15:44:56 
TT 610 143.2 -55.5 130.0 022.0 3.16E-05 003.7 310.1 -44.8 0.053885 0.179681 0.088999 hargrave 2021-06-27 12:32:43 
TT 620 142.7 -58.3 128.1 019.9 2.80E-05 003.4 311.8 -47.3 0.116436 0.092198 0.088102 hargrave 2021-06-27 16:49:48 
TT 630 144.1 -57.3 129.3 020.3 2.85E-05 004.3 312.0 -46.1 0.078121 0.187834 0.081646 hargrave 2021-06-28 15:05:49 
TT 640 143.0 -54.6 130.5 022.9 2.64E-05 004.1 309.3 -44.0 0.048122 0.163915 0.088152 hargrave 2021-06-29 10:07:49 
TT 650 146.9 -55.7 131.7 020.7 2.31E-05 004.5 312.7 -43.9 0.056247 0.163017 0.075095 hargrave 2021-06-29 15:33:27 
TT 660 152.2 -53.5 135.7 020.3 1.96E-05 006.7 315.0 -40.5 0.091790 0.205028 0.068800 hargrave 2021-06-30 13:24:15 
TT 664 151.9 -52.9 136.0 020.8 2.05E-05 003.5 314.5 -40.1 0.053610 0.101262 0.066692 hargrave 2021-07-01 09:59:19 
TT 666 149.8 -53.6 134.5 021.1 2.06E-05 004.4 313.4 -41.3 0.051480 0.139529 0.066307 hargrave 2021-07-01 15:14:30 
TT 668 146.6 -55.8 131.4 020.7 1.57E-05 004.0 312.6 -44.1 0.038406 0.100463 0.044002 hargrave 2021-07-02 10:21:30 
TT 670 133.1 -41.5 131.8 037.5 1.51E-05 003.3 293.5 -35.7 0.050291 0.080207 0.036332 hargrave 2021-07-02 15:25:38 
TT 672 130.7 -55.2 123.3 025.7 1.37E-05 002.7 301.1 -48.3 0.028385 0.056588 0.026778 hargrave 2021-07-03 11:44:23 
TT 674 133.8 -35.8 136.0 042.1 1.20E-05 002.4 291.1 -30.4 0.012206 0.040182 0.032526 hargrave 2021-07-03 16:29:20 
TT 675 154.6 -44.0 144.4 025.6 1.23E-05 004.4 311.9 -31.2 0.042152 0.085050 0.027892 hargrave 2021-07-04 15:57:59 
TT 677 108.7 -40.4 108.6 042.6 7.47E-06 004.2 271.8 -43.6 0.046054 0.024301 0.020248 hargrave 2021-07-05 11:53:48 
TT 680 119.8 -57.8 116.1 024.8 3.85E-06 003.2 295.9 -54.0 0.003323 0.021278 0.007142 hargrave 2021-07-05 17:47:12 
TT 683 179.1 -35.5 161.9 013.3 3.07E-06 005.0 328.6 -17.3 0.009756 0.025642 0.005586 hargrave 2021-07-06 13:09:05 
TT 686 094.8 -67.6 104.7 014.5 3.16E-06 001.8 296.3 -68.9 0.002752 0.010235 0.000854 hargrave 2021-07-06 18:09:22 
