NW1- 12a mag compass orientation (IGRF corrected)
      0 294.8  21.0   0.0   0.0   1.0
NRM    180.5 -52.6 180.5 -52.6 8.03E-05 004.4 342.7 -32.9 0.210425 0.582827 0.038485 hargrave 2021-02-19 19:39:22 
TT 100 170.0 -40.0 170.0 -40.0 6.79E-05 007.1 331.9 -22.0 0.384322 0.746550 0.125669 hargrave 2021-06-11 17:48:38 
TT 200 177.3 -57.0 177.3 -57.0 8.70E-05 003.7 341.5 -37.6 0.387663 0.451561 0.049435 hargrave 2021-06-12 13:42:51 
TT 300 178.8 -61.6 178.8 -61.6 8.36E-05 003.4 343.7 -41.9 0.124911 0.485136 0.065659 hargrave 2021-06-14 13:34:22 
TT 400 179.2 -63.4 179.2 -63.4 8.14E-05 001.4 344.5 -43.6 0.058725 0.189727 0.062795 hargrave 2021-06-16 10:12:26 
TT 450 180.9 -64.0 180.9 -64.0 8.06E-05 000.6 345.7 -44.0 0.056772 0.062799 0.050195 hargrave 2021-06-22 12:12:37 
TT 500 175.7 -63.9 175.7 -63.9 7.77E-05 001.9 342.5 -44.4 0.135228 0.227201 0.033848 hargrave 2021-06-22 18:34:30 
TT 525 192.8 -64.4 192.8 -64.4 7.55E-05 003.8 352.9 -43.7 0.077105 0.493982 0.063197 hargrave 2021-06-23 14:28:49 
TT 550 181.6 -64.4 181.6 -64.4 7.55E-05 001.1 346.2 -44.4 0.122989 0.073063 0.075152 hargrave 2021-06-24 10:23:14 
TT 560 187.4 -64.5 187.4 -64.5 7.39E-05 003.5 349.7 -44.1 0.092005 0.444028 0.087864 hargrave 2021-06-24 16:09:03 
TT 570 177.4 -64.6 177.4 -64.6 7.30E-05 004.7 343.8 -44.9 0.166279 0.585090 0.065414 hargrave 2021-06-25 11:24:32 
TT 580 190.4 -65.7 190.4 -65.7 7.22E-05 002.8 351.7 -45.1 0.126096 0.341554 0.068491 hargrave 2021-06-25 16:05:18 
TT 590 187.9 -65.3 187.9 -65.3 7.10E-05 001.0 350.1 -44.8 0.152495 0.058301 0.036696 hargrave 2021-06-26 10:54:39 
TT 600 187.4 -66.6 187.4 -66.6 6.66E-05 001.2 350.1 -46.1 0.072611 0.104156 0.061277 hargrave 2021-06-26 15:42:12 
TT 610 189.3 -66.9 189.3 -66.9 6.48E-05 001.8 351.3 -46.3 0.054959 0.187560 0.060836 hargrave 2021-06-27 12:29:57 
TT 620 188.7 -64.6 188.7 -64.6 5.99E-05 002.0 350.5 -44.1 0.110455 0.169070 0.090803 hargrave 2021-06-27 16:47:05 
TT 630 180.5 -62.9 180.5 -62.9 5.64E-05 001.2 345.1 -43.0 0.065717 0.086932 0.062362 hargrave 2021-06-28 15:02:30 
TT 640 185.2 -62.7 185.2 -62.7 5.35E-05 001.3 347.9 -42.4 0.045408 0.108695 0.053486 hargrave 2021-06-29 10:04:30 
TT 650 180.3 -63.6 180.3 -63.6 4.84E-05 001.0 345.2 -43.7 0.046215 0.062390 0.040977 hargrave 2021-06-29 15:30:06 
TT 660 181.9 -67.5 181.9 -67.5 4.55E-05 000.8 347.3 -47.4 0.043961 0.037739 0.043242 hargrave 2021-06-30 13:20:57 
TT 664 169.3 -70.3 169.3 -70.3 4.08E-05 001.4 341.7 -51.3 0.055121 0.093405 0.023426 hargrave 2021-07-01 09:55:59 
TT 666 183.3 -67.6 183.3 -67.6 3.87E-05 001.7 348.1 -47.4 0.043884 0.111538 0.020074 hargrave 2021-07-01 15:11:11 
TT 668 162.5 -72.5 162.5 -72.5 3.62E-05 001.2 339.8 -54.2 0.049596 0.055840 0.038292 hargrave 2021-07-02 10:18:09 
TT 670 178.8 -66.6 178.8 -66.6 3.07E-05 002.7 345.2 -46.8 0.104454 0.117965 0.035343 hargrave 2021-07-02 15:22:47 
TT 672 188.7 -75.3 188.7 -75.3 2.88E-05 000.7 353.0 -54.7 0.014013 0.023186 0.028173 hargrave 2021-07-03 11:41:40 
TT 674 177.4 -71.1 177.4 -71.1 2.80E-05 000.9 346.2 -51.2 0.017598 0.039661 0.013839 hargrave 2021-07-03 16:26:36 
TT 675 187.5 -77.9 187.5 -77.9 2.71E-05 001.1 353.4 -57.2 0.035099 0.033810 0.024649 hargrave 2021-07-04 15:54:39 
TT 677 160.4 -76.0 160.4 -76.0 1.86E-05 001.6 341.6 -57.5 0.038429 0.019680 0.028790 hargrave 2021-07-05 11:50:28 
TT 680 093.1 -76.9 093.1 -76.9 1.26E-05 001.9 322.3 -69.9 0.022921 0.031950 0.015509 hargrave 2021-07-05 17:43:51 
TT 683 184.7 -68.9 184.7 -68.9 8.53E-06 002.3 349.2 -48.6 0.018117 0.018036 0.023314 hargrave 2021-07-06 13:05:46 
TT 686 111.2 -56.9 111.2 -56.9 4.44E-06 003.7 296.2 -52.6 0.013667 0.024823 0.007831 hargrave 2021-07-06 18:06:03 
