NW1- 9a sun compass orientation
      0 300.8  69.0   0.0   0.0   1.0
NRM    247.1  26.6 247.1  26.6 4.66E-05 002.1 106.8  56.4 0.159127 0.055967 0.046372 hargrave 2021-02-19 19:34:49 
TT 100 247.5  23.6 247.5  23.6 4.52E-05 001.3 101.3  56.0 0.094992 0.032886 0.043836 hargrave 2021-06-11 17:44:05 
TT 200 247.0  23.0 247.0  23.0 4.46E-05 001.9 100.3  56.4 0.141528 0.030234 0.037472 hargrave 2021-06-12 13:38:13 
TT 300 248.5  18.0 248.5  18.0 4.41E-05 001.3 091.9  54.4 0.089018 0.060648 0.050854 hargrave 2021-06-14 13:30:32 
TT 400 250.2  18.0 250.2  18.0 4.44E-05 000.9 092.3  52.8 0.065712 0.049349 0.038444 hargrave 2021-06-16 10:07:54 
TT 450 251.2  13.4 251.2  13.4 4.40E-05 000.6 085.6  50.8 0.040221 0.049562 0.036377 hargrave 2021-06-22 12:08:02 
TT 500 251.1  07.9 251.1  07.9 4.39E-05 001.4 077.5  49.0 0.107076 0.054360 0.026550 hargrave 2021-06-22 18:30:49 
TT 525 250.2  04.3 250.2  04.3 4.50E-05 002.0 072.0  48.2 0.166282 0.056719 0.025372 hargrave 2021-06-23 14:25:02 
TT 550 250.3  04.6 250.3  04.6 4.40E-05 001.4 072.4  48.4 0.080212 0.102180 0.030787 hargrave 2021-06-24 10:19:28 
TT 560 250.7  03.2 250.7  03.2 4.37E-05 002.0 070.9  47.3 0.160457 0.057341 0.026106 hargrave 2021-06-24 16:05:21 
TT 570 248.7  03.8 248.7  03.8 4.38E-05 002.2 070.2  49.3 0.174680 0.062617 0.031882 hargrave 2021-06-25 11:20:50 
TT 580 248.5  01.7 248.5  01.7 4.35E-05 003.1 067.3  48.5 0.237514 0.090773 0.023232 hargrave 2021-06-25 16:01:35 
TT 590 253.0  02.4 253.0  02.4 4.02E-05 001.8 071.4  44.9 0.098032 0.107811 0.017008 hargrave 2021-06-26 10:50:52 
TT 600 257.8 -03.2 257.8 -03.2 3.99E-05 001.1 068.0  38.0 0.058142 0.106744 0.029700 hargrave 2021-06-26 15:38:29 
TT 610 267.5 -08.8 267.5 -08.8 3.14E-05 001.0 067.9  26.8 0.071231 0.111225 0.020758 hargrave 2021-06-27 12:26:10 
