NW1- 3a sun compass orientation
  4.725 303.9  71.0   6.0 121.0   1.0
NRM    225.7 054.1 123.0 -05.5 1.07E-04 002.6 168.3 053.8 0.101029 0.477254 0.070860 hargrave 2021-02-19 19:23:21 
TT 100 236.9 053.8 117.9 -01.3 9.71E-05 003.4 158.5 051.0 0.442966 0.200266 0.309659 hargrave 2021-06-11 17:32:39 
TT 200 238.9 051.7 118.0 001.1 9.35E-05 003.0 154.9 051.9 0.382575 0.108316 0.277170 hargrave 2021-06-12 13:25:47 
TT 300 242.8 049.1 117.1 004.6 9.01E-05 002.2 149.0 052.0 0.277195 0.140181 0.215937 hargrave 2021-06-14 13:20:07 
TT 400 240.8 049.5 118.1 003.6 8.73E-05 003.5 151.0 052.7 0.439513 0.143249 0.263079 hargrave 2021-06-16 09:55:37 
TT 450 246.2 045.2 116.8 009.1 8.51E-05 002.8 141.7 052.6 0.359847 0.048970 0.219659 hargrave 2021-06-22 11:55:44 
TT 500 246.8 043.9 116.9 010.5 8.31E-05 002.5 139.5 052.9 0.161914 0.253594 0.217832 hargrave 2021-06-22 18:20:50 
TT 525 247.2 044.6 116.4 010.0 8.06E-05 002.8 140.2 052.3 0.104058 0.317420 0.218270 hargrave 2021-06-23 14:15:30 
TT 550 246.5 045.0 116.7 009.4 7.91E-05 002.6 141.3 052.5 0.156954 0.243385 0.212017 hargrave 2021-06-24 10:09:08 
TT 560 248.6 043.0 116.1 011.8 7.73E-05 003.4 137.2 052.2 0.063023 0.406119 0.217592 hargrave 2021-06-24 15:55:53 
TT 570 247.5 041.4 117.5 012.9 3.78E-05 079.7 135.5 053.7 1.707225 1.679899 3.255664 hargrave 2021-06-25 11:10:37 
TT 570 250.6 042.0 115.2 013.4 7.53E-05 002.4 134.6 051.4 0.138127 0.182637 0.215367 hargrave 2021-06-25 11:59:38 
TT 580 247.8 046.7 115.1 008.3 7.30E-05 002.6 142.7 050.8 0.223333 0.153408 0.202774 hargrave 2021-06-25 15:52:10 
TT 590 251.9 045.8 112.8 010.1 7.04E-05 002.6 139.3 048.8 0.107849 0.228775 0.195056 hargrave 2021-06-26 10:40:45 
TT 600 253.4 046.0 111.7 010.3 6.38E-05 003.2 138.9 047.8 0.052399 0.315941 0.177352 hargrave 2021-06-26 15:28:58 
TT 610 255.3 041.9 111.8 014.7 5.39E-05 002.9 132.4 048.2 0.170974 0.168373 0.152598 hargrave 2021-06-27 12:16:41 
TT 620 254.5 040.1 113.0 016.2 5.29E-05 003.1 130.1 049.4 0.158853 0.218536 0.139464 hargrave 2021-06-27 16:33:15 
TT 630 253.8 041.2 113.1 015.0 4.91E-05 003.0 132.0 049.5 0.211887 0.042430 0.141880 hargrave 2021-06-28 14:46:25 
TT 640 251.5 041.9 114.5 013.7 4.86E-05 002.8 134.0 050.8 0.070844 0.179607 0.135880 hargrave 2021-06-29 09:48:27 
TT 650 253.4 040.3 113.7 015.7 4.42E-05 002.5 130.9 050.1 0.100391 0.129538 0.110396 hargrave 2021-06-29 15:12:55 
TT 660 254.0 032.9 115.9 022.8 3.84E-05 002.7 119.4 051.6 0.138904 0.063616 0.104531 hargrave 2021-06-30 13:04:58 
TT 664 257.3 033.7 112.9 023.0 3.12E-05 002.8 119.8 048.8 0.063767 0.114766 0.087891 hargrave 2021-07-01 09:40:02 
TT 666 260.1 038.1 109.2 019.4 3.16E-05 003.5 125.5 045.7 0.074337 0.148681 0.105024 hargrave 2021-07-01 14:54:27 
TT 668 263.9 043.3 105.1 014.9 2.48E-05 003.6 131.7 041.7 0.055605 0.124292 0.082762 hargrave 2021-07-02 10:02:00 
TT 670 260.9 037.5 108.7 020.1 2.45E-05 003.3 124.5 045.2 0.046907 0.111159 0.073149 hargrave 2021-07-02 15:09:17 
TT 672 260.4 038.2 109.0 019.3 1.43E-05 003.3 125.6 045.5 0.055767 0.023226 0.060479 hargrave 2021-07-03 11:29:08 
TT 674 268.4 043.1 101.8 015.6 1.43E-05 003.4 130.5 038.6 0.057012 0.015594 0.063077 hargrave 2021-07-03 16:13:56 
TT 675 266.0 045.3 103.2 013.1 9.00E-06 004.2 133.8 039.8 0.020575 0.048168 0.042924 hargrave 2021-07-04 15:39:24 
TT 677 248.9 049.6 113.3 005.9 9.39E-06 003.0 145.8 048.6 0.011635 0.046975 0.014731 hargrave 2021-07-05 11:35:12 
TT 680 148.7 079.0 107.0 -37.2 3.47E-06 005.5 190.9 023.3 0.007649 0.032830 0.003683 hargrave 2021-07-05 17:28:35 
TT 683 309.7 017.7 057.7 031.5 4.73E-06 006.6 108.6 000.5 0.050968 0.020617 0.009632 hargrave 2021-07-06 12:48:53 
TT 686 021.2 027.8 024.2 -26.0 4.02E-06 001.4 164.9 -41.6 0.006187 0.006797 0.005461 hargrave 2021-07-06 17:50:41 
