NW1- 5a mag compass orientation (IGRF corrected)
   4.78 313.8  71.0   6.0 121.0   1.0
NRM    343.9 -47.4 327.4 036.7 6.28E-10 081.5 045.0 -34.1 0.000457 0.000418 0.000483 hargrave 2021-02-19 19:28:40 
NRM    215.5 061.9 121.1 -14.8 3.66E-05 041.1 185.7 046.7 2.669101 0.286672 2.843242 hargrave 2021-02-20 10:25:50 
TT 100 221.1 055.9 123.6 -08.7 4.64E-05 003.0 182.5 053.0 0.026012 0.243672 0.033600 hargrave 2021-06-11 17:37:57 
TT 200 225.1 054.7 122.8 -06.2 4.56E-05 002.5 178.7 054.3 0.030847 0.199397 0.020838 hargrave 2021-06-12 13:31:09 
TT 300 235.4 051.1 120.1 000.4 4.49E-05 000.9 166.8 056.6 0.057008 0.043911 0.030915 hargrave 2021-06-14 13:23:58 
TT 400 238.9 049.6 119.1 002.9 4.45E-05 001.2 161.9 057.1 0.071406 0.035974 0.053284 hargrave 2021-06-16 10:01:46 
TT 450 245.2 046.3 116.9 007.8 4.35E-05 004.5 152.0 057.5 0.128222 0.316153 0.051543 hargrave 2021-06-22 12:01:51 
TT 500 244.7 046.6 117.1 007.4 4.26E-05 002.1 152.8 057.5 0.167868 0.060643 0.052361 hargrave 2021-06-22 18:25:10 
TT 525 244.9 046.8 116.9 007.3 4.22E-05 001.9 152.9 057.3 0.068239 0.113555 0.050749 hargrave 2021-06-23 14:20:01 
TT 550 245.4 046.8 116.6 007.5 4.11E-05 001.9 152.4 057.1 0.080578 0.073032 0.097889 hargrave 2021-06-24 10:13:41 
TT 560 247.9 043.9 116.3 010.8 3.99E-05 001.4 146.3 058.0 0.070459 0.041520 0.054278 hargrave 2021-06-24 16:00:18 
TT 570 247.5 044.7 116.1 010.0 3.98E-05 001.5 147.8 057.6 0.041406 0.085128 0.054149 hargrave 2021-06-25 11:15:46 
TT 580 248.0 045.4 115.6 009.5 3.89E-05 001.8 148.2 056.9 0.058904 0.092661 0.059115 hargrave 2021-06-25 15:56:36 
TT 590 248.9 043.7 115.7 011.3 3.72E-05 002.8 145.1 057.6 0.037678 0.168708 0.070879 hargrave 2021-06-26 10:45:11 
TT 600 257.3 040.7 110.7 016.3 3.30E-05 002.2 134.4 054.1 0.019515 0.107602 0.068198 hargrave 2021-06-26 15:33:21 
TT 610 255.0 038.6 113.1 017.7 3.03E-05 002.3 132.6 056.6 0.031531 0.101653 0.056874 hargrave 2021-06-27 12:20:27 
TT 620 253.6 040.3 113.5 015.7 2.95E-05 001.9 136.3 056.7 0.014249 0.082074 0.057081 hargrave 2021-06-27 16:37:38 
TT 630 257.4 038.2 111.3 018.6 2.77E-05 003.6 130.6 055.1 0.083199 0.142527 0.054299 hargrave 2021-06-28 14:51:45 
TT 640 250.2 043.1 115.0 012.2 2.77E-05 003.4 143.2 057.2 0.052279 0.152011 0.044044 hargrave 2021-06-29 09:53:47 
TT 650 251.8 035.4 116.9 019.8 2.42E-05 002.7 129.3 060.4 0.041500 0.099379 0.032199 hargrave 2021-06-29 15:18:16 
TT 660 246.2 034.8 121.4 018.5 2.18E-05 002.6 133.1 064.6 0.040917 0.089540 0.019240 hargrave 2021-06-30 13:10:16 
TT 664 253.2 029.6 118.0 025.6 1.89E-05 002.0 117.3 061.3 0.020992 0.057274 0.024485 hargrave 2021-07-01 09:45:18 
TT 666 255.2 026.9 117.2 028.8 1.55E-05 002.9 111.1 060.1 0.045665 0.059332 0.021599 hargrave 2021-07-01 15:00:32 
TT 668 254.6 028.7 117.0 026.9 1.40E-05 001.9 115.0 060.3 0.018644 0.039463 0.019569 hargrave 2021-07-02 10:06:32 
TT 670 247.5 026.5 124.4 026.4 1.50E-05 001.5 113.4 066.9 0.011446 0.035777 0.012982 hargrave 2021-07-02 15:13:46 
TT 672 246.7 009.6 135.4 040.6 5.75E-06 002.4 070.3 065.9 0.008490 0.017724 0.014960 hargrave 2021-07-03 11:32:57 
TT 674 269.1 039.1 101.7 019.6 6.48E-06 003.9 127.2 046.2 0.026137 0.033137 0.016080 hargrave 2021-07-03 16:17:47 
TT 675 221.5 018.3 150.4 018.1 4.83E-06 001.7 288.3 087.7 0.005052 0.013840 0.000917 hargrave 2021-07-04 15:43:56 
TT 677 241.7 014.5 137.1 033.8 4.59E-06 002.8 078.0 072.3 0.009952 0.018876 0.006873 hargrave 2021-07-05 11:39:43 
TT 680 179.5 044.2 148.0 -25.4 3.59E-06 003.7 225.5 045.4 0.003653 0.022911 0.008422 hargrave 2021-07-05 17:33:08 
TT 683 155.4 -65.9 254.4 017.0 2.00E-06 002.8 337.4 -08.9 0.008929 0.006484 0.003650 hargrave 2021-07-06 12:55:00 
TT 686 134.0 -35.4 244.7 -14.6 2.48E-06 002.1 303.9 -10.7 0.007252 0.005819 0.003094 hargrave 2021-07-06 17:55:14 
