NW1- 4a mag compass orientation (IGRF corrected)
      0 310.8  78.0   0.0   0.0   1.0
NRM    239.2  57.3 239.2  57.3 1.20E-04 000.4 166.6  42.5 0.101765 0.066908 0.055344 hargrave 2021-02-19 19:25:06 
TT 100 248.3  57.5 248.3  57.5 1.09E-04 002.0 161.1  39.9 0.088860 0.353462 0.095742 hargrave 2021-06-11 17:34:23 
TT 200 244.7  58.4 244.7  58.4 1.03E-04 001.9 163.9  40.2 0.052789 0.320498 0.135661 hargrave 2021-06-12 13:27:33 
TT 300 251.5  56.2 251.5  56.2 9.92E-05 002.0 158.3  39.8 0.097978 0.314134 0.138230 hargrave 2021-06-14 13:21:39 
TT 400 247.8  57.4 247.8  57.4 9.45E-05 004.4 161.3  40.2 0.307346 0.637039 0.165702 hargrave 2021-06-16 09:57:21 
TT 450 252.2  54.8 252.2  54.8 9.34E-05 003.4 156.6  40.6 0.147580 0.513690 0.137531 hargrave 2021-06-22 11:57:28 
TT 500 254.9  53.6 254.9  53.6 9.09E-05 003.8 154.1  40.4 0.346696 0.482225 0.140065 hargrave 2021-06-22 18:22:16 
TT 525 253.3  54.8 253.3  54.8 8.91E-05 002.1 156.1  40.2 0.191212 0.235640 0.133717 hargrave 2021-06-23 14:17:01 
TT 550 258.9  51.3 258.9  51.3 8.65E-05 001.5 149.8  40.0 0.142963 0.139103 0.121279 hargrave 2021-06-24 10:10:38 
TT 560 257.0  52.3 257.0  52.3 8.40E-05 001.4 151.7  40.4 0.118898 0.128803 0.109781 hargrave 2021-06-24 15:57:19 
TT 570 251.3  52.7 251.3  52.7 8.06E-05 005.9 155.3  42.5 0.252540 0.784360 0.095376 hargrave 2021-06-25 11:12:03 
TT 580 258.7  49.0 258.7  49.0 7.97E-05 001.5 147.4  41.6 0.094861 0.170006 0.091809 hargrave 2021-06-25 15:53:40 
TT 590 251.7  52.9 251.7  52.9 7.31E-05 001.8 155.3  42.2 0.109878 0.195452 0.077176 hargrave 2021-06-26 10:42:11 
TT 600 255.3  51.4 255.3  51.4 6.91E-05 006.0 151.8  41.7 0.275658 0.665651 0.093464 hargrave 2021-06-26 15:30:25 
TT 610 251.5  56.6 251.5  56.6 6.20E-05 003.7 158.6  39.5 0.203506 0.350184 0.091145 hargrave 2021-06-27 12:18:10 
