NW1- 11a mag compass orientation (IGRF corrected)
      0 306.8  39.0   0.0   0.0   1.0
NRM    131.0  11.3 131.0  11.3 4.31E-05 002.3 266.0  11.4 0.170747 0.025764 0.037164 hargrave 2021-02-19 19:37:53 
TT 100 127.8  03.3 127.8  03.3 3.92E-05 006.0 268.7  03.2 0.410077 0.065857 0.058529 hargrave 2021-06-11 17:47:09 
TT 200 130.5 -01.8 130.5 -01.8 3.72E-05 002.4 274.0  01.0 0.152303 0.067415 0.028646 hargrave 2021-06-12 13:41:20 
TT 300 129.5 -04.1 129.5 -04.1 3.54E-05 005.8 274.7 -01.5 0.360330 0.065351 0.027862 hargrave 2021-06-14 13:33:09 
TT 400 127.1 -05.9 127.1 -05.9 3.39E-05 008.2 273.9 -04.4 0.486263 0.073178 0.035451 hargrave 2021-06-16 10:10:58 
TT 400 130.6 -07.1 130.6 -07.1 3.41E-05 003.6 277.4 -03.2 0.209932 0.047957 0.022555 hargrave 2021-06-16 11:03:19 
TT 450 127.0 -07.3 127.0 -07.3 3.26E-05 002.3 274.8 -05.6 0.118764 0.067499 0.057226 hargrave 2021-06-22 12:11:08 
TT 500 127.9 -06.6 127.9 -06.6 3.20E-05 007.0 275.0 -04.5 0.387386 0.070855 0.054325 hargrave 2021-06-22 18:33:19 
TT 525 135.8 -11.9 135.8 -11.9 3.11E-05 002.1 284.4 -03.6 0.109533 0.092552 0.022029 hargrave 2021-06-23 14:27:36 
TT 550 133.4 -11.2 133.4 -11.2 2.99E-05 003.6 282.2 -04.6 0.184808 0.102509 0.041647 hargrave 2021-06-24 10:22:02 
TT 560 131.7 -07.7 131.7 -07.7 2.84E-05 003.3 278.7 -02.9 0.164793 0.078502 0.022287 hargrave 2021-06-24 16:07:51 
TT 570 128.6 -10.2 128.6 -10.2 2.75E-05 009.0 277.8 -06.7 0.436822 0.107184 0.016011 hargrave 2021-06-25 11:23:20 
TT 570 132.5 -14.3 132.5 -14.3 2.79E-05 001.7 283.5 -07.6 0.075578 0.065307 0.035496 hargrave 2021-06-25 12:01:34 
TT 580 132.5 -14.1 132.5 -14.1 2.77E-05 002.7 283.3 -07.4 0.128358 0.114047 0.013978 hargrave 2021-06-25 16:04:06 
TT 590 133.2 -16.0 133.2 -16.0 2.48E-05 005.4 285.0 -08.4 0.222087 0.089273 0.045159 hargrave 2021-06-26 10:53:27 
TT 600 131.0 -14.9 131.0 -14.9 2.53E-05 002.7 282.7 -09.0 0.110440 0.066648 0.044442 hargrave 2021-06-26 15:40:59 
TT 610 124.7 -21.0 124.7 -21.0 2.47E-05 002.8 282.1 -17.5 0.122511 0.080146 0.026855 hargrave 2021-06-27 12:28:45 
