NW1- 2a sun compass orientation
      0 301.2  62.0   0.0   0.0   1.0
NRM    179.3  15.0 179.3  15.0 6.54E-05 003.3 287.0  57.8 0.349656 0.153539 0.059021 hargrave 2021-02-19 19:21:52 
TT 100 188.0  21.7 188.0  21.7 5.37E-05 001.1 281.5  68.0 0.030091 0.087243 0.053877 hargrave 2021-06-11 17:31:09 
TT 200 188.1  19.4 188.1  19.4 5.28E-05 002.3 287.1  67.2 0.157854 0.138684 0.029901 hargrave 2021-06-12 13:24:16 
TT 300 189.5  19.2 189.5  19.2 5.15E-05 002.2 289.2  68.3 0.173302 0.077000 0.048274 hargrave 2021-06-14 13:18:53 
TT 400 189.1  18.7 189.1  18.7 4.91E-05 002.1 290.0  67.8 0.113599 0.130495 0.061247 hargrave 2021-06-16 09:54:07 
TT 450 191.4  17.5 191.4  17.5 4.83E-05 003.2 295.9  69.0 0.196810 0.177187 0.029449 hargrave 2021-06-22 11:54:14 
TT 500 191.8  17.7 191.8  17.7 4.74E-05 001.5 295.9  69.4 0.067631 0.099884 0.029595 hargrave 2021-06-22 18:19:37 
TT 525 191.4  17.8 191.4  17.8 4.58E-05 001.3 294.9  69.1 0.074931 0.056694 0.057783 hargrave 2021-06-23 14:14:17 
TT 550 192.5  13.9 192.5  13.9 4.67E-05 001.0 305.2  67.7 0.055500 0.055059 0.017286 hargrave 2021-06-24 10:07:55 
TT 560 193.9  13.0 193.9  13.0 4.30E-05 001.4 309.4  67.9 0.074068 0.066679 0.045414 hargrave 2021-06-24 15:54:40 
TT 570 196.0  11.2 196.0  11.2 4.34E-05 003.3 316.6  68.0 0.202200 0.146359 0.034030 hargrave 2021-06-25 11:09:24 
TT 580 195.0  09.9 195.0  09.9 4.24E-05 001.0 316.7  66.3 0.074959 0.019164 0.020671 hargrave 2021-06-25 15:50:57 
TT 590 200.9  03.9 200.9  03.9 4.12E-05 000.9 336.0  64.0 0.048708 0.042935 0.014699 hargrave 2021-06-26 10:39:29 
TT 600 202.6  10.0 202.6  10.0 3.53E-05 000.7 334.2  70.3 0.038990 0.028133 0.014959 hargrave 2021-06-26 15:27:46 
TT 610 204.7  21.9 204.7  21.9 3.16E-05 001.5 314.3  81.5 0.060335 0.056504 0.013260 hargrave 2021-06-27 12:15:28 
