NW1- 10a mag compass orientation (IGRF corrected)
      0 309.8  45.0   0.0   0.0   1.0
NRM    179.7 -15.0 179.7 -15.0 5.32E-05 002.0 318.6  19.9 0.092525 0.152800 0.051112 hargrave 2021-02-19 19:36:23 
TT 100 178.2 -17.6 178.2 -17.6 5.30E-05 002.5 318.6  16.9 0.153652 0.166469 0.046033 hargrave 2021-06-11 17:45:40 
TT 200 179.6 -21.0 179.6 -21.0 5.33E-05 000.9 321.4  14.5 0.053618 0.055600 0.049218 hargrave 2021-06-12 13:39:50 
TT 300 177.0 -20.5 177.0 -20.5 5.18E-05 003.2 319.0  13.8 0.178927 0.236743 0.038980 hargrave 2021-06-14 13:31:54 
TT 400 182.0 -24.9 182.0 -24.9 4.81E-05 001.2 325.4  12.1 0.051320 0.093388 0.050318 hargrave 2021-06-16 10:09:29 
TT 450 180.8 -22.7 180.8 -22.7 4.76E-05 002.7 323.3  13.6 0.186097 0.145702 0.032136 hargrave 2021-06-22 12:09:37 
TT 500 180.5 -21.8 180.5 -21.8 4.73E-05 001.3 322.6  14.2 0.119189 0.090083 0.040282 hargrave 2021-06-22 18:32:06 
TT 525 185.2 -23.6 185.2 -23.6 4.42E-05 004.1 327.5  14.5 0.154194 0.282522 0.035823 hargrave 2021-06-23 14:26:22 
TT 550 184.3 -26.7 184.3 -26.7 4.36E-05 003.3 328.0  11.3 0.083248 0.254672 0.033020 hargrave 2021-06-24 10:20:46 
TT 560 188.6 -29.4 188.6 -29.4 4.35E-05 004.1 332.7  10.4 0.147875 0.273803 0.030155 hargrave 2021-06-24 16:06:37 
TT 570 189.8 -28.9 189.8 -28.9 4.37E-05 004.1 333.5  11.3 0.149515 0.280792 0.031439 hargrave 2021-06-25 11:22:06 
TT 580 190.1 -27.9 190.1 -27.9 4.32E-05 001.0 333.4  12.3 0.061957 0.057112 0.034808 hargrave 2021-06-25 16:02:52 
TT 590 194.3 -29.9 194.3 -29.9 4.33E-05 001.4 337.6  11.5 0.066945 0.098890 0.027522 hargrave 2021-06-26 10:52:12 
TT 600 195.1 -27.1 195.1 -27.1 3.81E-05 002.4 337.4  14.5 0.104449 0.137671 0.042318 hargrave 2021-06-26 15:39:46 
TT 610 190.7 -21.0 190.7 -21.0 3.33E-05 001.5 331.3  18.9 0.123168 0.052785 0.024459 hargrave 2021-06-27 12:27:30 
TT 620 190.0 -12.7 190.0 -12.7 2.47E-05 003.0 327.3  26.3 0.103413 0.089822 0.021864 hargrave 2021-06-27 16:43:54 
TT 630 187.4 -23.5 187.4 -23.5 2.30E-05 004.5 329.3  15.4 0.074250 0.170306 0.024985 hargrave 2021-06-28 14:59:30 
TT 640 190.7 -23.7 190.7 -23.7 1.77E-05 002.0 332.3  16.3 0.052537 0.046803 0.026126 hargrave 2021-06-29 10:01:32 
TT 650 196.4 -43.1 196.4 -43.1 1.53E-05 001.4 343.1 -00.6 0.048700 0.037567 0.021387 hargrave 2021-06-29 15:27:05 
TT 660 227.9 -49.3 227.9 -49.3 1.04E-05 002.3 005.3 -04.6 0.028551 0.037552 0.017483 hargrave 2021-06-30 13:17:59 
TT 664 174.5 -63.3 174.5 -63.3 7.68E-06 002.2 339.5 -24.1 0.025398 0.018144 0.019042 hargrave 2021-07-01 09:53:00 
TT 666 217.3 -25.1 217.3 -25.1 6.64E-06 001.9 357.6  19.9 0.032572 0.012083 0.024923 hargrave 2021-07-01 15:08:13 
TT 668 229.6 -28.3 229.6 -28.3 6.85E-06 002.5 009.0  16.2 0.024815 0.026003 0.022469 hargrave 2021-07-02 10:15:09 
TT 670 214.5 -09.9 214.5 -09.9 1.00E-05 004.5 353.6  34.9 0.020237 0.076157 0.022870 hargrave 2021-07-02 15:20:16 
TT 672 186.4 -27.0 186.4 -27.0 9.13E-06 002.2 329.9  11.8 0.016534 0.026567 0.020090 hargrave 2021-07-03 11:39:13 
TT 674 137.6 -17.3 137.6 -17.3 4.81E-06 002.8 287.7 -06.9 0.014636 0.024818 0.012428 hargrave 2021-07-03 16:24:11 
TT 675 294.1 -36.7 294.1 -36.7 4.32E-06 004.7 053.3 -15.6 0.040827 0.011111 0.011936 hargrave 2021-07-04 15:51:40 
TT 677 111.7 -55.1 111.7 -55.1 5.94E-06 002.1 309.8 -44.9 0.011861 0.023084 0.033497 hargrave 2021-07-05 11:47:29 
TT 680 204.7  25.9 204.7  25.9 5.61E-06 003.5 322.4  67.4 0.019594 0.026546 0.016907 hargrave 2021-07-05 17:40:53 
TT 683 296.9 -84.3 296.9 -84.3 8.22E-06 002.3 007.7 -43.5 0.015207 0.028429 0.013060 hargrave 2021-07-06 13:02:46 
TT 686 167.0  49.1 167.0  49.1 3.68E-06 003.8 244.0  54.5 0.008763 0.021534 0.012215 hargrave 2021-07-06 18:03:04 
