NW1- 13a sun compass orientation
      0 313.3  29.0   0.0   0.0   1.0
NRM    186.4 -48.5 186.4 -48.5 5.92E-05 003.9 334.3 -23.5 0.207032 0.348318 0.038563 hargrave 2021-02-19 19:40:54 
TT 100 190.8 -56.6 190.8 -56.6 6.39E-05 002.6 339.9 -30.3 0.100010 0.278439 0.045671 hargrave 2021-06-11 17:50:09 
TT 200 200.0 -60.2 200.0 -60.2 6.74E-05 001.3 346.5 -32.6 0.065675 0.147817 0.049414 hargrave 2021-06-12 13:44:23 
TT 300 201.0 -62.0 201.0 -62.0 6.86E-05 001.9 347.6 -34.2 0.083823 0.219449 0.036234 hargrave 2021-06-14 13:35:41 
TT 400 204.9 -63.5 204.9 -63.5 6.90E-05 000.8 350.0 -35.2 0.062398 0.085524 0.043668 hargrave 2021-06-16 10:13:59 
TT 450 197.8 -63.7 197.8 -63.7 6.86E-05 002.8 346.3 -36.2 0.118069 0.318972 0.033193 hargrave 2021-06-22 12:14:09 
TT 500 204.6 -64.2 204.6 -64.2 6.77E-05 003.6 350.1 -36.0 0.145947 0.410032 0.038374 hargrave 2021-06-22 18:35:44 
TT 525 206.7 -63.7 206.7 -63.7 6.66E-05 000.8 351.1 -35.4 0.098144 0.069188 0.050265 hargrave 2021-06-23 14:30:03 
TT 550 207.8 -64.5 207.8 -64.5 6.62E-05 000.9 351.8 -36.0 0.113718 0.083693 0.032309 hargrave 2021-06-24 10:24:28 
TT 560 203.2 -64.1 203.2 -64.1 6.62E-05 001.0 349.3 -36.0 0.105257 0.101669 0.032975 hargrave 2021-06-24 16:10:16 
TT 570 209.5 -64.9 209.5 -64.9 6.48E-05 002.3 352.8 -36.3 0.103802 0.260067 0.032072 hargrave 2021-06-25 11:25:50 
TT 580 209.3 -65.0 209.3 -65.0 6.58E-05 001.9 352.7 -36.4 0.100745 0.209915 0.083578 hargrave 2021-06-25 16:06:32 
TT 590 216.0 -64.6 216.0 -64.6 6.34E-05 003.7 356.1 -35.7 0.124743 0.405279 0.030560 hargrave 2021-06-26 10:55:56 
TT 600 221.5 -64.0 221.5 -64.0 5.96E-05 004.8 359.0 -35.0 0.063241 0.502165 0.027321 hargrave 2021-06-26 15:43:26 
TT 610 208.3 -69.0 208.3 -69.0 5.47E-05 002.4 353.0 -40.5 0.056212 0.227185 0.022817 hargrave 2021-06-27 12:31:14 
