NW2- 16a mag compass orientation (IGRF corrected)
   0.11  45.8  41.0 114.0   2.0   1.0
NRM    265.0 -07.8 265.3 -08.7 2.73E-04 005.0 306.2 018.0 1.957828 1.378374 0.171659 hargrave 2021-02-19 20:13:38 
TT 100 266.0 -09.8 266.4 -10.7 2.71E-04 000.9 308.2 016.8 0.325177 0.229769 0.184991 hargrave 2021-03-24 14:21:28 
TT 200 264.7 -10.2 265.1 -11.2 2.74E-04 002.6 307.3 015.8 0.988799 0.705519 0.170271 hargrave 2021-03-25 16:50:41 
TT 300 260.5 -07.6 260.8 -08.7 2.73E-04 001.9 302.2 015.7 0.730388 0.482806 0.170692 hargrave 2021-03-26 12:37:56 
TT 400 261.9 -08.3 262.2 -09.4 2.69E-04 001.3 303.8 015.9 0.509298 0.306710 0.162996 hargrave 2021-03-26 18:30:01 
TT 450 262.9 -08.6 263.2 -09.6 2.66E-04 000.6 304.8 016.2 0.089626 0.116952 0.257319 hargrave 2021-03-29 14:12:39 
TT 500 262.5 -08.4 262.8 -09.5 2.61E-04 000.8 304.4 016.1 0.307327 0.176137 0.163095 hargrave 2021-03-30 12:48:37 
TT 525 263.5 -09.2 263.8 -10.2 2.57E-04 004.1 305.6 016.0 1.501704 1.031205 0.169254 hargrave 2021-03-31 09:49:45 
TT 550 264.9 -09.7 265.2 -10.6 2.51E-04 002.6 307.1 016.3 0.932889 0.573315 0.304638 hargrave 2021-04-01 11:26:33 
TT 560 261.6 -07.8 261.8 -08.9 2.48E-04 000.6 303.2 016.1 0.205050 0.113900 0.159133 hargrave 2021-04-01 18:32:21 
TT 570 263.8 -09.4 264.1 -10.4 2.43E-04 000.4 306.0 016.0 0.080933 0.078946 0.156666 hargrave 2021-04-02 12:46:58 
TT 580 262.0 -08.2 262.3 -09.3 2.40E-04 001.4 303.8 016.0 0.486605 0.324747 0.140390 hargrave 2021-04-02 17:51:10 
TT 590 266.0 -10.4 266.4 -11.3 2.34E-04 003.3 308.5 016.3 0.998709 0.883064 0.285626 hargrave 2021-04-05 13:49:01 
TT 600 263.1 -08.7 263.4 -09.7 2.21E-04 004.2 305.0 016.2 1.306735 0.917598 0.162054 hargrave 2021-04-06 11:57:26 
TT 610 266.2 -10.8 266.6 -11.7 2.15E-04 002.0 308.9 016.1 0.583365 0.480514 0.145147 hargrave 2021-04-07 13:04:08 
TT 620 265.3 -10.1 265.6 -11.0 2.14E-04 001.2 307.7 016.2 0.356735 0.273876 0.135166 hargrave 2021-04-08 20:46:06 
TT 630 261.7 -07.9 262.0 -09.0 2.11E-04 005.1 303.4 016.1 1.615687 0.991579 0.167263 hargrave 2021-04-16 17:29:41 
TT 640 266.2 -10.7 266.5 -11.6 2.10E-04 003.1 308.8 016.1 0.878708 0.733421 0.137370 hargrave 2021-04-18 20:23:18 
TT 645 260.6 -08.0 260.9 -09.1 2.09E-04 003.5 302.5 015.4 1.023822 0.736348 0.227428 hargrave 2021-04-19 22:30:46 
TT 650 264.6 -09.5 264.9 -10.5 2.03E-04 005.1 306.8 016.3 1.426449 1.104048 0.134125 hargrave 2021-04-21 09:27:41 
TT 655 265.1 -09.7 265.4 -10.7 1.87E-04 002.4 307.3 016.4 0.620359 0.425679 0.195930 hargrave 2021-06-11 14:59:49 
TT 660 263.0 -08.8 263.3 -09.8 1.65E-04 002.9 305.0 016.1 0.711362 0.440619 0.161399 hargrave 2021-06-12 11:03:36 
TT 663 265.7 -10.7 266.1 -11.6 1.55E-04 002.1 308.4 015.9 0.490640 0.280804 0.157864 hargrave 2021-06-12 18:31:51 
TT 667 265.1 -11.7 265.5 -12.7 1.39E-04 001.4 308.4 014.7 0.300372 0.178450 0.117485 hargrave 2021-06-22 14:56:27 
TT 670 264.8 -13.2 265.3 -14.2 8.52E-05 001.4 309.0 013.3 0.160863 0.169185 0.087958 hargrave 2021-06-23 12:14:59 
TT 672 267.4 -12.1 267.8 -13.0 8.05E-05 004.6 310.6 015.5 0.556036 0.341456 0.057092 hargrave 2021-06-23 16:53:41 
TT 675 266.1 -10.9 266.4 -11.8 6.87E-05 001.3 308.8 015.9 0.148245 0.089466 0.075766 hargrave 2021-06-24 13:39:16 
TT 677 264.8 -10.6 265.2 -11.6 3.73E-05 002.8 307.6 015.5 0.153332 0.135313 0.034131 hargrave 2021-06-24 18:22:46 
TT 679 265.7 -12.3 266.1 -13.3 3.82E-05 002.0 309.3 014.5 0.111216 0.101418 0.033065 hargrave 2021-06-25 13:52:19 
TT 680 272.4 -03.8 272.5 -04.5 5.55E-06 006.5 310.7 025.2 0.049013 0.039209 0.006623 hargrave 2021-06-25 18:22:47 
TT 682 271.6 -11.4 272.0 -12.1 8.45E-06 004.7 314.0 018.2 0.056361 0.041149 0.013475 hargrave 2021-06-26 13:29:16 
TT 684 241.3 026.0 240.8 024.4 4.16E-06 003.5 263.0 029.3 0.022363 0.002627 0.016364 hargrave 2021-06-26 18:02:28 
TT 686 233.2 056.0 231.9 054.2 3.05E-06 003.7 228.6 042.3 0.015095 0.010169 0.009158 hargrave 2021-06-27 14:30:22 
