NW2- 3a mag compass orientation (IGRF corrected)
   4.31 143.8  48.0   0.0   0.0   1.0
NRM    269.2  40.4 269.2  40.4 4.39E-05 001.9 206.2 -01.6 0.053010 0.128703 0.072095 hargrave 2021-02-19 19:49:26 
TT 100 258.5  39.1 258.5  39.1 4.14E-05 005.2 199.0 -05.9 0.134251 0.289418 0.208264 hargrave 2021-03-24 13:58:24 
TT 200 256.3  35.6 256.3  35.6 4.12E-05 003.0 198.4 -09.7 0.049862 0.110600 0.190660 hargrave 2021-03-25 16:27:59 
TT 300 259.3  31.6 259.3  31.6 4.19E-05 003.3 202.1 -12.8 0.100706 0.121840 0.198030 hargrave 2021-03-26 12:15:15 
TT 400 252.4  29.6 252.4  29.6 4.24E-05 003.6 196.8 -16.3 0.032286 0.145962 0.222836 hargrave 2021-03-26 18:07:29 
TT 450 257.9  27.4 257.9  27.4 4.30E-05 003.1 202.3 -17.2 0.087215 0.096165 0.201823 hargrave 2021-03-29 13:49:20 
TT 500 259.7  27.7 259.7  27.7 4.39E-05 003.1 203.8 -16.3 0.105247 0.115171 0.183552 hargrave 2021-03-30 12:26:53 
TT 525 259.4  29.0 259.4  29.0 4.32E-05 003.4 203.1 -15.2 0.121329 0.152887 0.172239 hargrave 2021-03-31 09:26:50 
TT 550 258.3  29.2 258.3  29.2 4.11E-05 002.7 202.1 -15.3 0.063324 0.110786 0.162285 hargrave 2021-04-01 11:03:11 
TT 560 263.5  27.6 263.5  27.6 4.16E-05 003.5 207.1 -15.2 0.132548 0.153870 0.156350 hargrave 2021-04-01 18:09:48 
TT 570 261.1  28.5 261.1  28.5 4.06E-05 003.1 204.7 -15.1 0.077140 0.083200 0.197153 hargrave 2021-04-02 12:24:56 
TT 580 257.6  28.5 257.6  28.5 3.92E-05 004.6 201.7 -16.1 0.148297 0.202990 0.195995 hargrave 2021-04-02 17:28:18 
TT 590 262.1  25.5 262.1  25.5 3.95E-05 003.1 206.7 -17.6 0.086086 0.080375 0.185541 hargrave 2021-04-05 13:27:13 
TT 600 263.1  26.2 263.1  26.2 3.92E-05 003.2 207.3 -16.6 0.034197 0.136469 0.178328 hargrave 2021-04-06 11:34:28 
TT 610 261.2  28.1 261.2  28.1 3.56E-05 003.2 204.9 -15.5 0.069237 0.077432 0.178266 hargrave 2021-04-07 12:42:08 
TT 620 257.5  23.5 257.5  23.5 3.31E-05 003.4 203.3 -20.9 0.098227 0.105446 0.142190 hargrave 2021-04-08 20:24:57 
TT 630 253.2  24.4 253.2  24.4 3.30E-05 004.8 199.0 -21.2 0.141540 0.188793 0.158654 hargrave 2021-04-16 17:11:49 
TT 640 256.4  24.1 256.4  24.1 2.93E-05 003.4 202.0 -20.7 0.040491 0.112874 0.132417 hargrave 2021-04-18 20:02:40 
TT 645 259.3  20.7 259.3  20.7 3.12E-05 002.6 206.0 -23.0 0.054673 0.067854 0.121637 hargrave 2021-04-19 22:13:21 
TT 650 258.1  22.3 258.1  22.3 3.16E-05 003.2 204.2 -21.9 0.083416 0.096242 0.129476 hargrave 2021-04-21 09:06:42 
