NW2- 9a mag compass orientation (IGRF corrected)
   4.54 147.8  18.0   0.0   0.0   1.0
NRM    200.7  05.4 200.7  05.4 2.44E-05 005.6 142.6 -09.0 0.149371 0.183359 0.082965 hargrave 2021-02-19 19:59:22 
TT 100 198.6 -01.6 198.6 -01.6 3.30E-05 004.0 139.1 -15.4 0.128252 0.195232 0.063328 hargrave 2021-03-24 14:07:39 
TT 200 202.4 -14.0 202.4 -14.0 4.14E-05 001.4 140.3 -28.3 0.078016 0.067613 0.052080 hargrave 2021-03-25 16:37:06 
TT 300 204.0 -20.6 204.0 -20.6 4.59E-05 001.7 140.5 -35.1 0.114016 0.071397 0.058613 hargrave 2021-03-26 12:24:22 
TT 400 212.1 -24.8 212.1 -24.8 5.08E-05 001.7 148.7 -40.7 0.084053 0.123203 0.079620 hargrave 2021-03-26 18:16:35 
TT 450 209.9 -27.9 209.9 -27.9 5.22E-05 004.4 145.3 -43.3 0.216520 0.331630 0.095953 hargrave 2021-03-29 13:58:42 
TT 500 209.9 -26.7 209.9 -26.7 5.27E-05 003.3 145.6 -42.2 0.203096 0.229323 0.034959 hargrave 2021-03-30 12:35:40 
TT 525 215.6 -24.4 215.6 -24.4 5.43E-05 001.4 152.9 -40.8 0.070451 0.095807 0.082477 hargrave 2021-03-31 09:36:03 
TT 550 214.5 -21.4 214.5 -21.4 5.52E-05 002.6 152.2 -37.7 0.125375 0.205931 0.079961 hargrave 2021-04-01 11:11:57 
TT 560 213.1 -19.3 213.1 -19.3 5.46E-05 001.6 151.0 -35.4 0.060960 0.139634 0.075513 hargrave 2021-04-01 18:18:54 
TT 570 218.6 -14.7 218.6 -14.7 5.27E-05 003.9 158.1 -31.6 0.115786 0.332111 0.097883 hargrave 2021-04-02 12:34:06 
TT 580 212.2 -16.9 212.2 -16.9 5.08E-05 003.7 150.5 -32.9 0.168169 0.280990 0.072001 hargrave 2021-04-02 17:37:29 
TT 590 211.9 -16.4 211.9 -16.4 5.07E-05 001.6 150.2 -32.4 0.084489 0.101492 0.081296 hargrave 2021-04-05 13:36:03 
TT 600 214.2 -11.8 214.2 -11.8 5.17E-05 000.9 153.6 -28.1 0.062003 0.057793 0.052319 hargrave 2021-04-06 11:43:36 
TT 610 212.9 -08.0 212.9 -08.0 4.16E-05 001.1 152.8 -24.2 0.060688 0.053375 0.055120 hargrave 2021-04-07 12:51:17 
TT 620 218.5 -10.5 218.5 -10.5 4.01E-05 001.0 158.5 -27.4 0.057234 0.054996 0.024096 hargrave 2021-04-08 20:34:06 
TT 630 219.1 -13.2 219.1 -13.2 4.36E-05 004.0 158.9 -30.1 0.128355 0.284924 0.039081 hargrave 2021-04-16 17:19:27 
TT 640 221.4 -10.2 221.4 -10.2 3.42E-05 002.6 161.8 -27.4 0.025072 0.154340 0.023768 hargrave 2021-04-18 20:11:47 
TT 645 221.7 -11.4 221.7 -11.4 3.66E-05 002.8 162.0 -28.7 0.077653 0.166139 0.042113 hargrave 2021-04-19 22:20:40 
TT 650 223.1 -12.2 223.1 -12.2 3.61E-05 001.1 163.4 -29.6 0.072121 0.058198 0.020319 hargrave 2021-04-21 09:15:30 
