NW2- 10a mag compass orientation (IGRF corrected)
   4.54 143.8  21.0   0.0   0.0   1.0
NRM    196.9  15.0 196.9  15.0 7.03E-05 001.3 144.5 -02.0 0.100619 0.083823 0.116111 hargrave 2021-02-19 20:01:06 
TT 100 195.9  07.3 195.9  07.3 6.96E-05 000.7 141.8 -09.3 0.047505 0.084861 0.050850 hargrave 2021-03-24 14:09:13 
TT 200 199.1  00.1 199.1  00.1 7.07E-05 002.2 143.4 -17.1 0.199217 0.185987 0.076077 hargrave 2021-03-25 16:38:38 
TT 300 200.6 -03.9 200.6 -03.9 7.20E-05 002.2 144.1 -21.3 0.197641 0.184235 0.077614 hargrave 2021-03-26 12:25:53 
TT 400 208.1 -05.3 208.1 -05.3 7.23E-05 002.9 151.8 -24.1 0.186166 0.305927 0.082552 hargrave 2021-03-26 18:18:05 
TT 450 208.7 -05.6 208.7 -05.6 7.29E-05 001.0 152.3 -24.5 0.035032 0.099679 0.084697 hargrave 2021-03-29 14:00:15 
TT 500 209.0 -06.4 209.0 -06.4 7.13E-05 001.6 152.6 -25.3 0.105503 0.166871 0.045442 hargrave 2021-03-30 12:37:10 
TT 525 212.8 -06.2 212.8 -06.2 7.19E-05 001.1 156.7 -25.7 0.081387 0.109709 0.052141 hargrave 2021-03-31 09:37:35 
TT 550 210.5 -07.3 210.5 -07.3 7.05E-05 001.1 154.0 -26.4 0.054052 0.119029 0.047397 hargrave 2021-04-01 11:13:27 
TT 560 212.2 -07.8 212.2 -07.8 7.04E-05 001.6 155.8 -27.2 0.096251 0.175175 0.043419 hargrave 2021-04-01 18:20:24 
TT 570 210.4 -10.6 210.4 -10.6 6.96E-05 001.2 153.3 -29.6 0.046335 0.120261 0.062086 hargrave 2021-04-02 12:35:39 
TT 580 213.6 -08.7 213.6 -08.7 7.03E-05 001.5 157.2 -28.3 0.084531 0.150055 0.073950 hargrave 2021-04-02 17:39:01 
TT 590 213.1 -09.7 213.1 -09.7 7.02E-05 004.3 156.5 -29.2 0.198319 0.484778 0.039334 hargrave 2021-04-05 13:37:33 
TT 600 216.0 -12.0 216.0 -12.0 6.72E-05 000.8 159.4 -31.8 0.042019 0.086698 0.042824 hargrave 2021-04-06 11:47:13 
TT 610 213.8 -13.3 213.8 -13.3 6.61E-05 002.6 156.6 -32.9 0.495288 0.045816 0.055399 hargrave 2021-04-07 12:52:49 
TT 620 218.0 -13.1 218.0 -13.1 6.69E-05 001.0 161.6 -33.2 0.057375 0.092157 0.059910 hargrave 2021-04-08 20:35:38 
TT 630 219.1 -12.7 219.1 -12.7 6.56E-05 003.7 162.8 -32.9 0.099081 0.410647 0.036557 hargrave 2021-04-16 17:20:33 
TT 640 218.2 -13.8 218.2 -13.8 6.25E-05 002.3 161.7 -33.9 0.080455 0.235207 0.029018 hargrave 2021-04-18 20:13:10 
TT 645 210.4 -13.5 210.4 -13.5 6.42E-05 006.5 152.8 -32.5 0.286602 0.682009 0.032369 hargrave 2021-04-19 22:21:53 
TT 650 218.8 -13.4 218.8 -13.4 6.17E-05 003.0 162.4 -33.6 0.138386 0.281983 0.062873 hargrave 2021-04-21 09:17:01 
TT 655 216.4 -14.8 216.4 -14.8 5.90E-05 003.6 159.4 -34.7 0.137992 0.344796 0.045535 hargrave 2021-06-11 14:48:07 
TT 660 215.1 -10.8 215.1 -10.8 5.70E-05 001.0 158.5 -30.5 0.060748 0.071840 0.048190 hargrave 2021-06-12 10:52:10 
TT 663 222.1 -13.2 222.1 -13.2 5.03E-05 002.2 166.3 -33.7 0.053385 0.185361 0.050806 hargrave 2021-06-12 18:19:42 
