NW2- 2a mag compass orientation (IGRF corrected)
   4.28 354.8  28.0 114.0   2.0   1.0
NRM    220.6 014.6 220.4 012.6 4.46E-05 003.6 306.2 033.2 0.228512 0.170159 0.027603 hargrave 2021-02-19 19:47:50 
TT 100 223.7 010.4 223.6 008.5 4.14E-05 003.6 311.4 030.5 0.190083 0.178328 0.036036 hargrave 2021-03-24 13:56:56 
TT 200 220.6 008.2 220.5 006.3 4.03E-05 001.5 309.0 027.3 0.077005 0.069534 0.027371 hargrave 2021-03-25 16:26:33 
TT 300 227.0 005.4 226.9 003.6 3.94E-05 000.7 316.8 026.9 0.026323 0.028411 0.040828 hargrave 2021-03-26 12:13:49 
TT 400 231.2 004.0 231.2 002.3 4.08E-05 002.6 321.8 026.9 0.118451 0.123592 0.082482 hargrave 2021-03-26 18:06:03 
TT 450 231.4 003.4 231.4 001.6 4.11E-05 004.6 322.2 026.3 0.206886 0.261446 0.026107 hargrave 2021-03-29 13:47:51 
TT 500 235.7 002.7 235.6 001.0 4.07E-05 000.7 327.0 026.8 0.024377 0.028484 0.032867 hargrave 2021-03-30 12:25:22 
TT 525 236.6 001.9 236.6 000.2 4.00E-05 002.6 328.2 026.3 0.099856 0.149634 0.035589 hargrave 2021-03-31 09:25:24 
TT 550 232.7 006.3 232.6 004.6 3.77E-05 003.4 322.6 029.5 0.162069 0.160764 0.021246 hargrave 2021-04-01 11:01:41 
TT 560 238.3 003.8 238.3 002.1 3.88E-05 001.7 329.6 028.5 0.067053 0.091855 0.033199 hargrave 2021-04-01 18:08:21 
TT 570 235.5 003.5 235.5 001.8 3.74E-05 000.8 326.6 027.6 0.048802 0.026506 0.028971 hargrave 2021-04-02 12:23:29 
TT 580 233.5 001.7 233.5 -00.0 3.57E-05 003.2 325.0 025.3 0.114808 0.162235 0.058020 hargrave 2021-04-02 17:26:51 
TT 590 235.0 000.8 235.0 -00.9 3.42E-05 004.2 326.8 024.8 0.160173 0.195827 0.026071 hargrave 2021-04-05 13:25:43 
TT 600 235.7 001.0 235.7 -00.7 3.23E-05 005.1 327.5 025.2 0.148065 0.246509 0.023676 hargrave 2021-04-06 11:32:59 
TT 610 235.7 -03.7 235.8 -05.4 3.23E-05 001.7 328.8 020.6 0.056461 0.080403 0.022999 hargrave 2021-04-07 12:40:41 
TT 620 236.3 003.3 236.3 001.6 3.09E-05 001.0 327.5 027.6 0.050945 0.048059 0.020177 hargrave 2021-04-08 20:23:31 
TT 630 243.9 -01.1 243.9 -02.7 2.88E-05 001.5 336.8 024.9 0.084562 0.056900 0.021154 hargrave 2021-04-16 17:10:39 
TT 640 238.5 -00.9 238.5 -02.6 2.82E-05 001.5 331.0 024.0 0.050836 0.053135 0.024717 hargrave 2021-04-18 20:01:13 
TT 645 245.2 -03.6 245.3 -05.1 2.80E-05 005.7 338.7 022.7 0.122187 0.251590 0.025879 hargrave 2021-04-19 22:12:12 
TT 650 242.2 -04.7 242.4 -06.3 2.80E-05 004.1 335.8 021.1 0.101906 0.174445 0.021909 hargrave 2021-04-21 09:05:13 
TT 655 241.3 -11.2 241.6 -12.8 2.81E-05 002.9 336.2 014.5 0.069702 0.130339 0.021447 hargrave 2021-06-11 14:36:11 
TT 660 244.4 -21.6 244.9 -23.1 1.99E-05 002.0 341.0 004.8 0.041752 0.063695 0.018919 hargrave 2021-06-12 10:40:22 
TT 663 245.5 -12.2 245.8 -13.7 1.96E-05 001.2 340.5 014.3 0.031099 0.038052 0.014028 hargrave 2021-06-12 18:07:59 
TT 667 250.0 -19.2 250.5 -20.6 1.61E-05 001.6 345.9 007.9 0.030348 0.036386 0.017635 hargrave 2021-06-22 14:37:35 
TT 670 268.0 -33.8 269.3 -34.6 7.71E-06 001.5 002.7 -05.8 0.005773 0.020207 0.003145 hargrave 2021-06-23 11:55:50 
TT 672 244.7 -19.6 245.2 -21.2 1.08E-05 028.3 341.0 006.8 0.197670 0.544524 0.011634 hargrave 2021-06-23 16:34:10 
TT 672 277.2 -22.4 278.0 -23.0 1.21E-05 002.1 011.5 005.0 0.010076 0.032417 0.029912 hargrave 2021-06-23 17:07:28 
TT 675 260.9 -13.4 261.3 -14.5 1.11E-05 001.4 356.1 014.5 0.028401 0.023703 0.011051 hargrave 2021-06-24 13:18:54 
TT 677 097.7 008.0 097.9 008.5 1.41E-05 004.0 193.5 -19.3 0.048819 0.064025 0.059261 hargrave 2021-06-24 18:03:05 
TT 679 254.9 -05.9 255.1 -07.1 5.76E-06 001.7 349.4 021.7 0.011139 0.013296 0.006948 hargrave 2021-06-25 13:33:12 
TT 680 313.3 -38.8 314.8 -38.1 3.33E-06 001.6 037.9 -18.1 0.008957 0.008488 0.004950 hargrave 2021-06-25 18:04:35 
TT 682 323.3 -04.2 323.4 -03.2 2.42E-06 004.9 059.8 010.4 0.017694 0.010659 0.003812 hargrave 2021-06-26 13:10:57 
TT 684 292.8 -53.4 295.5 -53.4 3.83E-06 002.4 018.4 -27.5 0.004823 0.015593 0.006163 hargrave 2021-06-26 17:44:08 
TT 686 150.2 047.2 151.9 046.0 5.78E-06 001.9 226.1 031.0 0.013869 0.011814 0.007679 hargrave 2021-06-27 14:11:21 
