NW2- 14a mag compass orientation (IGRF corrected)
   0.11  95.8  31.0 114.0   2.0   1.0
NRM    277.8 -21.4 278.5 -21.9 2.89E-04 002.3 283.0 -17.2 1.054231 0.458223 0.305085 hargrave 2021-02-19 20:10:01 
TT 100 274.1 -21.4 274.8 -22.1 2.89E-04 005.6 280.0 -19.1 2.753708 0.709451 0.174456 hargrave 2021-03-24 14:18:19 
TT 200 274.0 -21.9 274.7 -22.6 2.95E-04 000.5 280.2 -19.6 0.202226 0.109285 0.194952 hargrave 2021-03-25 16:47:36 
TT 300 275.8 -21.9 276.6 -22.5 2.90E-04 000.5 281.7 -18.6 0.240869 0.141094 0.160187 hargrave 2021-03-26 12:34:51 
TT 400 278.8 -20.3 279.6 -20.8 2.78E-04 001.8 283.3 -15.8 0.796422 0.361516 0.129837 hargrave 2021-03-26 18:26:58 
TT 450 277.5 -18.4 278.1 -18.9 2.73E-04 002.7 281.1 -14.8 1.309728 0.097457 0.137849 hargrave 2021-03-29 14:09:28 
TT 500 279.2 -18.7 279.9 -19.2 2.65E-04 001.6 282.7 -14.2 0.660338 0.357777 0.177159 hargrave 2021-03-30 12:45:27 
TT 525 277.0 -16.2 277.6 -16.7 2.58E-04 004.1 279.5 -13.2 1.813346 0.476468 0.125589 hargrave 2021-03-31 09:46:38 
TT 550 280.2 -17.7 280.8 -18.2 2.53E-04 003.1 283.0 -12.9 1.246063 0.549406 0.307913 hargrave 2021-04-01 11:23:21 
TT 560 280.4 -15.9 280.9 -16.4 2.48E-04 001.3 282.2 -11.3 0.479104 0.310708 0.132758 hargrave 2021-04-01 18:29:16 
TT 570 278.9 -14.5 279.4 -15.0 2.42E-04 001.3 280.2 -10.8 0.566747 0.090158 0.125733 hargrave 2021-04-02 12:43:52 
TT 580 276.9 -12.9 277.4 -13.5 2.40E-04 002.7 277.7 -10.5 1.103667 0.354507 0.138982 hargrave 2021-04-02 17:48:04 
TT 590 284.4 -17.7 285.0 -18.0 2.33E-04 002.1 286.5 -10.8 0.786966 0.073465 0.348677 hargrave 2021-04-05 13:45:50 
TT 600 278.1 -16.3 278.7 -16.8 2.21E-04 001.7 280.5 -12.7 0.636574 0.056281 0.140304 hargrave 2021-04-06 11:54:13 
TT 610 280.0 -15.4 280.6 -15.9 2.13E-04 008.3 281.6 -11.0 3.054693 0.521549 0.115971 hargrave 2021-04-07 13:01:02 
TT 610 283.5 -17.6 284.2 -17.9 2.14E-04 004.5 285.7 -11.1 1.557622 0.603329 0.118220 hargrave 2021-04-07 14:10:25 
TT 620 286.0 -17.2 286.7 -17.5 2.10E-04 004.0 287.6 -09.6 1.365144 0.539616 0.155951 hargrave 2021-04-08 20:43:00 
TT 630 286.0 -18.1 286.6 -18.4 2.07E-04 001.2 288.0 -10.4 0.443833 0.078797 0.115618 hargrave 2021-04-16 17:27:09 
TT 640 283.0 -15.7 283.6 -16.1 1.98E-04 000.8 284.3 -09.8 0.153008 0.133890 0.209802 hargrave 2021-04-18 20:20:20 
TT 645 282.7 -15.9 283.2 -16.3 1.90E-04 001.8 284.1 -10.1 0.517587 0.229593 0.163785 hargrave 2021-04-19 22:28:34 
TT 650 283.1 -18.7 283.7 -19.1 1.84E-04 000.6 285.9 -12.3 0.123949 0.104257 0.109369 hargrave 2021-04-21 09:24:29 
TT 655 284.0 -18.0 284.6 -18.4 1.76E-04 000.9 286.3 -11.3 0.169942 0.155623 0.174762 hargrave 2021-06-11 14:56:34 
TT 660 280.7 -19.0 281.3 -19.5 1.56E-04 000.9 284.1 -13.8 0.144795 0.102006 0.174110 hargrave 2021-06-12 11:00:26 
TT 663 279.9 -17.9 280.5 -18.3 1.34E-04 005.0 282.8 -13.2 1.115607 0.335993 0.127213 hargrave 2021-06-12 18:28:42 
TT 667 275.9 -17.8 276.6 -18.4 1.16E-04 002.0 279.5 -15.1 0.361661 0.213512 0.093942 hargrave 2021-06-22 14:53:53 
TT 670 279.5 -19.3 280.2 -19.8 8.29E-05 005.5 283.3 -14.6 0.763634 0.219455 0.094743 hargrave 2021-06-23 12:12:23 
TT 672 277.9 -17.5 278.5 -18.1 6.99E-05 000.8 281.0 -13.9 0.095749 0.098648 0.042414 hargrave 2021-06-23 16:51:06 
TT 675 278.6 -25.2 279.5 -25.7 5.56E-05 001.1 285.9 -20.0 0.053091 0.105697 0.074175 hargrave 2021-06-24 13:35:58 
TT 677 268.6 -04.9 268.7 -05.7 2.37E-05 005.4 266.3 -07.9 0.219053 0.126816 0.025840 hargrave 2021-06-24 18:20:11 
TT 679 285.7 -14.1 286.2 -14.4 2.30E-05 002.5 285.7 -07.1 0.085742 0.108363 0.031549 hargrave 2021-06-25 13:49:40 
TT 680 265.9 010.3 265.6 009.4 1.23E-05 002.2 256.2 003.8 0.042597 0.022469 0.015615 hargrave 2021-06-25 18:20:13 
TT 682 295.1 056.0 292.1 056.0 6.45E-06 003.5 243.0 053.7 0.028560 0.027460 0.008481 hargrave 2021-06-26 13:26:41 
TT 684 252.9 014.6 252.6 013.3 1.26E-05 003.2 243.1 001.3 0.060626 0.038387 0.011947 hargrave 2021-06-26 17:59:50 
TT 686 183.1 026.6 183.5 024.7 2.04E-05 003.3 177.6 -04.4 0.097626 0.114838 0.015604 hargrave 2021-06-27 14:27:47 
