NW2- 12a mag compass orientation (IGRF corrected)
   4.54  64.8  23.0 114.0   2.0   1.0
NRM    204.9 029.5 204.9 027.5 3.56E-05 001.3 223.4 013.6 0.081236 0.056788 0.018033 hargrave 2021-02-19 20:06:29 
TT 100 193.2 015.4 193.3 013.5 3.11E-05 004.3 216.8 -02.9 0.136126 0.193234 0.019863 hargrave 2021-03-24 14:15:06 
TT 200 180.7 001.3 180.7 -00.5 3.43E-05 000.9 207.6 -19.3 0.030335 0.048090 0.026847 hargrave 2021-03-25 16:44:25 
TT 300 186.2 -05.3 186.1 -07.2 3.76E-05 009.0 214.8 -24.7 0.330240 0.494987 0.021569 hargrave 2021-03-26 12:31:40 
TT 300 179.7 -03.5 179.6 -05.3 3.79E-05 002.5 207.4 -24.2 0.063089 0.150645 0.032678 hargrave 2021-03-26 13:09:25 
TT 400 177.8 -05.1 177.7 -06.9 3.88E-05 001.4 205.7 -26.1 0.030654 0.083629 0.050583 hargrave 2021-03-26 18:23:49 
TT 450 177.5 -06.7 177.4 -08.5 3.87E-05 003.7 205.7 -27.7 0.044936 0.224745 0.113694 hargrave 2021-03-29 14:06:13 
TT 500 182.5 -08.4 182.4 -10.3 4.04E-05 002.8 211.6 -28.5 0.092270 0.180121 0.019431 hargrave 2021-03-30 12:42:28 
TT 525 179.8 -08.0 179.7 -09.8 4.04E-05 001.3 208.5 -28.6 0.037890 0.086306 0.032535 hargrave 2021-03-31 09:43:25 
TT 550 178.8 -05.0 178.8 -06.8 3.99E-05 001.8 206.8 -25.8 0.068494 0.046508 0.104365 hargrave 2021-04-01 11:20:23 
TT 560 178.8 -06.7 178.7 -08.5 3.96E-05 005.3 207.1 -27.5 0.145688 0.333478 0.053819 hargrave 2021-04-01 18:26:07 
TT 570 180.7 -08.1 180.6 -09.9 3.89E-05 002.3 209.5 -28.5 0.056775 0.137815 0.048993 hargrave 2021-04-02 12:40:39 
TT 580 180.0 -06.4 179.8 -08.2 3.80E-05 000.8 208.3 -27.0 0.032098 0.040928 0.032749 hargrave 2021-04-02 17:44:51 
TT 590 185.0 -09.3 184.9 -11.2 3.83E-05 001.8 214.5 -28.8 0.047749 0.048502 0.102765 hargrave 2021-04-05 13:42:51 
TT 600 179.6 -09.0 179.5 -10.8 3.74E-05 001.3 208.5 -29.6 0.051695 0.061192 0.036871 hargrave 2021-04-06 11:51:06 
TT 610 183.0 -08.0 182.9 -09.9 3.72E-05 004.1 212.0 -28.0 0.136384 0.231491 0.020637 hargrave 2021-04-07 12:57:50 
TT 620 179.2 -07.3 179.1 -09.1 3.84E-05 001.1 207.7 -28.0 0.040121 0.058611 0.030809 hargrave 2021-04-08 20:39:49 
TT 630 177.8 -07.4 177.6 -09.2 3.89E-05 005.2 206.1 -28.4 0.107703 0.337407 0.029159 hargrave 2021-04-16 17:24:26 
TT 640 178.3 -08.5 178.1 -10.3 3.82E-05 004.4 206.9 -29.4 0.102852 0.272434 0.057845 hargrave 2021-04-18 20:17:08 
TT 645 180.3 -07.2 180.2 -09.0 3.80E-05 007.6 208.9 -27.7 0.234289 0.451512 0.024326 hargrave 2021-04-19 22:26:24 
TT 650 191.0 -10.5 190.9 -12.4 3.55E-05 001.9 221.4 -28.5 0.091325 0.075430 0.032531 hargrave 2021-04-21 09:21:30 
TT 655 190.8 -10.1 190.7 -12.0 3.53E-05 006.2 221.0 -28.2 0.060699 0.528194 0.019956 hargrave 2021-06-11 14:53:31 
TT 660 185.6 -08.5 185.5 -10.4 3.39E-05 005.8 215.0 -27.9 0.198229 0.286982 0.021462 hargrave 2021-06-12 10:57:28 
TT 663 186.1 -12.2 186.0 -14.1 3.04E-05 002.3 216.5 -31.4 0.075179 0.098287 0.019170 hargrave 2021-06-12 18:25:45 
TT 667 184.9 -08.0 184.8 -09.9 2.73E-05 004.3 214.1 -27.6 0.157805 0.151025 0.015049 hargrave 2021-06-22 14:51:28 
TT 670 187.5 -08.8 187.4 -10.8 2.33E-05 002.0 217.1 -27.8 0.041572 0.071133 0.015383 hargrave 2021-06-23 12:09:57 
TT 672 176.1 -11.1 175.9 -12.9 1.35E-05 002.7 205.0 -32.3 0.033257 0.036037 0.055097 hargrave 2021-06-23 16:48:40 
TT 675 171.9 001.6 171.9 -00.1 1.18E-05 004.3 198.3 -20.3 0.018196 0.088788 0.006490 hargrave 2021-06-24 13:33:31 
TT 677 171.3 011.3 171.5 009.6 9.61E-06 003.4 196.5 -10.8 0.013683 0.052216 0.020926 hargrave 2021-06-24 18:17:45 
TT 679 213.5 008.7 213.5 006.7 4.94E-06 000.9 237.8 -03.5 0.007844 0.007252 0.005760 hargrave 2021-06-25 13:47:13 
TT 680 229.1 021.2 228.8 019.3 3.10E-06 005.7 247.4 013.5 0.025326 0.018827 0.003373 hargrave 2021-06-25 18:17:47 
TT 682 153.2 028.5 154.0 027.2 5.59E-06 007.1 178.6 005.5 0.007588 0.069157 0.005355 hargrave 2021-06-26 13:24:15 
TT 684 179.8 006.0 179.9 004.2 4.11E-06 003.2 205.8 -14.8 0.006153 0.019496 0.014189 hargrave 2021-06-26 17:57:25 
TT 686 187.2 023.9 187.4 022.0 3.89E-06 001.3 209.4 004.1 0.007010 0.009962 0.002770 hargrave 2021-06-27 14:25:21 
