NW2- 13a mag compass orientation (IGRF corrected)
   4.54  90.8  27.0   0.0   0.0   1.0
NRM    191.0  06.1 191.0  06.1 4.28E-05 001.3 190.8 -20.4 0.085572 0.046341 0.088930 hargrave 2021-02-19 20:08:14 
TT 100 193.1  01.2 193.1  01.2 2.47E-05 002.4 193.6 -25.1 0.033770 0.097488 0.031815 hargrave 2021-03-24 14:16:42 
TT 200 190.1 -05.2 190.1 -05.2 2.48E-05 002.6 190.9 -31.8 0.047380 0.083752 0.073473 hargrave 2021-03-25 16:46:00 
TT 300 195.6 -07.8 195.6 -07.8 2.48E-05 002.5 197.7 -33.7 0.061738 0.070806 0.067213 hargrave 2021-03-26 12:33:14 
TT 400 194.1 -07.3 194.1 -07.3 2.42E-05 002.3 195.8 -33.5 0.046634 0.072872 0.063511 hargrave 2021-03-26 18:25:23 
TT 450 196.5 -07.9 196.5 -07.9 2.37E-05 002.5 198.8 -33.7 0.053619 0.062154 0.070349 hargrave 2021-03-29 14:07:50 
TT 500 200.4 -08.7 200.4 -08.7 2.34E-05 003.2 203.6 -33.9 0.040761 0.119031 0.058403 hargrave 2021-03-30 12:43:57 
TT 525 202.4 -10.2 202.4 -10.2 2.30E-05 002.5 206.2 -35.0 0.040341 0.091026 0.045525 hargrave 2021-03-31 09:45:01 
TT 550 200.1 -08.6 200.1 -08.6 2.16E-05 002.0 203.1 -33.8 0.066334 0.043265 0.036766 hargrave 2021-04-01 11:21:51 
TT 560 202.0 -09.0 202.0 -09.0 2.20E-05 004.3 205.5 -33.8 0.043802 0.162413 0.026449 hargrave 2021-04-01 18:27:41 
TT 570 201.0 -07.9 201.0 -07.9 2.18E-05 001.7 204.1 -33.0 0.030282 0.047722 0.044919 hargrave 2021-04-02 12:42:15 
TT 580 203.6 -10.9 203.6 -10.9 2.18E-05 003.0 207.8 -35.4 0.075344 0.078605 0.049710 hargrave 2021-04-02 17:46:26 
TT 590 200.0 -08.3 200.0 -08.3 2.13E-05 002.2 203.0 -33.5 0.055380 0.037510 0.058648 hargrave 2021-04-05 13:44:20 
TT 600 204.5 -13.7 204.5 -13.7 1.90E-05 002.3 209.7 -37.9 0.047690 0.040171 0.052826 hargrave 2021-04-06 11:52:37 
TT 610 206.8 -09.5 206.8 -09.5 2.02E-05 005.2 211.1 -33.3 0.067510 0.157746 0.091573 hargrave 2021-04-07 12:59:25 
TT 620 203.4 -06.0 203.4 -06.0 2.00E-05 002.7 206.3 -30.7 0.035363 0.091226 0.028029 hargrave 2021-04-08 20:41:24 
TT 630 201.7 -05.0 201.7 -05.0 2.02E-05 003.3 204.2 -30.0 0.067489 0.090577 0.028659 hargrave 2021-04-16 17:25:39 
TT 640 208.9 -02.8 208.9 -02.8 2.05E-05 002.7 211.6 -26.3 0.040125 0.091495 0.021003 hargrave 2021-04-18 20:18:37 
TT 645 201.4  01.2 201.4  01.2 2.05E-05 005.4 202.7 -23.9 0.068664 0.182294 0.029973 hargrave 2021-04-19 22:27:29 
TT 650 200.9 -00.6 200.9 -00.6 2.08E-05 004.0 202.5 -25.9 0.042806 0.139934 0.039197 hargrave 2021-04-21 09:22:59 
