NW2- 15a mag compass orientation (IGRF corrected)
   0.11  87.8  31.0 114.0   2.0   1.0
NRM    281.7 -18.4 282.3 -18.8 1.22E-04 004.8 291.2 -08.8 0.398281 0.077296 0.951101 hargrave 2021-02-19 20:11:50 
TT 100 279.9 -16.6 280.5 -17.0 1.21E-04 002.6 288.8 -08.1 0.523525 0.178673 0.093875 hargrave 2021-03-24 14:19:55 
TT 200 282.5 -19.9 283.3 -20.3 1.21E-04 004.1 292.7 -09.7 0.793561 0.351915 0.082373 hargrave 2021-03-25 16:49:11 
TT 300 283.3 -19.7 284.0 -20.1 1.19E-04 000.5 293.2 -09.2 0.078858 0.048608 0.084483 hargrave 2021-03-26 12:36:25 
TT 400 285.2 -18.8 285.8 -19.1 1.14E-04 003.2 294.3 -07.5 0.571533 0.284582 0.072343 hargrave 2021-03-26 18:28:31 
TT 450 283.2 -17.1 283.8 -17.5 1.12E-04 000.8 291.8 -07.0 0.085814 0.083110 0.150377 hargrave 2021-03-29 14:11:06 
TT 500 284.7 -16.7 285.3 -17.0 1.09E-04 002.6 292.9 -05.9 0.433108 0.210871 0.103132 hargrave 2021-03-30 12:47:01 
TT 525 287.8 -16.5 288.4 -16.7 1.05E-04 002.1 295.4 -04.3 0.342770 0.176404 0.086104 hargrave 2021-03-31 09:48:13 
TT 550 285.2 -15.8 285.7 -16.1 1.02E-04 001.7 292.8 -04.9 0.169332 0.128080 0.241964 hargrave 2021-04-01 11:24:56 
TT 560 285.7 -15.4 286.3 -15.7 9.92E-05 002.4 293.1 -04.3 0.383960 0.166333 0.075699 hargrave 2021-04-01 18:30:51 
TT 570 286.0 -13.9 286.5 -14.1 9.77E-05 001.2 292.6 -02.8 0.180674 0.114763 0.064178 hargrave 2021-04-02 12:45:27 
TT 580 286.7 -13.7 287.2 -13.9 9.43E-05 004.7 293.1 -02.3 0.705227 0.327677 0.061187 hargrave 2021-04-02 17:49:40 
TT 590 293.2 -17.9 293.9 -17.9 9.31E-05 011.2 300.6 -03.0 1.577169 0.944889 0.069145 hargrave 2021-04-05 13:47:25 
TT 590 286.1 -14.1 286.6 -14.4 9.46E-05 002.0 292.8 -03.0 0.284322 0.136887 0.094708 hargrave 2021-04-05 15:56:39 
TT 600 284.2 -18.2 284.9 -18.5 8.88E-05 003.0 293.2 -07.4 0.423431 0.198694 0.067621 hargrave 2021-04-06 11:55:51 
TT 610 280.4 -19.8 281.1 -20.2 9.18E-05 001.8 290.9 -10.6 0.265936 0.117341 0.081047 hargrave 2021-04-07 13:02:37 
TT 620 273.0 -15.4 273.5 -16.1 9.21E-05 001.0 282.4 -10.5 0.108011 0.085396 0.101854 hargrave 2021-04-08 20:44:36 
TT 630 277.1 -18.5 277.8 -19.1 9.55E-05 001.3 287.5 -11.1 0.198132 0.055876 0.087185 hargrave 2021-04-16 17:28:24 
TT 640 272.2 -15.4 272.8 -16.1 9.61E-05 001.2 281.8 -10.9 0.182083 0.051472 0.090078 hargrave 2021-04-18 20:21:51 
TT 645 272.7 -16.4 273.3 -17.1 9.63E-05 003.8 282.7 -11.5 0.610864 0.169600 0.127400 hargrave 2021-04-19 22:29:39 
TT 650 275.2 -18.4 275.9 -19.1 9.26E-05 003.4 285.9 -12.0 0.519572 0.195947 0.072213 hargrave 2021-04-21 09:26:04 
TT 655 273.3 -15.3 273.8 -16.0 9.07E-05 002.2 282.6 -10.3 0.339869 0.061282 0.094046 hargrave 2021-06-11 14:58:11 
TT 660 273.1 -15.8 273.6 -16.5 8.09E-05 003.7 282.7 -10.8 0.491676 0.151016 0.106502 hargrave 2021-06-12 11:02:00 
TT 663 272.9 -17.1 273.4 -17.8 8.08E-05 002.0 283.2 -12.0 0.243208 0.122091 0.107403 hargrave 2021-06-12 18:30:15 
TT 667 267.8 -14.7 268.3 -15.6 7.47E-05 000.6 277.7 -12.6 0.073754 0.113530 0.052961 hargrave 2021-06-22 14:55:09 
TT 670 272.1 -16.0 272.6 -16.7 4.95E-05 001.4 282.0 -11.5 0.119417 0.079273 0.044095 hargrave 2021-06-23 12:13:40 
TT 672 262.0 -11.2 262.3 -12.3 4.78E-05 002.0 270.9 -12.6 0.167933 0.071394 0.033541 hargrave 2021-06-23 16:52:22 
TT 675 270.7 -13.4 271.2 -14.2 3.85E-05 003.2 279.5 -10.0 0.207942 0.085038 0.045484 hargrave 2021-06-24 13:37:57 
TT 677 259.5 -05.1 259.6 -06.3 2.44E-05 002.5 265.5 -08.7 0.093356 0.087977 0.052151 hargrave 2021-06-24 18:21:27 
TT 679 273.2 -22.6 274.0 -23.3 1.59E-05 002.5 286.5 -16.5 0.064291 0.045358 0.014023 hargrave 2021-06-25 13:50:57 
TT 680 146.5 -67.2 142.3 -68.2 1.87E-06 003.3 046.6 -73.9 0.011209 0.003503 0.005106 hargrave 2021-06-25 18:21:29 
TT 682 244.4 002.8 244.4 001.3 1.76E-06 002.0 248.3 -09.3 0.004075 0.005080 0.002757 hargrave 2021-06-26 13:27:58 
TT 684 293.6 -25.1 294.6 -25.1 3.20E-06 002.2 304.3 -09.2 0.007104 0.013116 0.003632 hargrave 2021-06-26 18:01:10 
TT 686 245.7 023.1 245.2 021.6 8.24E-06 003.0 239.7 009.1 0.043653 0.017862 0.007293 hargrave 2021-06-27 14:29:03 
