NW2- 7a mag compass orientation (IGRF corrected)
   4.29  53.8  30.0   0.0   0.0   1.0
NRM    238.8  30.9 238.8  30.9 5.84E-05 002.5 257.4  28.8 0.229965 0.119290 0.057539 hargrave 2021-02-19 19:56:11 
TT 100 230.5  27.8 230.5  27.8 5.60E-05 000.9 252.6  22.2 0.083044 0.059682 0.028609 hargrave 2021-03-24 14:04:24 
TT 200 228.4  19.7 228.4  19.7 5.73E-05 000.8 255.3  14.4 0.053214 0.072251 0.031295 hargrave 2021-03-25 16:33:52 
TT 300 229.4  15.8 229.4  15.8 5.73E-05 002.8 258.3  11.4 0.263239 0.108592 0.037015 hargrave 2021-03-26 12:21:08 
TT 400 229.4  15.0 229.4  15.0 6.01E-05 001.0 258.6  10.8 0.087345 0.065107 0.030347 hargrave 2021-03-26 18:13:21 
TT 450 229.8  14.5 229.8  14.5 6.13E-05 000.7 259.2  10.5 0.052745 0.057812 0.032360 hargrave 2021-03-29 13:55:24 
TT 500 228.9  12.4 228.9  12.4 6.24E-05 001.3 259.5  08.3 0.123892 0.077981 0.035772 hargrave 2021-03-30 12:32:46 
TT 525 229.0  14.1 229.0  14.1 6.20E-05 001.6 258.7  09.8 0.157360 0.074249 0.028171 hargrave 2021-03-31 09:32:47 
TT 550 234.3  12.4 234.3  12.4 6.36E-05 002.3 264.2  10.9 0.243508 0.073923 0.045567 hargrave 2021-04-01 11:09:03 
TT 560 233.9  15.5 233.9  15.5 6.14E-05 001.9 262.2  13.4 0.190003 0.077672 0.035657 hargrave 2021-04-01 18:15:40 
TT 570 233.9  15.1 233.9  15.1 6.06E-05 002.4 262.4  13.1 0.240384 0.075256 0.055362 hargrave 2021-04-02 12:30:52 
TT 580 236.9  10.8 236.9  10.8 6.23E-05 003.3 267.3  10.9 0.353408 0.065450 0.044052 hargrave 2021-04-02 17:34:14 
TT 590 233.2  16.4 233.2  16.4 6.14E-05 003.3 261.1  13.9 0.355484 0.041473 0.040461 hargrave 2021-04-05 13:33:09 
TT 600 237.3  15.0 237.3  15.0 5.87E-05 004.2 265.3  14.6 0.425112 0.075255 0.028796 hargrave 2021-04-06 11:40:37 
TT 610 242.3  18.1 242.3  18.1 5.55E-05 001.9 267.9  19.9 0.183772 0.042747 0.027339 hargrave 2021-04-07 12:48:02 
TT 620 240.9  16.6 240.9  16.6 5.51E-05 001.0 267.6  17.8 0.086842 0.052965 0.034956 hargrave 2021-04-08 20:30:52 
TT 630 243.0  14.8 243.0  14.8 4.89E-05 002.9 270.3  17.4 0.245926 0.068938 0.033672 hargrave 2021-04-16 17:17:05 
TT 640 242.8  14.6 242.8  14.6 4.75E-05 003.9 270.3  17.1 0.322850 0.067099 0.022368 hargrave 2021-04-18 20:08:58 
TT 645 243.9  09.5 243.9  09.5 4.65E-05 004.9 274.0  13.3 0.398205 0.059030 0.019668 hargrave 2021-04-19 22:18:02 
TT 650 242.9  11.9 242.9  11.9 4.73E-05 002.2 271.8  14.8 0.176548 0.079034 0.025642 hargrave 2021-04-21 09:12:36 
TT 655 242.9  09.5 242.9  09.5 4.21E-05 001.3 273.1  12.8 0.089033 0.051373 0.019689 hargrave 2021-06-11 14:43:42 
TT 660 237.9  08.4 237.9  08.4 4.15E-05 000.8 269.4  09.3 0.051977 0.045428 0.021444 hargrave 2021-06-12 10:47:45 
TT 663 245.9  00.4 245.9  00.4 3.60E-05 002.5 280.3  06.3 0.161609 0.061748 0.017206 hargrave 2021-06-12 18:15:21 
