NW2- 11a mag compass orientation (IGRF corrected)
   4.54 115.8  18.0   0.0   0.0   1.0
NRM    212.0 -02.5 212.0 -02.5 4.82E-05 000.9 186.6 -20.3 0.056916 0.066771 0.035706 hargrave 2021-02-19 20:04:49 
TT 100 207.1 -12.2 207.1 -12.2 5.09E-05 002.1 181.5 -30.2 0.051142 0.164721 0.077081 hargrave 2021-03-24 14:10:42 
TT 200 208.1 -21.4 208.1 -21.4 5.39E-05 001.6 182.8 -39.4 0.073907 0.117526 0.059227 hargrave 2021-03-25 16:40:06 
TT 300 212.5 -24.6 212.5 -24.6 5.57E-05 002.3 188.3 -42.5 0.127469 0.177192 0.073594 hargrave 2021-03-26 12:27:21 
TT 400 214.1 -27.8 214.1 -27.8 5.59E-05 001.2 190.5 -45.6 0.083048 0.060404 0.068690 hargrave 2021-03-26 18:19:32 
TT 450 215.5 -27.0 215.5 -27.0 5.58E-05 002.2 192.3 -44.7 0.118100 0.159005 0.092519 hargrave 2021-03-29 14:01:47 
TT 500 219.7 -28.8 219.7 -28.8 5.41E-05 002.4 197.6 -46.2 0.131808 0.177556 0.053327 hargrave 2021-03-30 12:38:54 
TT 525 222.7 -28.9 222.7 -28.9 5.47E-05 001.1 201.4 -46.0 0.063220 0.090321 0.033292 hargrave 2021-03-31 09:39:04 
TT 550 219.4 -29.8 219.4 -29.8 5.08E-05 001.5 197.5 -47.2 0.121954 0.065082 0.053480 hargrave 2021-04-01 11:16:02 
TT 560 225.7 -31.3 225.7 -31.3 5.05E-05 003.0 205.8 -47.9 0.172975 0.198865 0.024034 hargrave 2021-04-01 18:21:52 
TT 570 222.8 -30.7 222.8 -30.7 5.00E-05 001.2 202.0 -47.6 0.035620 0.097174 0.036847 hargrave 2021-04-02 12:37:07 
TT 580 226.1 -30.6 226.1 -30.6 5.29E-05 000.8 206.0 -47.2 0.052581 0.043505 0.051577 hargrave 2021-04-02 17:40:30 
TT 590 225.3 -28.2 225.3 -28.2 5.15E-05 003.0 204.6 -44.9 0.053801 0.249596 0.099516 hargrave 2021-04-05 13:39:17 
TT 600 221.2 -27.5 221.2 -27.5 4.70E-05 002.0 199.3 -44.7 0.082387 0.140269 0.039635 hargrave 2021-04-06 11:49:36 
TT 610 224.0 -22.6 224.0 -22.6 4.36E-05 002.8 202.0 -39.5 0.102403 0.184999 0.045754 hargrave 2021-04-07 12:54:18 
TT 620 225.5 -22.3 225.5 -22.3 4.47E-05 002.2 203.7 -39.0 0.091972 0.135775 0.055447 hargrave 2021-04-08 20:37:06 
TT 630 222.2 -22.4 222.2 -22.4 4.48E-05 001.1 199.8 -39.6 0.030590 0.084122 0.026207 hargrave 2021-04-16 17:21:39 
TT 640 222.4 -22.9 222.4 -22.9 4.45E-05 003.9 200.1 -40.0 0.115559 0.281513 0.020700 hargrave 2021-04-18 20:14:33 
TT 645 224.9 -20.2 224.9 -20.2 4.58E-05 002.7 202.6 -37.0 0.031160 0.187063 0.102244 hargrave 2021-04-19 22:23:03 
TT 650 224.6 -21.6 224.6 -21.6 4.44E-05 001.9 202.5 -38.5 0.081450 0.127309 0.018243 hargrave 2021-04-21 09:18:45 
