NW2- 17a mag compass orientation (IGRF corrected)
   0.11  32.8  41.0   0.0   0.0   1.0
NRM    268.7 -05.7 268.7 -05.7 2.86E-04 001.4 321.0  27.7 0.415529 0.512619 0.310321 hargrave 2021-02-19 20:15:23 
TT 100 266.0 -06.3 266.0 -06.3 2.81E-04 000.9 318.5  26.1 0.247538 0.181428 0.296009 hargrave 2021-03-24 14:22:57 
TT 200 267.1 -07.4 267.1 -07.4 2.81E-04 002.9 320.1  25.5 0.877648 1.103901 0.265279 hargrave 2021-03-25 16:52:10 
TT 300 271.9 -09.4 271.9 -09.4 2.79E-04 001.2 325.8  25.6 0.292518 0.484566 0.228815 hargrave 2021-03-26 12:39:24 
TT 400 269.4 -08.4 269.4 -08.4 2.73E-04 002.1 322.9  25.6 0.524759 0.791727 0.277924 hargrave 2021-03-26 18:31:29 
TT 450 269.2 -07.5 269.2 -07.5 2.70E-04 001.5 322.2  26.3 0.516332 0.463658 0.197284 hargrave 2021-03-29 14:14:09 
TT 500 267.9 -07.0 267.9 -07.0 2.64E-04 000.7 320.7  26.2 0.078320 0.106146 0.296984 hargrave 2021-03-30 12:50:12 
TT 525 269.6 -07.6 269.6 -07.6 2.60E-04 000.6 322.7  26.4 0.065778 0.092663 0.268738 hargrave 2021-03-31 09:51:15 
TT 550 272.1 -07.9 272.1 -07.9 2.55E-04 001.9 325.4  27.1 0.565666 0.589365 0.201716 hargrave 2021-04-01 11:28:08 
TT 560 270.3 -08.0 270.3 -08.0 2.52E-04 000.9 323.6  26.3 0.143568 0.292062 0.256355 hargrave 2021-04-01 18:33:51 
TT 570 264.0 -04.6 264.0 -04.6 2.48E-04 004.8 315.7  26.7 1.502923 1.433818 0.262672 hargrave 2021-04-02 12:48:26 
TT 580 270.4 -07.9 270.4 -07.9 2.46E-04 001.6 323.6  26.4 0.360875 0.556093 0.244797 hargrave 2021-04-02 17:52:39 
TT 590 268.8 -06.7 268.8 -06.7 2.41E-04 006.1 321.5  26.9 1.602535 2.028843 0.153793 hargrave 2021-04-05 13:50:38 
TT 600 270.5 -07.7 270.5 -07.7 2.31E-04 002.3 323.7  26.7 0.482970 0.767386 0.178017 hargrave 2021-04-06 11:58:57 
TT 610 270.8 -08.6 270.8 -08.6 2.28E-04 001.9 324.4  25.9 0.349719 0.631135 0.180679 hargrave 2021-04-07 13:05:36 
TT 620 268.8 -07.5 268.8 -07.5 2.23E-04 001.3 321.8  26.1 0.242471 0.433549 0.164277 hargrave 2021-04-08 20:47:34 
TT 630 267.1 -07.6 267.1 -07.6 2.21E-04 000.6 320.2  25.4 0.162202 0.086665 0.179425 hargrave 2021-04-16 17:30:53 
TT 640 272.4 -10.3 272.4 -10.3 2.19E-04 004.4 326.7  24.9 0.832390 1.483698 0.177746 hargrave 2021-04-18 20:24:43 
TT 645 266.5 -08.2 266.5 -08.2 2.18E-04 000.6 319.9  24.6 0.091614 0.119859 0.200592 hargrave 2021-04-19 22:31:57 
TT 650 269.2 -08.3 269.2 -08.3 2.12E-04 002.1 322.7  25.6 0.299185 0.663380 0.234605 hargrave 2021-04-21 09:29:15 
TT 655 267.3 -07.9 267.3 -07.9 1.97E-04 000.6 320.6  25.2 0.138493 0.120326 0.133326 hargrave 2021-06-11 15:01:25 
TT 660 268.0 -07.0 268.0 -07.0 1.83E-04 002.7 320.8  26.3 0.540482 0.657557 0.123214 hargrave 2021-06-12 11:05:10 
TT 663 268.8 -08.2 268.8 -08.2 1.67E-04 001.5 322.2  25.5 0.268508 0.339929 0.114812 hargrave 2021-06-12 18:34:14 
