NW2- 8a mag compass orientation (IGRF corrected)
   4.29  43.8  28.0   0.0   0.0   1.0
NRM    177.3  36.4 177.3  36.4 6.22E-05 001.3 214.9  14.5 0.096194 0.112190 0.036980 hargrave 2021-02-19 19:57:47 
TT 100 165.0  22.5 165.0  22.5 4.17E-05 001.2 208.6 -01.9 0.043043 0.059034 0.080508 hargrave 2021-03-24 14:05:55 
TT 200 165.8  17.5 165.8  17.5 4.05E-05 002.5 210.6 -06.6 0.075486 0.152390 0.079265 hargrave 2021-03-25 16:35:22 
TT 300 167.8  14.7 167.8  14.7 3.95E-05 001.8 213.1 -08.8 0.078902 0.079381 0.082408 hargrave 2021-03-26 12:22:38 
TT 400 167.1  13.3 167.1  13.3 3.67E-05 001.3 212.9 -10.3 0.045332 0.045641 0.073665 hargrave 2021-03-26 18:14:51 
TT 450 170.1  10.6 170.1  10.6 3.46E-05 001.8 216.6 -12.0 0.049545 0.064074 0.092187 hargrave 2021-03-29 13:56:56 
TT 500 171.5  12.0 171.5  12.0 3.12E-05 004.1 217.4 -10.4 0.136421 0.182895 0.054956 hargrave 2021-03-30 12:34:13 
TT 525 173.5  10.9 173.5  10.9 2.98E-05 001.3 219.7 -10.8 0.028030 0.051534 0.052284 hargrave 2021-03-31 09:34:18 
TT 550 173.6  12.5 173.6  12.5 2.94E-05 001.6 219.3 -09.3 0.048630 0.067908 0.042374 hargrave 2021-04-01 11:10:30 
TT 560 173.0  13.3 173.0  13.3 2.91E-05 001.9 218.4 -08.7 0.060904 0.077307 0.030936 hargrave 2021-04-01 18:17:10 
TT 570 176.2  14.3 176.2  14.3 2.84E-05 002.3 221.1 -06.8 0.080253 0.083696 0.031587 hargrave 2021-04-02 12:32:22 
TT 580 174.9  13.5 174.9  13.5 2.80E-05 003.1 220.2 -07.9 0.090121 0.099485 0.082760 hargrave 2021-04-02 17:35:44 
TT 590 171.2  15.2 171.2  15.2 2.75E-05 002.0 216.2 -07.4 0.043579 0.067855 0.065113 hargrave 2021-04-05 13:34:36 
TT 600 178.4  17.5 178.4  17.5 2.53E-05 002.6 222.1 -03.1 0.085603 0.073145 0.063975 hargrave 2021-04-06 11:42:05 
TT 610 176.0  16.7 176.0  16.7 2.40E-05 004.7 220.2 -04.5 0.119907 0.152620 0.061311 hargrave 2021-04-07 12:49:32 
TT 620 182.1  13.6 182.1  13.6 2.52E-05 002.2 226.8 -05.5 0.065754 0.074768 0.058608 hargrave 2021-04-08 20:32:22 
TT 630 190.0  13.4 190.0  13.4 2.69E-05 002.7 234.1 -02.8 0.085922 0.147185 0.029737 hargrave 2021-04-16 17:18:17 
TT 640 190.9  14.6 190.9  14.6 2.58E-05 001.9 234.4 -01.4 0.079848 0.057589 0.030086 hargrave 2021-04-18 20:10:24 
TT 645 189.7  16.3 189.7  16.3 2.95E-05 001.7 232.7 -00.3 0.069766 0.107218 0.046193 hargrave 2021-04-19 22:19:14 
TT 650 193.5  15.9 193.5  15.9 2.62E-05 002.7 236.2  00.8 0.111929 0.069975 0.026619 hargrave 2021-04-21 09:14:03 
TT 655 194.4  18.3 194.4  18.3 2.59E-05 001.5 236.0  03.3 0.059778 0.050482 0.049764 hargrave 2021-06-11 14:45:08 
TT 660 195.0  19.6 195.0  19.6 2.26E-05 001.3 235.9  04.8 0.034361 0.066531 0.038094 hargrave 2021-06-12 10:49:13 
TT 663 194.0  16.7 194.0  16.7 2.16E-05 006.3 236.2  01.8 0.198167 0.145436 0.038141 hargrave 2021-06-12 18:16:47 
TT 667 195.4  22.2 195.4  22.2 2.00E-05 002.7 235.2  07.3 0.075650 0.052739 0.034343 hargrave 2021-06-22 14:44:44 
TT 670 200.4  20.9 200.4  20.9 2.15E-05 001.6 240.0  08.1 0.046610 0.028662 0.038899 hargrave 2021-06-23 12:03:09 
TT 672 192.8  26.9 192.8  26.9 1.72E-05 002.1 231.0  10.6 0.028130 0.019529 0.055090 hargrave 2021-06-23 16:41:12 
TT 675 204.5  24.4 204.5  24.4 1.79E-05 002.8 241.8  12.9 0.073544 0.041931 0.032183 hargrave 2021-06-24 13:26:05 
TT 677 200.2  27.3 200.2  27.3 1.51E-05 002.3 237.0  13.7 0.037772 0.048657 0.026699 hargrave 2021-06-24 18:10:20 
TT 679 198.4  09.9 198.4  09.9 8.53E-06 004.4 243.0 -02.7 0.063583 0.025701 0.012356 hargrave 2021-06-25 13:40:27 
TT 680 165.5  28.4 165.5  28.4 8.25E-06 003.3 207.6  04.0 0.028946 0.038964 0.018007 hargrave 2021-06-25 18:11:45 
TT 682 158.2  26.5 158.2  26.5 7.53E-06 003.1 201.7  00.7 0.016427 0.036324 0.016487 hargrave 2021-06-26 13:18:07 
TT 684 194.8  21.1 194.8  21.1 7.28E-06 003.2 235.2  06.0 0.021903 0.010570 0.033791 hargrave 2021-06-26 17:51:19 
TT 686 008.9  77.5 008.9  77.5 2.55E-06 001.5 152.9  66.9 0.004927 0.004095 0.002182 hargrave 2021-06-27 14:18:32 
