NW2- 1a mag compass orientation (IGRF corrected)
   4.28 331.8  33.0 114.0   2.0   1.0
NRM    192.5 076.3 193.9 074.4 3.80E-05 002.1 204.1 064.0 0.125490 0.069047 0.034524 hargrave 2021-02-19 19:46:17 
TT 100 186.9 078.4 189.4 076.5 3.33E-05 002.3 200.7 062.2 0.075400 0.099328 0.059061 hargrave 2021-03-24 13:54:17 
TT 200 193.1 071.6 194.1 069.6 3.01E-05 002.3 214.7 065.4 0.099560 0.052891 0.051637 hargrave 2021-03-25 16:23:08 
TT 300 206.1 063.7 205.9 061.7 2.69E-05 002.4 234.2 071.4 0.066859 0.082765 0.041995 hargrave 2021-03-26 12:09:37 
TT 400 222.5 055.8 221.6 053.9 2.73E-05 002.4 268.3 079.3 0.067664 0.083444 0.052032 hargrave 2021-03-26 18:01:52 
TT 450 225.2 051.3 224.4 049.4 2.63E-05 003.7 293.5 078.8 0.145140 0.087693 0.025237 hargrave 2021-03-29 13:45:12 
TT 500 230.1 050.0 229.1 048.1 2.49E-05 002.3 310.4 080.1 0.068909 0.074102 0.021149 hargrave 2021-03-30 12:20:58 
TT 525 234.7 045.8 233.7 044.1 2.43E-05 002.8 335.4 078.0 0.080761 0.089321 0.020856 hargrave 2021-03-31 09:22:48 
TT 550 232.1 042.3 231.3 040.6 2.48E-05 002.5 333.0 074.1 0.084790 0.064166 0.036052 hargrave 2021-04-01 10:58:04 
TT 560 234.5 039.7 233.7 038.0 2.49E-05 002.6 341.5 072.1 0.074124 0.083202 0.035728 hargrave 2021-04-01 18:04:08 
TT 570 233.3 038.0 232.5 036.3 2.45E-05 002.4 339.8 070.2 0.069382 0.077229 0.010196 hargrave 2021-04-02 12:19:14 
TT 580 228.3 036.1 227.7 034.2 2.37E-05 002.2 330.9 067.2 0.064286 0.070512 0.011425 hargrave 2021-04-02 17:24:15 
TT 590 220.5 032.0 220.1 030.1 2.40E-05 003.5 320.5 061.0 0.109704 0.096387 0.017112 hargrave 2021-04-05 13:21:19 
TT 600 228.4 028.8 228.0 027.0 2.23E-05 005.9 335.9 060.3 0.118855 0.200560 0.014311 hargrave 2021-04-06 11:31:23 
TT 610 217.1 027.5 216.8 025.6 2.12E-05 003.7 318.8 055.7 0.084713 0.109259 0.020934 hargrave 2021-04-07 12:38:05 
TT 620 219.8 028.0 219.5 026.1 2.15E-05 001.0 322.5 057.1 0.027632 0.033293 0.019390 hargrave 2021-04-08 20:20:54 
TT 630 209.4 025.1 209.3 023.1 1.82E-05 002.4 310.2 050.5 0.052724 0.064902 0.010416 hargrave 2021-04-16 17:07:06 
TT 640 214.7 021.7 214.5 019.7 1.79E-05 004.1 319.3 049.5 0.069257 0.114832 0.017008 hargrave 2021-04-18 19:58:40 
TT 645 212.3 025.0 212.2 023.0 1.57E-05 003.9 314.1 051.6 0.062564 0.088833 0.025843 hargrave 2021-04-19 22:10:07 
TT 650 209.4 027.1 209.3 025.1 7.21E-06 052.4 308.7 052.3 0.296121 0.369986 0.608397 hargrave 2021-04-21 09:02:23 
TT 650 201.6 031.6 201.6 029.6 1.45E-05 007.6 295.3 052.5 0.162449 0.101797 0.017542 hargrave 2021-04-21 10:04:19 
TT 655 231.2 007.4 231.1 005.6 1.68E-05 003.8 346.3 039.7 0.047016 0.105747 0.010449 hargrave 2021-06-11 14:33:18 
TT 660 237.6 008.4 237.4 006.7 9.40E-06 004.0 354.4 041.3 0.031417 0.059607 0.023543 hargrave 2021-06-12 10:37:33 
TT 663 240.6 -07.8 240.8 -09.4 9.81E-06 006.5 358.7 025.2 0.032533 0.108149 0.018910 hargrave 2021-06-12 18:04:22 
TT 667 244.2 -12.5 244.5 -14.0 8.54E-06 003.8 002.5 020.5 0.027344 0.055089 0.013840 hargrave 2021-06-22 14:35:17 
TT 670 221.3 011.8 221.2 009.9 1.57E-05 003.1 332.5 042.1 0.054596 0.067664 0.008954 hargrave 2021-06-23 11:53:29 
TT 672 222.3 019.0 222.1 017.1 5.77E-06 019.9 331.0 049.3 0.351708 0.194951 0.465892 hargrave 2021-06-23 16:31:51 
TT 672 221.0 021.5 220.8 019.6 1.18E-05 002.6 328.1 051.4 0.034950 0.028675 0.032736 hargrave 2021-06-23 17:06:11 
TT 675 218.6 018.3 218.4 016.4 1.56E-05 001.4 326.3 047.6 0.025333 0.027178 0.008632 hargrave 2021-06-24 13:16:31 
TT 677 129.5 016.9 130.1 016.3 2.84E-05 002.5 242.4 002.6 0.125789 0.093217 0.026649 hargrave 2021-06-24 18:00:44 
TT 679 196.2 038.6 196.4 036.6 1.03E-05 001.3 282.0 055.2 0.012077 0.014586 0.016972 hargrave 2021-06-25 13:30:53 
TT 680 165.9 041.1 166.9 039.5 6.77E-06 002.2 254.4 040.6 0.021172 0.010540 0.013016 hargrave 2021-06-25 18:02:11 
TT 682 194.5 023.0 194.6 021.1 1.20E-05 005.5 294.6 041.9 0.105217 0.049549 0.011865 hargrave 2021-06-26 13:08:38 
TT 684 179.5 019.8 179.8 018.0 7.84E-06 001.1 282.4 031.5 0.008463 0.005606 0.012266 hargrave 2021-06-26 17:41:49 
TT 686 190.2 037.4 190.6 035.5 5.50E-06 002.1 277.6 051.1 0.019896 0.003508 0.007463 hargrave 2021-06-27 14:09:02 
