NW2- 4a mag compass orientation (IGRF corrected)
   4.31  70.8  19.0 114.0   2.0   1.0
NRM    210.2 026.1 210.1 024.1 9.56E-05 003.3 224.4 013.0 0.380125 0.381419 0.147758 hargrave 2021-02-19 19:51:07 
TT 100 208.7 026.5 208.6 024.5 6.82E-05 001.1 223.0 013.1 0.074413 0.121234 0.040538 hargrave 2021-03-24 13:59:55 
TT 200 207.9 023.4 207.8 021.4 6.78E-05 000.6 223.0 009.9 0.043012 0.075213 0.040743 hargrave 2021-03-25 16:29:28 
TT 300 211.3 020.2 211.2 018.2 6.75E-05 001.2 226.9 007.6 0.112493 0.086250 0.042479 hargrave 2021-03-26 12:16:45 
TT 400 210.6 019.3 210.5 017.4 6.58E-05 004.0 226.5 006.6 0.319509 0.327877 0.052207 hargrave 2021-03-26 18:08:58 
TT 450 211.5 018.3 211.4 016.3 6.60E-05 001.0 227.6 005.8 0.101516 0.059924 0.047606 hargrave 2021-03-29 13:50:53 
TT 500 210.9 017.8 210.9 015.8 6.60E-05 003.7 227.2 005.2 0.302103 0.306264 0.045845 hargrave 2021-03-30 12:28:20 
TT 525 212.4 018.3 212.3 016.3 6.49E-05 001.8 228.4 006.0 0.177692 0.105519 0.045515 hargrave 2021-03-31 09:28:20 
TT 550 210.9 017.8 210.9 015.8 6.32E-05 001.0 227.2 005.2 0.093457 0.071856 0.045109 hargrave 2021-04-01 11:04:37 
TT 560 214.4 017.6 214.3 015.6 6.28E-05 002.0 230.5 005.8 0.147806 0.158544 0.065029 hargrave 2021-04-01 18:11:18 
TT 570 222.7 016.6 222.5 014.7 6.01E-05 003.7 238.4 007.1 0.345226 0.182700 0.042919 hargrave 2021-04-02 12:26:26 
TT 580 213.0 018.1 212.9 016.2 6.06E-05 004.9 229.0 006.0 0.402888 0.326741 0.047353 hargrave 2021-04-02 17:29:49 
TT 590 218.2 016.9 218.1 015.0 5.86E-05 001.5 234.2 006.2 0.136176 0.076013 0.046428 hargrave 2021-04-05 13:28:40 
TT 600 222.3 016.3 222.1 014.4 5.72E-05 005.4 238.1 006.7 0.472784 0.257683 0.039984 hargrave 2021-04-06 11:35:59 
TT 610 219.2 016.5 219.0 014.5 5.58E-05 001.2 235.2 006.0 0.083848 0.081204 0.048805 hargrave 2021-04-07 12:43:37 
TT 620 216.9 017.4 216.7 015.5 5.10E-05 001.5 232.8 006.3 0.093292 0.107684 0.042506 hargrave 2021-04-08 20:26:27 
TT 630 219.7 017.3 219.5 015.4 5.14E-05 003.4 235.4 006.9 0.241880 0.184618 0.043206 hargrave 2021-04-16 17:13:04 
TT 640 212.8 018.4 212.7 016.4 4.84E-05 010.8 228.8 006.2 0.681337 0.616909 0.040151 hargrave 2021-04-18 20:04:11 
TT 640 225.9 014.8 225.7 013.0 4.86E-05 002.5 241.9 006.3 0.167259 0.140626 0.048078 hargrave 2021-04-19 10:10:39 
TT 645 222.1 014.3 221.9 012.4 4.89E-05 001.8 238.5 004.7 0.147379 0.064491 0.038032 hargrave 2021-04-19 22:14:32 
TT 650 224.0 014.6 223.8 012.7 4.70E-05 001.2 240.2 005.5 0.058207 0.088120 0.044151 hargrave 2021-04-21 09:08:10 
TT 655 219.7 013.8 219.6 011.9 4.49E-05 004.0 236.4 003.6 0.237818 0.215734 0.032195 hargrave 2021-06-11 14:39:10 
TT 660 216.0 013.9 215.9 012.0 4.27E-05 003.8 232.9 002.7 0.253941 0.142178 0.028716 hargrave 2021-06-12 10:43:19 
TT 663 217.7 014.2 217.6 012.2 4.13E-05 002.5 234.5 003.4 0.131015 0.123075 0.029377 hargrave 2021-06-12 18:10:55 
TT 667 218.3 012.9 218.2 010.9 3.71E-05 003.9 235.4 002.3 0.263923 0.088742 0.028812 hargrave 2021-06-22 14:40:04 
TT 670 216.8 015.3 216.7 013.3 2.60E-05 001.3 233.3 004.2 0.047214 0.038455 0.019038 hargrave 2021-06-23 11:58:19 
TT 672 214.2 012.6 214.1 010.7 2.62E-05 001.4 231.6 001.0 0.051618 0.038381 0.017079 hargrave 2021-06-23 16:36:31 
TT 675 216.7 011.2 216.6 009.3 2.90E-05 001.3 234.3 000.3 0.057958 0.094127 0.018634 hargrave 2021-06-24 13:21:17 
TT 677 314.2 021.5 313.4 022.2 1.37E-05 002.0 328.0 038.1 0.031744 0.038500 0.007290 hargrave 2021-06-24 18:05:28 
TT 679 218.6 013.9 218.5 012.0 2.68E-05 005.5 235.4 003.4 0.202028 0.170195 0.017370 hargrave 2021-06-25 13:35:38 
TT 680 213.7 013.9 213.6 011.9 1.43E-05 004.0 230.8 002.1 0.075828 0.068099 0.009555 hargrave 2021-06-25 18:06:57 
TT 682 215.9 009.1 215.8 007.1 1.17E-05 001.4 234.1 -02.0 0.025544 0.015097 0.007298 hargrave 2021-06-26 13:13:22 
TT 684 209.3 003.9 209.3 001.9 1.08E-05 003.1 229.1 -08.7 0.041836 0.040917 0.007926 hargrave 2021-06-26 17:46:33 
TT 686 221.0 -01.8 221.0 -03.7 8.81E-06 001.1 242.1 -11.0 0.015393 0.007746 0.010018 hargrave 2021-06-27 14:13:43 
