NW2- 5a mag compass orientation (IGRF corrected)
   4.29 110.8  27.0 114.0   2.0   1.0
NRM    231.5 015.3 231.2 013.6 1.46E-04 005.5 209.8 -08.1 0.878423 1.108213 0.086839 hargrave 2021-02-19 19:52:50 
TT 100 232.5 010.8 232.3 009.0 1.45E-04 000.7 211.9 -12.3 0.109643 0.258250 0.056524 hargrave 2021-03-24 14:01:27 
TT 200 233.3 007.5 233.2 005.7 1.46E-04 000.8 213.5 -15.3 0.084597 0.281732 0.087953 hargrave 2021-03-25 16:30:58 
TT 300 233.9 006.0 233.8 004.2 1.44E-04 004.4 214.5 -16.6 0.837979 0.772819 0.044166 hargrave 2021-03-26 12:18:15 
TT 400 232.8 004.9 232.7 003.2 1.40E-04 001.2 213.7 -17.9 0.078489 0.310477 0.100984 hargrave 2021-03-26 18:10:29 
TT 450 231.3 005.3 231.2 003.5 1.38E-04 001.6 212.1 -17.9 0.114887 0.359555 0.167141 hargrave 2021-03-29 13:52:26 
TT 500 236.7 003.6 236.6 001.9 1.32E-04 005.8 218.0 -18.1 0.717262 1.138144 0.036334 hargrave 2021-03-30 12:29:46 
TT 525 233.4 004.5 233.3 002.8 1.29E-04 002.9 214.4 -18.1 0.256115 0.607222 0.078054 hargrave 2021-03-31 09:29:51 
TT 550 233.8 005.7 233.7 003.9 1.23E-04 004.3 214.5 -16.9 0.614525 0.682547 0.088934 hargrave 2021-04-01 11:06:04 
TT 560 234.7 004.9 234.6 003.2 1.19E-04 001.2 215.6 -17.4 0.048584 0.274363 0.073397 hargrave 2021-04-01 18:12:47 
TT 570 235.1 005.3 235.0 003.6 1.12E-04 001.4 215.9 -16.9 0.071848 0.284718 0.046266 hargrave 2021-04-02 12:27:57 
TT 580 229.4 006.3 229.3 004.5 1.07E-04 001.4 209.9 -17.4 0.062394 0.264033 0.081928 hargrave 2021-04-02 17:31:19 
TT 590 229.9 007.1 229.8 005.3 1.02E-04 000.8 210.2 -16.5 0.050307 0.157861 0.042311 hargrave 2021-04-05 13:30:08 
TT 600 224.4 010.2 224.3 008.3 8.82E-05 002.7 204.0 -14.6 0.150062 0.386058 0.049083 hargrave 2021-04-06 11:37:33 
TT 610 223.0 012.4 222.8 010.5 7.81E-05 001.8 202.2 -12.7 0.055772 0.267006 0.045166 hargrave 2021-04-07 12:45:08 
TT 620 227.8 013.8 227.6 012.0 7.58E-05 000.8 206.6 -10.4 0.064441 0.083257 0.060634 hargrave 2021-04-08 20:27:57 
TT 630 222.4 014.1 222.2 012.2 7.22E-05 001.2 201.3 -11.1 0.055039 0.137109 0.065137 hargrave 2021-04-16 17:14:33 
TT 640 224.6 013.6 224.5 011.7 7.32E-05 002.2 203.6 -11.2 0.139956 0.241232 0.047056 hargrave 2021-04-18 20:05:57 
TT 645 228.6 011.4 228.4 009.6 7.35E-05 000.9 207.9 -12.6 0.068000 0.089104 0.082956 hargrave 2021-04-19 22:15:44 
TT 650 226.4 011.6 226.2 009.8 7.21E-05 002.4 205.7 -12.8 0.102890 0.293473 0.046743 hargrave 2021-04-21 09:09:37 
TT 655 227.7 010.0 227.5 008.2 6.83E-05 005.0 207.3 -14.1 0.098394 0.740066 0.058932 hargrave 2021-06-11 14:40:39 
TT 660 222.4 007.6 222.3 005.7 6.49E-05 001.8 202.5 -17.5 0.097991 0.171713 0.046093 hargrave 2021-06-12 10:44:45 
TT 663 223.3 007.4 223.2 005.5 6.06E-05 000.9 203.4 -17.5 0.064199 0.083949 0.054608 hargrave 2021-06-12 18:12:22 
TT 667 227.1 011.0 226.9 009.1 5.82E-05 001.6 206.5 -13.3 0.074454 0.176453 0.032938 hargrave 2021-06-22 14:41:12 
TT 670 227.2 006.2 227.1 004.4 4.88E-05 002.4 207.7 -17.9 0.111418 0.170197 0.048475 hargrave 2021-06-23 11:59:32 
TT 672 229.8 009.3 229.7 007.4 4.75E-05 004.8 209.6 -14.4 0.173609 0.361824 0.044801 hargrave 2021-06-23 16:37:40 
TT 675 223.7 005.9 223.6 004.1 4.70E-05 001.6 204.1 -18.9 0.032956 0.138949 0.036230 hargrave 2021-06-24 13:22:29 
TT 677 226.1 006.4 226.0 004.5 4.40E-05 002.4 206.5 -18.0 0.080347 0.166446 0.031346 hargrave 2021-06-24 18:06:41 
TT 679 225.4 002.5 225.4 000.7 3.84E-05 002.9 206.6 -21.9 0.060924 0.188717 0.032492 hargrave 2021-06-25 13:36:48 
TT 680 225.6 016.7 225.4 014.8 2.31E-05 001.6 203.9 -08.0 0.096240 0.061843 0.021006 hargrave 2021-06-25 18:08:06 
TT 682 214.2 013.0 214.1 011.0 2.16E-05 002.5 193.4 -13.3 0.097081 0.088627 0.019097 hargrave 2021-06-26 13:14:31 
TT 684 226.7 013.4 226.5 011.6 2.33E-05 001.4 205.6 -11.0 0.095736 0.052469 0.009965 hargrave 2021-06-26 17:47:42 
TT 686 201.3 018.9 201.4 016.9 1.66E-05 001.6 180.5 -08.1 0.014570 0.045172 0.009321 hargrave 2021-06-27 14:14:52 
