NW2- 18a mag compass orientation (IGRF corrected)
   0.13  38.8  32.0   0.0   0.0   1.0
NRM    261.4 -04.1 261.4 -04.1 2.32E-04 068.1 309.8  17.3 15.16841 18.21792 7.381418 hargrave 2021-02-19 20:17:51 
NRM    252.5  00.4 252.5  00.4 2.32E-04 060.8 299.3  17.5 11.59649 20.64286 7.456577 hargrave 2021-02-20 10:27:15 
TT 100 259.6 -04.7 259.6 -04.7 3.67E-04 001.7 308.3  16.0 0.711071 0.663944 0.458567 hargrave 2021-03-24 14:24:31 
TT 200 265.7 -07.7 265.7 -07.7 3.66E-04 005.3 315.3  15.7 2.316706 2.449191 0.525590 hargrave 2021-03-25 16:53:41 
TT 300 265.9 -07.9 265.9 -07.9 3.62E-04 001.7 315.5  15.6 0.548640 0.685204 0.591891 hargrave 2021-03-26 12:40:55 
TT 400 263.8 -06.6 263.8 -06.6 3.53E-04 003.3 313.1  15.9 1.352913 1.385296 0.535898 hargrave 2021-03-26 18:33:00 
TT 450 263.9 -05.7 263.9 -05.7 3.48E-04 000.8 312.8  16.8 0.319885 0.330031 0.249618 hargrave 2021-03-29 14:15:43 
TT 500 263.1 -05.6 263.1 -05.6 3.39E-04 001.1 312.0  16.6 0.194892 0.296872 0.587119 hargrave 2021-03-30 12:51:42 
TT 525 263.1 -05.2 263.1 -05.2 3.33E-04 001.9 311.8  17.0 0.676648 0.712090 0.566492 hargrave 2021-03-31 09:52:48 
TT 550 265.9 -06.2 265.9 -06.2 3.24E-04 006.4 314.9  17.1 2.547064 2.554483 0.387680 hargrave 2021-04-01 11:29:38 
TT 560 263.7 -04.9 263.7 -04.9 3.21E-04 001.6 312.3  17.4 0.586171 0.599138 0.366047 hargrave 2021-04-01 18:35:21 
TT 570 265.5 -05.6 265.5 -05.6 3.15E-04 001.5 314.3  17.5 0.455189 0.524965 0.446350 hargrave 2021-04-02 12:49:58 
TT 580 261.9 -04.5 261.9 -04.5 3.12E-04 002.4 310.3  17.1 0.919390 0.856898 0.419326 hargrave 2021-04-02 17:54:11 
TT 590 266.7 -05.9 266.7 -05.9 3.07E-04 003.0 315.6  17.6 1.113199 1.145940 0.250113 hargrave 2021-04-05 13:52:08 
TT 600 265.0 -05.4 265.0 -05.4 2.95E-04 004.1 313.7  17.6 1.477253 1.496780 0.333036 hargrave 2021-04-06 12:00:26 
TT 610 266.6 -06.1 266.6 -06.1 2.88E-04 004.6 315.6  17.4 1.565821 1.716709 0.324894 hargrave 2021-04-07 13:07:08 
TT 620 262.5 -04.4 262.5 -04.4 2.84E-04 000.9 310.9  17.5 0.277829 0.144187 0.324392 hargrave 2021-04-08 20:49:06 
TT 630 262.6 -04.6 262.6 -04.6 2.84E-04 001.7 311.0  17.3 0.478560 0.589696 0.378612 hargrave 2021-04-16 17:32:02 
TT 640 262.4 -04.4 262.4 -04.4 2.80E-04 001.1 310.9  17.4 0.331676 0.151995 0.395313 hargrave 2021-04-18 20:26:05 
TT 645 267.7 -07.0 267.7 -07.0 2.77E-04 001.3 316.9  17.1 0.325546 0.441530 0.285865 hargrave 2021-04-19 22:33:10 
TT 650 264.7 -05.2 264.7 -05.2 2.73E-04 000.9 313.4  17.6 0.164521 0.278671 0.271972 hargrave 2021-04-21 09:30:45 
TT 655 263.4 -04.7 263.4 -04.7 2.59E-04 001.0 311.9  17.5 0.220432 0.267658 0.299905 hargrave 2021-06-11 15:02:57 
TT 660 262.8 -04.3 262.8 -04.3 2.43E-04 003.2 311.2  17.6 1.011369 0.905558 0.240556 hargrave 2021-06-12 11:06:41 
TT 663 264.4 -05.9 264.4 -05.9 2.30E-04 004.0 313.3  16.9 1.133614 1.123859 0.280700 hargrave 2021-06-12 18:35:43 
TT 667 264.2 -06.0 264.2 -06.0 2.14E-04 000.9 313.2  16.7 0.193928 0.138977 0.278369 hargrave 2021-06-22 14:58:56 
TT 670 263.8 -05.2 263.8 -05.2 1.44E-04 000.9 312.5  17.3 0.151344 0.152191 0.208590 hargrave 2021-06-23 12:17:31 
TT 672 269.0 -07.4 269.0 -07.4 1.44E-04 004.1 318.4  17.1 0.582505 0.837469 0.183944 hargrave 2021-06-23 16:56:11 
TT 675 265.4 -06.3 265.4 -06.3 1.39E-04 005.6 314.5  16.8 0.955967 0.969232 0.143636 hargrave 2021-06-24 13:41:52 
TT 677 263.2 -05.1 263.2 -05.1 9.98E-05 002.8 311.9  17.1 0.339476 0.366292 0.111250 hargrave 2021-06-24 18:25:18 
TT 679 265.1 -05.4 265.1 -05.4 9.75E-05 004.7 313.8  17.6 0.529905 0.607649 0.118207 hargrave 2021-06-25 13:54:50 
TT 680 272.8 -06.0 272.8 -06.0 1.51E-05 001.3 321.6  19.7 0.022209 0.027567 0.014803 hargrave 2021-06-25 18:25:17 
TT 682 260.3 -12.3 260.3 -12.3 1.53E-05 003.7 312.1  09.3 0.081069 0.058691 0.020286 hargrave 2021-06-26 13:31:48 
TT 684 269.5 -06.9 269.5 -06.9 1.13E-05 003.3 318.7  17.7 0.041748 0.049424 0.014818 hargrave 2021-06-26 18:04:59 
TT 686 263.9 -12.4 263.9 -12.4 5.67E-06 001.7 315.5  10.6 0.010232 0.012941 0.008035 hargrave 2021-06-27 14:32:52 
