NW2- 6a mag compass orientation (IGRF corrected)
   4.29  51.8  27.0 114.0   2.0   1.0
NRM    233.1 031.5 232.5 029.7 5.89E-05 001.0 255.5 028.3 0.070842 0.072231 0.054490 hargrave 2021-02-19 19:54:32 
TT 100 239.9 025.8 239.4 024.2 3.88E-05 000.6 264.6 026.5 0.026944 0.027487 0.029979 hargrave 2021-03-24 14:02:55 
TT 200 241.1 018.9 240.7 017.3 3.63E-05 004.4 269.3 021.0 0.277140 0.029257 0.023674 hargrave 2021-03-25 16:32:25 
TT 300 238.1 017.2 237.8 015.5 3.66E-05 002.9 267.6 018.1 0.183272 0.027379 0.031852 hargrave 2021-03-26 12:19:41 
TT 400 240.7 016.1 240.4 014.5 3.75E-05 001.3 270.4 018.3 0.078523 0.025172 0.041502 hargrave 2021-03-26 18:11:55 
TT 450 240.8 015.2 240.5 013.6 3.74E-05 001.7 270.9 017.6 0.103132 0.024717 0.032943 hargrave 2021-03-29 13:53:55 
TT 500 241.5 012.3 241.3 010.7 3.82E-05 001.3 273.0 015.3 0.072128 0.051934 0.048575 hargrave 2021-03-30 12:31:16 
TT 525 242.2 011.3 242.0 009.7 3.83E-05 003.2 274.1 014.8 0.215966 0.049748 0.021939 hargrave 2021-03-31 09:31:19 
TT 550 241.8 011.3 241.6 009.7 3.82E-05 002.5 273.7 014.6 0.164760 0.030838 0.019909 hargrave 2021-04-01 11:07:34 
TT 560 244.4 009.6 244.2 008.1 3.75E-05 001.3 276.9 014.3 0.075895 0.059837 0.031019 hargrave 2021-04-01 18:14:14 
TT 570 245.6 008.3 245.4 006.8 3.62E-05 001.9 278.6 013.6 0.116286 0.056447 0.026200 hargrave 2021-04-02 12:29:24 
TT 580 244.7 009.4 244.5 007.9 3.74E-05 002.1 277.2 014.2 0.138643 0.034426 0.025243 hargrave 2021-04-02 17:32:47 
TT 590 244.5 009.8 244.2 008.3 3.66E-05 000.8 276.8 014.5 0.046415 0.033148 0.022668 hargrave 2021-04-05 13:31:38 
TT 600 241.3 010.9 241.1 009.3 3.51E-05 003.9 273.5 014.0 0.236379 0.032947 0.044432 hargrave 2021-04-06 11:39:06 
TT 610 244.9 009.4 244.7 007.9 3.31E-05 001.6 277.4 014.3 0.089787 0.034601 0.034027 hargrave 2021-04-07 12:46:35 
TT 620 249.0 008.1 248.8 006.7 3.35E-05 001.8 281.7 015.0 0.092282 0.071484 0.030162 hargrave 2021-04-08 20:29:24 
TT 630 255.0 005.7 254.8 004.4 3.18E-05 002.1 288.4 015.4 0.092741 0.075135 0.032008 hargrave 2021-04-16 17:15:49 
TT 640 255.2 006.2 255.1 004.9 3.35E-05 003.1 288.4 016.0 0.163323 0.076209 0.028424 hargrave 2021-04-18 20:07:29 
TT 645 256.9 004.6 256.8 003.4 3.20E-05 001.1 290.7 015.3 0.038751 0.061772 0.032636 hargrave 2021-04-19 22:16:54 
TT 650 252.8 007.1 252.6 005.8 3.20E-05 003.2 285.7 015.8 0.164473 0.074336 0.027124 hargrave 2021-04-21 09:11:07 
TT 655 253.9 001.8 253.9 000.5 3.20E-05 001.1 289.1 011.5 0.044815 0.044269 0.030536 hargrave 2021-06-11 14:42:11 
TT 660 254.4 003.6 254.3 002.3 2.86E-05 001.5 288.8 013.3 0.065315 0.044599 0.028123 hargrave 2021-06-12 10:46:15 
TT 663 261.8 -02.5 261.9 -03.6 2.40E-05 002.8 298.3 010.8 0.106123 0.063110 0.022934 hargrave 2021-06-12 18:13:51 
TT 667 247.6 -02.3 247.7 -03.8 2.53E-05 004.0 285.2 005.0 0.174141 0.072800 0.030877 hargrave 2021-06-22 14:42:24 
TT 670 256.2 -00.8 256.2 -02.0 2.29E-05 002.7 292.3 010.1 0.092744 0.092857 0.028223 hargrave 2021-06-23 12:00:44 
TT 672 256.2 -01.0 256.2 -02.2 2.58E-05 001.2 292.4 009.9 0.046635 0.062502 0.016644 hargrave 2021-06-23 16:38:51 
TT 675 254.6 -03.5 254.7 -04.7 1.98E-05 003.2 292.0 007.0 0.109652 0.023701 0.022845 hargrave 2021-06-24 13:23:42 
TT 677 244.5 004.9 244.5 003.3 1.88E-05 003.4 279.2 010.1 0.106454 0.023306 0.028024 hargrave 2021-06-24 18:07:53 
TT 679 261.1 -00.5 261.2 -01.6 1.61E-05 002.5 296.8 012.4 0.058481 0.033966 0.025769 hargrave 2021-06-25 13:38:00 
TT 680 266.0 -11.8 266.4 -12.7 9.55E-06 001.9 305.8 003.9 0.027016 0.016801 0.008969 hargrave 2021-06-25 18:09:18 
TT 682 257.7 -00.6 257.7 -01.8 1.13E-05 003.7 293.6 010.9 0.064504 0.036787 0.009272 hargrave 2021-06-26 13:15:46 
TT 684 256.0 001.7 256.0 000.5 1.00E-05 003.7 291.1 012.3 0.055817 0.027469 0.023816 hargrave 2021-06-26 17:48:54 
TT 686 244.5 015.1 244.2 013.6 3.50E-06 004.0 274.3 019.2 0.023337 0.006014 0.006262 hargrave 2021-06-27 14:16:07 
