SC1- 44a mag compass orientation (IGRF corrected)
  92.35 326.5  23.0  88.0   3.0   1.0
NRM    222.2 -47.4 224.6 -49.5 7.46E-05 000.9 349.4 -24.9 0.030090 0.092577 0.075164 hargrave 2021-02-21 14:27:40 
TT 100 223.6 -48.5 226.1 -50.5 7.47E-05 002.5 350.5 -25.9 0.042045 0.299846 0.110257 hargrave 2021-02-28 13:46:13 
TT 200 216.1 -48.8 218.4 -51.1 7.63E-05 001.0 345.1 -26.8 0.068308 0.057673 0.100016 hargrave 2021-03-01 12:50:17 
TT 300 219.2 -49.4 221.6 -51.6 7.62E-05 002.4 347.4 -27.1 0.039566 0.304782 0.087372 hargrave 2021-03-01 17:49:33 
TT 400 219.4 -49.3 221.9 -51.5 7.56E-05 001.6 347.6 -27.0 0.129107 0.186490 0.084448 hargrave 2021-03-02 14:32:03 
TT 450 221.8 -49.2 224.4 -51.3 7.44E-05 001.0 349.3 -26.7 0.073465 0.080876 0.084499 hargrave 2021-03-03 12:34:55 
TT 500 220.7 -48.5 223.1 -50.6 7.31E-05 003.3 348.4 -26.1 0.074025 0.399986 0.110292 hargrave 2021-03-04 10:23:38 
TT 525 219.2 -49.1 221.6 -51.3 7.13E-05 002.8 347.4 -26.8 0.066328 0.344969 0.076319 hargrave 2021-03-04 16:03:00 
TT 550 219.4 -48.8 221.8 -51.0 6.89E-05 002.3 347.5 -26.5 0.067241 0.265318 0.081787 hargrave 2021-03-08 10:16:12 
TT 560 217.8 -49.0 220.2 -51.3 6.78E-05 001.1 346.4 -26.9 0.078991 0.091778 0.070482 hargrave 2021-03-08 15:52:33 
TT 570 217.9 -48.8 220.2 -51.1 6.62E-05 000.8 346.4 -26.7 0.059661 0.087430 0.032620 hargrave 2021-03-09 12:28:00 
TT 580 218.9 -49.3 221.3 -51.6 6.54E-05 001.2 347.2 -27.1 0.059934 0.129134 0.031688 hargrave 2021-03-09 17:30:51 
TT 590 221.3 -49.1 223.8 -51.3 6.56E-05 000.5 348.9 -26.7 0.061814 0.035551 0.034922 hargrave 2021-03-10 17:05:28 
TT 600 222.0 -49.6 224.6 -51.7 6.30E-05 000.9 349.5 -27.1 0.066053 0.087435 0.033154 hargrave 2021-03-11 17:12:47 
TT 610 217.8 -48.8 220.1 -51.1 6.10E-05 000.9 346.3 -26.7 0.066111 0.081074 0.033089 hargrave 2021-03-14 14:37:53 
TT 620 218.4 -49.0 220.8 -51.2 6.01E-05 000.8 346.8 -26.8 0.064076 0.071852 0.036092 hargrave 2021-03-16 11:32:45 
TT 630 214.3 -48.9 216.5 -51.3 5.82E-05 002.4 343.8 -27.1 0.086501 0.234391 0.035971 hargrave 2021-03-16 17:17:30 
TT 640 227.2 -50.0 230.1 -51.9 5.69E-05 004.0 353.3 -27.2 0.066778 0.392715 0.031112 hargrave 2021-03-19 15:29:20 
TT 650 224.9 -48.6 227.5 -50.6 5.60E-05 003.0 351.5 -25.9 0.062745 0.288542 0.033040 hargrave 2021-03-22 16:31:42 
TT 660 223.0 -47.8 225.5 -49.9 5.15E-05 001.7 350.0 -25.3 0.091725 0.146128 0.026303 hargrave 2021-03-23 14:58:04 
TT 664 222.6 -46.5 225.0 -48.6 4.69E-05 000.5 349.6 -24.0 0.068571 0.022468 0.025115 hargrave 2021-03-24 10:59:54 
TT 667 218.0 -45.6 220.1 -47.9 4.63E-05 000.8 346.0 -23.5 0.064668 0.060086 0.027142 hargrave 2021-03-24 16:00:25 
TT 670 218.8 -45.6 220.9 -47.8 4.12E-05 001.0 346.6 -23.4 0.058448 0.065251 0.021161 hargrave 2021-03-25 18:21:11 
TT 672 219.8 -45.3 221.9 -47.5 3.91E-05 003.4 347.3 -23.0 0.064482 0.228711 0.019648 hargrave 2021-03-26 14:27:52 
TT 674 220.4 -45.3 222.6 -47.5 3.72E-05 001.9 347.8 -23.0 0.082695 0.101670 0.035445 hargrave 2021-03-29 10:36:04 
TT 676 220.4 -45.5 222.6 -47.7 3.61E-05 002.2 347.8 -23.2 0.056113 0.125681 0.059567 hargrave 2021-03-29 17:24:34 
TT 678 219.8 -46.2 222.0 -48.4 2.27E-05 002.0 347.4 -23.9 0.067633 0.071525 0.013349 hargrave 2021-03-30 14:41:19 
TT 679 226.3 -45.5 228.8 -47.5 2.44E-05 002.2 352.3 -22.8 0.041254 0.086896 0.037020 hargrave 2021-03-31 13:19:13 
TT 681 214.1 -42.7 215.8 -45.1 2.05E-05 002.1 342.5 -21.0 0.050354 0.070599 0.016644 hargrave 2021-04-01 13:31:39 
TT 683 236.9 -46.3 239.7 -47.8 1.38E-05 001.8 000.3 -23.3 0.024491 0.041609 0.010975 hargrave 2021-04-02 14:18:06 
TT 685 203.6 -38.8 204.7 -41.5 1.00E-05 001.4 333.4 -18.7 0.025562 0.021760 0.008645 hargrave 2021-04-05 10:14:16 
TT 686 225.7 -46.9 228.2 -48.9 5.88E-06 002.2 351.9 -24.2 0.009966 0.016931 0.018193 hargrave 2021-04-05 17:15:22 
