SC1- 21a sun compass orientation
 66.665 181.9  31.0   0.0   0.0   1.0
NRM    206.3  13.5 206.3  13.5 9.25E-06 005.2 117.6 -00.4 0.077943 0.033459 0.014075 hargrave 2021-02-21 13:46:42 
TT 100 205.4  04.0 205.4  04.0 9.99E-06 001.8 112.4 -08.3 0.031061 0.014236 0.010580 hargrave 2021-02-22 14:37:58 
TT 200 204.7 -11.6 204.7 -11.6 1.24E-05 002.6 103.8 -21.6 0.049096 0.028963 0.017898 hargrave 2021-02-23 10:03:07 
TT 300 212.5 -16.9 212.5 -16.9 1.48E-05 001.6 108.1 -30.0 0.037904 0.016001 0.012773 hargrave 2021-02-23 14:02:45 
TT 400 213.9 -18.6 213.9 -18.6 1.56E-05 001.4 108.3 -32.2 0.032607 0.026365 0.014629 hargrave 2021-02-24 10:42:49 
TT 450 219.5 -17.7 219.5 -17.7 1.61E-05 002.0 114.3 -34.1 0.049835 0.026698 0.011663 hargrave 2021-02-24 15:41:16 
TT 500 218.9 -21.1 218.9 -21.1 1.67E-05 001.5 111.7 -36.7 0.039354 0.015862 0.014366 hargrave 2021-02-25 12:19:00 
TT 525 216.8 -21.8 216.8 -21.8 1.76E-05 001.4 109.1 -36.3 0.041217 0.024908 0.012022 hargrave 2021-02-25 17:33:20 
TT 550 219.4 -22.4 219.4 -22.4 1.69E-05 001.1 111.3 -38.0 0.025204 0.018766 0.016491 hargrave 2021-02-26 10:39:18 
TT 560 222.7 -18.4 222.7 -18.4 1.66E-05 002.2 117.2 -36.1 0.058140 0.029486 0.011728 hargrave 2021-02-26 15:51:41 
TT 570 218.8 -22.0 218.8 -22.0 1.66E-05 003.5 111.1 -37.4 0.093926 0.039953 0.012899 hargrave 2021-02-27 11:12:02 
TT 580 218.5 -23.1 218.5 -23.1 1.68E-05 002.6 110.0 -38.3 0.072097 0.030267 0.013963 hargrave 2021-02-28 11:54:38 
TT 590 216.2 -25.1 216.2 -25.1 1.58E-05 001.1 106.3 -38.8 0.021705 0.017200 0.018393 hargrave 2021-03-01 10:33:43 
TT 600 214.5 -21.8 214.5 -21.8 1.57E-05 005.8 106.9 -35.2 0.152117 0.051649 0.015755 hargrave 2021-03-01 15:34:15 
TT 610 223.6 -24.3 223.6 -24.3 1.48E-05 003.5 114.3 -41.7 0.082418 0.038043 0.010287 hargrave 2021-03-02 11:02:08 
TT 620 223.9 -20.4 223.9 -20.4 1.33E-05 003.5 117.2 -38.5 0.064497 0.045487 0.025483 hargrave 2021-03-02 17:05:59 
TT 630 230.4 -14.6 230.4 -14.6 1.25E-05 004.6 127.5 -36.1 0.067239 0.069474 0.028023 hargrave 2021-03-03 10:43:20 
TT 640 227.3 -23.6 227.3 -23.6 1.11E-05 005.0 118.8 -42.8 0.073807 0.058315 0.025585 hargrave 2021-03-03 16:04:07 
TT 650 234.2 -19.2 234.2 -19.2 1.14E-05 006.0 129.2 -41.9 0.082408 0.085284 0.019804 hargrave 2021-03-04 13:34:08 
TT 660 231.9 -16.4 231.9 -16.4 9.98E-06 005.7 128.2 -38.4 0.071956 0.067731 0.014736 hargrave 2021-03-05 11:48:05 
TT 664 233.1 -23.4 233.1 -23.4 7.67E-06 001.2 125.4 -45.2 0.009038 0.012007 0.007764 hargrave 2021-03-08 13:49:53 
TT 667 228.4 -31.9 228.4 -31.9 7.18E-06 005.2 113.6 -50.4 0.051814 0.039035 0.012808 hargrave 2021-03-09 10:32:43 
TT 670 217.8 -19.6 217.8 -19.6 7.73E-06 005.4 111.5 -34.9 0.062030 0.036998 0.016966 hargrave 2021-03-09 15:31:52 
TT 672 231.5 -32.6 231.5 -32.6 6.84E-06 001.9 116.5 -52.4 0.007229 0.019032 0.011751 hargrave 2021-03-10 14:44:06 
TT 674 225.7 -24.3 225.7 -24.3 3.75E-06 002.9 116.6 -42.7 0.012136 0.013208 0.006998 hargrave 2021-03-11 14:19:41 
TT 676 235.2 -37.0 235.2 -37.0 3.70E-06 003.3 116.7 -57.7 0.014263 0.015069 0.005168 hargrave 2021-03-14 12:36:21 
TT 678 190.9 -46.5 190.9 -46.5 2.99E-06 001.3 067.6 -42.6 0.004619 0.005794 0.001991 hargrave 2021-03-14 17:22:22 
TT 680 222.9  04.7 222.9  04.7 1.64E-06 002.0 128.7 -15.4 0.006659 0.002511 0.002579 hargrave 2021-03-16 14:47:06 
TT 682 331.0 -74.7 331.0 -74.7 4.72E-06 004.0 329.3 -63.7 0.016626 0.028965 0.003520 hargrave 2021-03-19 12:46:52 
TT 684 350.6 -20.7 350.6 -20.7 2.12E-06 006.3 271.6 -23.4 0.021128 0.006871 0.008620 hargrave 2021-03-22 13:34:10 
TT 686 301.9 -45.4 301.9 -45.4 1.37E-06 003.1 246.3 -67.4 0.002019 0.006589 0.003003 hargrave 2021-03-23 12:53:17 
