SC1- 34a mag compass orientation (IGRF corrected)
  87.66 353.5  83.0  70.0  39.0   1.0
NRM    199.8 -16.9 217.6 -43.5 2.23E-05 001.4 291.6 022.7 0.048370 0.046809 0.013839 hargrave 2021-02-21 14:09:51 
TT 100 204.0 -20.7 225.2 -44.3 2.39E-05 002.0 296.9 025.3 0.070842 0.041853 0.042023 hargrave 2021-02-22 14:59:45 
TT 200 208.3 -22.2 230.8 -42.9 2.59E-05 004.5 300.0 028.6 0.152397 0.129029 0.054127 hargrave 2021-02-23 10:20:46 
TT 300 208.8 -18.0 227.8 -39.4 2.71E-05 005.0 295.7 030.5 0.219251 0.112156 0.027288 hargrave 2021-02-23 14:21:42 
TT 400 216.9 -24.8 241.0 -39.7 2.78E-05 001.9 306.8 034.6 0.065537 0.064322 0.040032 hargrave 2021-02-24 11:01:06 
TT 450 216.8 -19.7 236.6 -35.9 2.72E-05 002.0 301.1 036.9 0.068359 0.064080 0.038546 hargrave 2021-02-24 15:59:35 
TT 500 219.0 -24.7 242.6 -38.3 2.83E-05 001.8 307.8 036.3 0.071690 0.047391 0.032497 hargrave 2021-02-25 12:37:59 
TT 525 219.1 -24.4 242.5 -37.9 2.71E-05 001.7 307.5 036.6 0.066591 0.068408 0.024362 hargrave 2021-02-25 17:52:39 
TT 550 221.6 -24.8 244.8 -36.7 2.71E-05 002.7 309.4 038.3 0.126300 0.045127 0.024916 hargrave 2021-02-26 11:00:06 
TT 560 222.7 -23.9 245.0 -35.4 2.70E-05 001.9 309.2 039.6 0.063157 0.076204 0.033479 hargrave 2021-02-26 16:13:19 
TT 570 222.4 -25.3 246.0 -36.6 2.59E-05 002.0 310.5 038.6 0.042776 0.082246 0.034909 hargrave 2021-02-27 11:33:37 
TT 580 221.4 -20.5 241.2 -33.7 2.46E-05 001.8 304.6 040.3 0.043281 0.064022 0.025658 hargrave 2021-02-28 12:15:35 
TT 590 226.0 -23.9 247.7 -33.3 2.39E-05 002.3 311.4 042.1 0.071106 0.054864 0.046408 hargrave 2021-03-01 10:54:44 
TT 600 225.0 -22.4 245.6 -32.8 2.24E-05 002.1 309.0 042.2 0.052702 0.060429 0.036611 hargrave 2021-03-01 15:55:20 
TT 610 224.7 -20.9 244.2 -31.9 2.35E-05 003.1 307.1 042.8 0.113451 0.020927 0.055972 hargrave 2021-03-02 11:18:52 
TT 620 223.5 -23.6 245.5 -34.6 2.05E-05 001.5 309.4 040.4 0.031479 0.046842 0.015821 hargrave 2021-03-02 17:23:59 
TT 630 222.0 -18.6 240.2 -31.9 2.08E-05 002.6 302.7 041.7 0.057894 0.074634 0.018714 hargrave 2021-03-03 11:04:06 
TT 640 218.8 -16.2 235.6 -32.1 1.90E-05 003.0 298.1 040.0 0.094474 0.024486 0.031384 hargrave 2021-03-03 16:24:59 
TT 650 223.5 -23.0 244.8 -34.2 1.90E-05 001.7 308.6 040.7 0.040576 0.035352 0.028454 hargrave 2021-03-04 13:56:26 
TT 660 228.7 -19.5 246.3 -28.3 1.40E-05 001.8 308.3 046.7 0.017568 0.041802 0.013363 hargrave 2021-03-05 12:10:33 
TT 664 229.6 -18.0 245.9 -26.7 1.35E-05 002.1 307.2 048.2 0.022618 0.044106 0.012736 hargrave 2021-03-08 14:13:01 
TT 667 228.7 -13.7 242.1 -24.0 1.35E-05 003.7 300.9 049.7 0.083379 0.023206 0.013676 hargrave 2021-03-09 10:53:33 
TT 670 230.3 -26.4 253.0 -32.4 1.15E-05 002.1 317.3 043.6 0.020850 0.036928 0.012461 hargrave 2021-03-09 15:54:20 
TT 672 221.5 -08.0 232.2 -23.9 9.50E-06 001.0 289.0 045.5 0.014864 0.012346 0.003935 hargrave 2021-03-10 15:06:33 
TT 674 243.0 -26.5 262.5 -24.6 5.89E-06 001.8 330.1 051.0 0.007660 0.016281 0.004670 hargrave 2021-03-11 14:42:09 
TT 676 231.9 -11.4 243.1 -20.2 7.16E-06 002.5 300.1 053.6 0.029259 0.010546 0.004473 hargrave 2021-03-14 12:57:49 
TT 678 239.8 005.6 238.5 -02.0 4.65E-06 002.2 272.0 066.4 0.016870 0.005749 0.001876 hargrave 2021-03-14 17:43:56 
TT 680 284.5 -00.6 278.5 020.4 2.88E-06 001.4 070.8 067.7 0.003913 0.004670 0.004682 hargrave 2021-03-16 15:04:20 
TT 682 115.2 062.9 138.4 029.3 1.18E-06 003.2 194.4 -16.0 0.001689 0.002128 0.006242 hargrave 2021-03-19 13:00:19 
TT 684 052.8 006.8 060.8 016.1 1.16E-06 004.1 113.6 -56.4 0.007292 0.003932 0.002240 hargrave 2021-03-22 13:47:53 
TT 686 238.4 -70.5 308.8 -50.8 1.67E-06 003.9 351.7 010.7 0.006096 0.010544 0.001800 hargrave 2021-03-23 13:11:21 
