SC1- 31a sun compass orientation
  68.48 210.3  25.0   0.0   0.0   1.0
NRM    297.9  58.0 297.9  58.0 1.38E-05 003.2 178.5  33.0 0.019727 0.076899 0.005890 hargrave 2021-02-21 14:05:19 
TT 100 270.8  50.6 270.8  50.6 1.11E-05 002.0 159.3  27.9 0.017503 0.038429 0.006097 hargrave 2021-02-22 14:55:13 
TT 200 253.7  22.1 253.7  22.1 1.07E-05 001.4 137.6  04.1 0.010981 0.033547 0.008521 hargrave 2021-02-23 10:17:03 
TT 300 248.7  08.0 248.7  08.0 1.26E-05 002.0 128.4 -07.7 0.036925 0.030409 0.006928 hargrave 2021-02-23 14:18:00 
TT 400 243.3  00.2 243.3  00.2 1.43E-05 001.4 120.6 -13.2 0.029416 0.031635 0.008026 hargrave 2021-02-24 10:57:17 
TT 450 247.7 -00.1 247.7 -00.1 1.49E-05 002.0 124.7 -14.9 0.041267 0.034490 0.008284 hargrave 2021-02-24 15:55:52 
TT 500 247.7 -02.7 247.7 -02.7 1.54E-05 002.1 123.7 -17.4 0.048510 0.031600 0.010335 hargrave 2021-02-25 12:34:15 
TT 525 246.2 -03.6 246.2 -03.6 1.52E-05 001.8 121.9 -17.8 0.046424 0.021520 0.008241 hargrave 2021-02-25 17:48:51 
TT 550 244.0 -08.4 244.0 -08.4 1.53E-05 006.4 118.0 -21.4 0.156008 0.074682 0.009273 hargrave 2021-02-26 10:55:34 
TT 560 244.2 -05.5 244.2 -05.5 1.52E-05 001.1 119.3 -18.7 0.028368 0.020022 0.007147 hargrave 2021-02-26 16:08:47 
TT 570 246.0 -02.9 246.0 -02.9 1.50E-05 002.9 122.1 -17.0 0.065995 0.041298 0.008520 hargrave 2021-02-27 11:29:05 
TT 580 244.2 -01.5 244.2 -01.5 1.48E-05 004.0 120.8 -15.0 0.091140 0.051669 0.009264 hargrave 2021-02-28 12:11:01 
TT 590 243.6  02.9 243.6  02.9 1.41E-05 003.5 121.8 -10.7 0.073839 0.047708 0.007707 hargrave 2021-03-01 10:50:11 
TT 600 243.6  08.9 243.6  08.9 1.24E-05 003.9 124.0 -05.1 0.072038 0.048957 0.006471 hargrave 2021-03-01 15:50:44 
TT 610 252.5 -07.2 252.5 -07.2 9.74E-06 002.1 126.9 -23.3 0.032871 0.016115 0.005059 hargrave 2021-03-02 11:15:12 
TT 620 251.5  07.4 251.5  07.4 9.72E-06 003.0 130.9 -09.2 0.046102 0.030872 0.005791 hargrave 2021-03-02 17:20:12 
TT 630 254.4  09.5 254.4  09.5 1.12E-05 007.2 134.3 -08.1 0.106874 0.095794 0.009323 hargrave 2021-03-03 10:59:34 
TT 640 252.9  08.0 252.9  08.0 1.15E-05 003.1 132.4 -09.1 0.047967 0.042384 0.009346 hargrave 2021-03-03 16:20:27 
TT 650 257.3  06.2 257.3  06.2 1.02E-05 001.5 136.1 -12.1 0.022204 0.018648 0.010604 hargrave 2021-03-04 13:51:55 
TT 660 248.7  16.8 248.7  16.8 9.83E-06 002.6 131.4  00.6 0.033878 0.033199 0.006243 hargrave 2021-03-05 12:05:59 
TT 664 264.6  17.1 264.6  17.1 9.29E-06 002.5 146.1 -03.6 0.025103 0.034606 0.006763 hargrave 2021-03-08 14:08:29 
TT 667 245.1 -02.1 245.1 -02.1 1.00E-05 004.8 121.4 -15.9 0.069824 0.048447 0.007856 hargrave 2021-03-09 10:49:00 
TT 670 253.5 -04.6 253.5 -04.6 7.38E-06 006.0 128.8 -21.2 0.058957 0.050479 0.008021 hargrave 2021-03-09 15:49:31 
TT 672 239.7  01.5 239.7  01.5 8.04E-06 001.2 117.6 -10.6 0.014964 0.012145 0.008248 hargrave 2021-03-10 15:01:44 
TT 674 242.5 -10.9 242.5 -10.9 8.42E-06 001.0 115.4 -23.1 0.011836 0.010778 0.007841 hargrave 2021-03-11 14:37:20 
TT 676 248.6  10.0 248.6  10.0 5.80E-06 004.2 129.1 -05.7 0.032856 0.027837 0.006344 hargrave 2021-03-14 12:53:19 
TT 678 220.7  03.2 220.7  03.2 2.95E-06 005.0 100.8 -01.5 0.024765 0.007994 0.003020 hargrave 2021-03-14 17:39:24 
TT 680 260.2 -02.7 260.2 -02.7 5.60E-06 001.5 136.2 -21.5 0.013182 0.010486 0.005427 hargrave 2021-03-16 14:59:11 
TT 682 248.2  24.8 248.2  24.8 1.55E-06 003.2 133.6  08.3 0.004852 0.007440 0.002284 hargrave 2021-03-19 12:56:44 
TT 684 325.3  62.8 325.3  62.8 4.02E-07 003.7 194.4  39.1 0.003181 0.001648 0.001639 hargrave 2021-03-22 13:44:13 
TT 686 136.7 -46.2 136.7 -46.2 1.54E-06 002.5 012.2 -21.9 0.004039 0.005332 0.002930 hargrave 2021-03-23 13:05:24 
