SC1- 35a mag compass orientation (IGRF corrected)
   87.6 351.5  82.0  70.0  39.0   1.0
NRM    178.8 043.0 173.7 005.4 2.84E-05 003.1 227.6 010.8 0.106112 0.110788 0.032953 hargrave 2021-02-21 14:11:27 
TT 100 178.6 034.1 175.3 -03.3 2.54E-05 002.1 236.6 010.3 0.083220 0.064412 0.042323 hargrave 2021-02-22 15:01:21 
TT 200 179.9 020.6 179.4 -16.3 1.03E-05 064.3 250.4 010.6 0.366222 1.024731 0.203376 hargrave 2021-02-23 10:22:48 
TT 200 179.1 024.1 177.9 -13.0 1.04E-05 051.1 246.8 010.2 0.434211 1.014149 0.199773 hargrave 2021-02-23 10:52:17 
TT 200 180.6 009.7 182.8 -26.7 1.87E-05 027.0 261.5 010.2 0.943717 0.162842 0.019496 hargrave 2021-02-23 11:02:48 
TT 200 177.9 028.9 175.8 -08.6 2.09E-05 001.7 241.9 009.4 0.083796 0.044851 0.011032 hargrave 2021-02-23 11:06:09 
TT 300 183.8 013.3 185.1 -22.5 1.66E-05 003.2 258.2 013.7 0.091989 0.032964 0.009674 hargrave 2021-02-23 14:23:00 
TT 400 186.5 009.5 189.1 -25.2 1.45E-05 004.1 262.3 016.0 0.100205 0.036595 0.029665 hargrave 2021-02-24 11:02:28 
TT 450 189.8 -03.1 197.8 -36.0 1.40E-05 002.9 275.9 017.6 0.054987 0.026892 0.041609 hargrave 2021-02-24 16:00:54 
TT 500 191.8 -11.4 204.6 -42.7 1.35E-05 005.8 284.8 018.0 0.112875 0.054693 0.061724 hargrave 2021-02-25 12:39:20 
TT 525 188.2 -07.1 198.0 -40.3 1.22E-05 003.0 279.7 015.4 0.043904 0.036435 0.042426 hargrave 2021-02-25 17:53:58 
TT 550 191.4 -20.3 210.3 -50.7 1.27E-05 002.7 293.7 015.5 0.015561 0.041839 0.049072 hargrave 2021-02-26 11:01:41 
TT 560 190.2 -09.3 201.5 -41.5 1.28E-05 003.0 282.3 016.9 0.040828 0.036706 0.048559 hargrave 2021-02-26 16:14:54 
TT 570 190.1 -17.4 206.6 -48.7 1.30E-05 003.0 290.5 015.1 0.042574 0.035651 0.048907 hargrave 2021-02-27 11:35:12 
TT 580 193.9 -16.9 210.8 -46.5 1.33E-05 002.2 290.9 018.7 0.032377 0.033516 0.029827 hargrave 2021-02-28 12:17:11 
TT 590 189.7 -20.4 208.3 -51.5 1.35E-05 002.1 293.4 014.0 0.047251 0.022343 0.019551 hargrave 2021-03-01 10:56:22 
TT 600 193.1 -22.1 214.1 -51.3 1.14E-05 002.5 296.0 016.6 0.034196 0.039296 0.018684 hargrave 2021-03-01 15:56:57 
TT 610 196.2 -22.2 217.9 -49.8 5.30E-06 060.6 297.0 019.3 0.242776 0.476320 0.187975 hargrave 2021-03-02 11:20:09 
TT 610 197.1 -18.9 216.2 -46.6 5.16E-06 043.3 293.9 021.1 0.208651 0.470706 0.199475 hargrave 2021-03-02 12:19:02 
TT 610 197.7 -24.4 221.6 -50.8 1.05E-05 010.4 299.6 019.9 0.171535 0.086931 0.015258 hargrave 2021-03-02 12:25:31 
TT 620 199.3 -19.7 219.3 -46.1 1.03E-05 002.6 295.4 022.8 0.033805 0.030422 0.018800 hargrave 2021-03-02 17:25:18 
TT 630 196.9 -14.9 212.9 -43.3 1.13E-05 002.3 289.7 022.0 0.036906 0.027718 0.011262 hargrave 2021-03-03 11:05:42 
TT 640 203.1 -18.3 222.3 -42.9 1.07E-05 002.2 295.2 026.7 0.022547 0.031694 0.020256 hargrave 2021-03-03 16:26:35 
TT 650 188.4 -21.6 207.6 -53.2 9.09E-06 001.6 294.3 012.5 0.020294 0.017437 0.015245 hargrave 2021-03-04 13:58:01 
TT 660 196.0 -30.9 226.7 -56.7 8.83E-06 004.0 305.5 016.3 0.041727 0.045871 0.016712 hargrave 2021-03-05 12:12:08 
TT 664 198.9 -30.5 229.6 -54.7 9.08E-06 003.5 306.1 018.8 0.033892 0.043706 0.019349 hargrave 2021-03-08 14:14:37 
TT 667 208.1 -25.4 233.6 -45.5 9.11E-06 002.1 304.6 028.3 0.017269 0.025150 0.021809 hargrave 2021-03-09 10:55:09 
TT 670 197.1 -18.4 215.8 -46.2 8.32E-06 001.5 293.4 021.2 0.019490 0.019215 0.010417 hargrave 2021-03-09 15:56:03 
TT 672 188.3 -10.5 199.8 -43.3 7.04E-06 002.9 283.1 014.8 0.037178 0.012563 0.005096 hargrave 2021-03-10 15:08:15 
TT 674 181.9 -12.8 192.8 -47.9 6.15E-06 001.4 284.3 008.2 0.013208 0.012890 0.007252 hargrave 2021-03-11 14:43:51 
TT 676 195.3 -13.9 210.4 -43.2 8.06E-06 001.7 288.2 020.8 0.023994 0.012480 0.006183 hargrave 2021-03-14 12:59:24 
TT 678 212.1 -08.6 224.1 -30.0 5.83E-06 001.5 287.6 038.0 0.013229 0.010753 0.003105 hargrave 2021-03-14 17:45:31 
TT 680 245.6 049.8 211.1 034.2 1.65E-06 002.1 194.8 046.1 0.002143 0.005737 0.001794 hargrave 2021-03-16 15:05:56 
TT 682 274.9 -42.4 294.9 -19.2 9.36E-07 003.9 012.6 038.1 0.003897 0.003327 0.004384 hargrave 2021-03-19 13:01:41 
TT 684 173.3 069.2 165.4 030.6 1.04E-06 003.2 201.0 008.1 0.005999 0.003835 0.003581 hargrave 2021-03-22 13:49:20 
TT 686 244.3 063.0 197.2 041.6 7.93E-07 002.3 189.3 033.6 0.002764 0.001702 0.001791 hargrave 2021-03-23 13:12:57 
