SC1- 60a mag compass orientation (IGRF corrected)
  30.47 353.5  23.0  74.0  93.0   1.0
NRM    226.6 004.2 250.8 -27.5 4.49E-05 004.1 319.7 022.3 0.204247 0.249620 0.044324 hargrave 2021-03-23 16:55:29 
TT 100 223.9 002.0 253.5 -30.2 4.60E-05 000.9 317.5 019.4 0.050817 0.042742 0.063410 hargrave 2021-03-24 13:25:38 
TT 200 223.8 -01.9 257.9 -30.0 4.96E-05 001.4 318.5 015.7 0.078787 0.086661 0.068645 hargrave 2021-03-25 15:54:54 
TT 300 224.5 -01.9 257.8 -29.3 5.30E-05 001.7 319.2 015.9 0.110837 0.107314 0.068242 hargrave 2021-03-26 11:40:33 
TT 400 222.8 -02.5 258.7 -31.0 5.64E-05 002.3 317.6 014.8 0.156670 0.142511 0.090888 hargrave 2021-03-26 17:32:51 
TT 450 223.3 -03.0 259.2 -30.4 5.72E-05 001.4 318.3 014.5 0.094379 0.088893 0.068847 hargrave 2021-03-29 13:15:27 
TT 500 228.2 -02.2 257.8 -25.6 5.83E-05 001.7 323.0 016.5 0.114822 0.143740 0.059058 hargrave 2021-03-30 11:54:32 
TT 525 225.3 -01.6 257.5 -28.6 5.88E-05 001.0 319.9 016.3 0.049079 0.080684 0.063829 hargrave 2021-03-31 08:54:40 
TT 550 225.8 -00.0 255.6 -28.1 5.78E-05 003.9 320.0 018.0 0.265727 0.288388 0.083361 hargrave 2021-04-01 10:30:47 
TT 560 224.2 -01.5 257.4 -29.6 5.67E-05 000.8 318.8 016.2 0.042918 0.069108 0.053733 hargrave 2021-04-01 17:35:50 
TT 570 227.6 -02.1 257.8 -26.3 5.60E-05 001.8 322.3 016.4 0.095601 0.143539 0.072859 hargrave 2021-04-02 11:53:20 
TT 580 226.1 -01.3 257.1 -27.8 5.69E-05 002.2 320.6 016.8 0.125181 0.177835 0.057508 hargrave 2021-04-02 16:57:32 
TT 590 224.8 -00.8 256.6 -29.1 5.63E-05 001.5 319.2 017.0 0.074748 0.120033 0.090047 hargrave 2021-04-05 12:53:57 
TT 600 222.9 002.1 253.3 -31.2 5.47E-05 001.7 316.4 019.3 0.113791 0.107983 0.080327 hargrave 2021-04-06 10:52:14 
TT 610 230.3 001.5 253.7 -23.8 5.10E-05 004.3 324.2 020.5 0.220388 0.305131 0.082917 hargrave 2021-04-07 12:09:53 
TT 620 223.1 -01.4 257.4 -30.8 4.14E-05 001.6 317.6 016.0 0.065891 0.085461 0.045113 hargrave 2021-04-08 19:53:27 
TT 630 242.9 -05.8 260.5 -10.7 3.96E-05 008.2 338.7 015.7 0.169429 0.545583 0.087844 hargrave 2021-04-16 16:46:40 
TT 630 230.4 -04.1 259.8 -23.2 4.01E-05 002.6 325.7 015.1 0.079209 0.167831 0.055922 hargrave 2021-04-18 12:02:17 
TT 640 231.6 -01.5 256.9 -22.3 1.87E-05 058.9 326.3 017.9 1.582934 1.055178 0.615046 hargrave 2021-04-18 19:33:18 
TT 640 228.0 -00.0 255.5 -26.0 3.75E-05 002.7 322.2 018.5 0.100988 0.141869 0.046364 hargrave 2021-04-19 10:08:52 
TT 645 228.6 -01.4 257.0 -25.3 3.62E-05 001.4 323.2 017.3 0.094758 0.093964 0.052602 hargrave 2021-04-19 21:40:40 
TT 650 228.3 -00.5 256.0 -25.6 3.84E-05 001.3 322.7 018.1 0.042865 0.048999 0.061048 hargrave 2021-04-21 08:35:02 
TT 655 230.4 -06.5 262.3 -23.0 3.76E-05 001.5 326.2 012.8 0.032086 0.068122 0.071349 hargrave 2021-06-11 14:04:56 
TT 660 236.8 -08.7 264.0 -16.5 3.67E-05 002.5 333.0 011.9 0.085564 0.124300 0.063992 hargrave 2021-06-12 10:10:19 
TT 663 229.2 -09.6 265.9 -23.9 3.27E-05 002.7 325.7 009.5 0.111342 0.105528 0.054834 hargrave 2021-06-12 17:37:57 
TT 667 237.2 -15.4 270.8 -15.3 2.96E-05 003.4 334.6 005.4 0.152107 0.130985 0.051890 hargrave 2021-06-22 14:14:34 
TT 670 230.8 -20.0 276.6 -20.6 2.29E-05 003.9 329.5 -00.3 0.156862 0.116846 0.035176 hargrave 2021-06-23 11:30:22 
TT 672 236.6 -17.7 273.3 -15.6 2.97E-05 004.8 334.4 003.0 0.179219 0.189211 0.072545 hargrave 2021-06-23 16:08:51 
TT 675 228.1 -09.0 265.4 -25.0 2.58E-05 002.2 324.5 009.8 0.103624 0.060081 0.044681 hargrave 2021-06-24 12:54:14 
TT 677 235.7 -08.5 263.9 -17.6 1.97E-05 003.4 331.9 011.9 0.062126 0.106056 0.032683 hargrave 2021-06-24 17:38:56 
TT 679 243.0 -11.5 266.2 -10.2 2.08E-05 005.1 339.6 010.1 0.066246 0.174437 0.034779 hargrave 2021-06-25 13:09:50 
TT 680 226.6 -01.6 257.3 -27.3 1.31E-05 001.6 321.2 016.7 0.017437 0.029115 0.019557 hargrave 2021-06-25 17:41:21 
TT 682 243.9 -08.5 263.1 -09.5 8.40E-06 002.2 340.1 013.2 0.017919 0.027946 0.011795 hargrave 2021-06-26 12:48:17 
TT 684 230.9 -00.7 256.1 -23.0 1.24E-05 003.5 325.4 018.5 0.050362 0.052349 0.023383 hargrave 2021-06-26 17:21:28 
TT 686 194.1 -04.2 267.3 -59.1 8.34E-06 003.0 290.6 004.0 0.044137 0.010318 0.007715 hargrave 2021-06-27 13:48:00 
