SC1- 73a mag compass orientation (IGRF corrected)
 92.765 350.5   5.0  45.0   4.0   1.0
NRM    250.0 -48.7 253.9 -46.9 3.62E-05 001.8 350.4 -43.8 0.062305 0.091060 0.050544 hargrave 2021-03-23 17:18:50 
TT 100 248.6 -48.5 252.5 -46.8 3.83E-05 002.6 349.1 -43.6 0.112338 0.121283 0.058064 hargrave 2021-03-24 13:49:22 
TT 200 248.8 -49.3 252.8 -47.6 4.35E-05 001.7 349.3 -44.4 0.085345 0.078635 0.062161 hargrave 2021-03-25 16:17:28 
TT 300 250.8 -48.7 254.7 -46.9 4.55E-05 001.9 351.1 -43.8 0.085023 0.113472 0.065751 hargrave 2021-03-26 12:03:57 
TT 400 252.2 -48.3 256.0 -46.3 4.60E-05 001.5 352.4 -43.3 0.106915 0.046649 0.051671 hargrave 2021-03-26 17:56:12 
TT 450 252.3 -48.4 256.1 -46.4 4.56E-05 004.0 352.5 -43.4 0.061781 0.308407 0.066512 hargrave 2021-03-29 13:40:14 
TT 500 250.6 -47.6 254.3 -45.8 4.45E-05 002.4 350.9 -42.7 0.070225 0.156973 0.069371 hargrave 2021-03-30 12:16:09 
TT 525 255.9 -48.3 259.5 -46.1 4.40E-05 002.1 355.8 -43.3 0.095471 0.102713 0.089000 hargrave 2021-03-31 09:17:59 
TT 550 252.2 -47.8 255.9 -45.8 4.35E-05 002.8 352.4 -42.8 0.095631 0.160756 0.100225 hargrave 2021-04-01 10:52:26 
TT 560 256.6 -48.7 260.2 -46.5 4.25E-05 002.0 356.4 -43.7 0.092323 0.080315 0.083345 hargrave 2021-04-01 17:59:17 
TT 570 251.4 -48.2 255.2 -46.3 4.19E-05 001.8 351.7 -43.3 0.100239 0.043348 0.082122 hargrave 2021-04-02 12:14:22 
TT 580 255.4 -47.4 258.9 -45.3 4.11E-05 001.9 355.3 -42.4 0.069962 0.106623 0.059759 hargrave 2021-04-02 17:19:24 
TT 590 254.6 -47.6 258.2 -45.5 4.06E-05 002.0 354.6 -42.6 0.091163 0.067793 0.086861 hargrave 2021-04-05 13:16:30 
TT 600 251.0 -47.5 254.7 -45.7 4.03E-05 001.9 351.3 -42.6 0.082089 0.083751 0.068101 hargrave 2021-04-06 11:13:15 
TT 610 256.1 -48.5 259.8 -46.3 3.90E-05 003.7 356.0 -43.5 0.089278 0.229045 0.057260 hargrave 2021-04-07 12:32:24 
TT 620 255.4 -46.7 258.8 -44.6 3.93E-05 001.7 355.3 -41.7 0.061867 0.052359 0.093132 hargrave 2021-04-08 20:16:02 
TT 630 253.4 -46.2 256.9 -44.2 3.81E-05 002.9 353.5 -41.2 0.060885 0.167958 0.100289 hargrave 2021-04-16 17:03:43 
TT 640 256.4 -47.3 259.9 -45.1 3.69E-05 001.8 356.2 -42.3 0.060255 0.052486 0.092899 hargrave 2021-04-18 19:54:37 
TT 645 258.2 -45.8 261.5 -43.5 3.65E-05 003.7 357.9 -40.8 0.092384 0.209998 0.108111 hargrave 2021-04-19 22:06:10 
TT 650 254.4 -46.0 257.8 -43.9 3.57E-05 002.4 354.4 -41.0 0.043040 0.114065 0.091468 hargrave 2021-04-21 08:57:35 
TT 655 255.0 -44.3 258.2 -42.2 3.27E-05 001.6 354.9 -39.3 0.065984 0.045274 0.054491 hargrave 2021-06-11 14:28:26 
TT 660 252.8 -45.6 256.2 -43.6 2.91E-05 001.7 352.9 -40.6 0.059502 0.051467 0.046674 hargrave 2021-06-12 10:32:46 
TT 663 256.4 -44.8 259.6 -42.6 2.88E-05 001.6 356.2 -39.8 0.054436 0.043245 0.046657 hargrave 2021-06-12 17:59:35 
TT 667 255.4 -45.5 258.7 -43.4 2.56E-05 002.8 355.3 -40.5 0.113193 0.079735 0.044955 hargrave 2021-06-22 14:31:21 
TT 670 248.9 -45.3 252.4 -43.6 1.53E-05 003.8 349.3 -40.4 0.044625 0.087168 0.030423 hargrave 2021-06-23 11:49:32 
TT 672 247.6 -45.5 251.2 -43.8 1.51E-05 003.0 348.1 -40.6 0.027834 0.074598 0.021284 hargrave 2021-06-23 16:27:55 
TT 675 245.0 -48.5 249.1 -47.0 1.35E-05 001.4 345.8 -43.7 0.021115 0.014535 0.022405 hargrave 2021-06-24 13:12:34 
TT 677 242.9 -47.0 246.8 -45.6 1.03E-05 001.6 343.8 -42.2 0.023731 0.015194 0.016066 hargrave 2021-06-24 17:56:44 
TT 679 244.7 -47.1 248.6 -45.6 1.04E-05 004.0 345.5 -42.3 0.027369 0.065733 0.018647 hargrave 2021-06-25 13:26:51 
TT 680 188.1 -63.3 195.1 -65.5 1.34E-06 001.8 296.5 -61.4 0.002902 0.003535 0.001000 hargrave 2021-06-25 17:58:13 
TT 682 298.4 -18.6 298.7 -14.7 1.12E-06 001.9 037.0 -14.6 0.002787 0.001893 0.002769 hargrave 2021-06-26 13:04:39 
TT 684 220.7 -48.1 225.2 -48.3 2.19E-06 001.2 323.4 -44.2 0.003308 0.003305 0.002307 hargrave 2021-06-26 17:37:53 
TT 686 124.8 -41.4 124.1 -45.4 6.73E-07 005.2 227.7 -44.9 0.001560 0.004851 0.003806 hargrave 2021-06-27 14:05:01 
