SC1- 7a mag compass orientation (IGRF corrected)
  25.96 289.6  13.0   0.0   0.0   1.0
NRM    187.1  02.5 187.1  02.5 4.17E-05 002.1 347.0  15.2 0.037335 0.142667 0.051921 hargrave 2021-02-21 13:22:27 
TT 100 191.2 -00.6 191.2 -00.6 4.24E-05 003.0 351.4  12.3 0.099429 0.223041 0.031104 hargrave 2021-02-22 14:13:33 
TT 200 196.1 -05.4 196.1 -05.4 4.26E-05 002.5 356.5  07.5 0.042026 0.184790 0.031811 hargrave 2021-02-23 09:00:54 
TT 300 198.4 -09.0 198.4 -09.0 4.45E-05 001.2 358.8  04.0 0.086647 0.084717 0.033854 hargrave 2021-02-23 13:41:38 
TT 400 199.5 -08.8 199.5 -08.8 4.47E-05 001.5 360.0  04.2 0.086125 0.106207 0.042234 hargrave 2021-02-24 10:23:17 
TT 450 202.0 -11.4 202.0 -11.4 4.42E-05 003.9 002.3  01.6 0.092027 0.298342 0.058148 hargrave 2021-02-24 15:21:20 
TT 500 202.2 -10.7 202.2 -10.7 4.38E-05 002.8 002.5  02.3 0.124469 0.209629 0.039826 hargrave 2021-02-25 11:59:40 
TT 525 204.7 -09.3 204.7 -09.3 4.24E-05 003.3 005.0  03.7 0.137234 0.238641 0.036302 hargrave 2021-02-25 17:11:38 
TT 550 204.5 -08.0 204.5 -08.0 4.11E-05 001.6 004.8  05.0 0.036500 0.105997 0.051313 hargrave 2021-02-26 10:15:54 
TT 560 203.8 -07.2 203.8 -07.2 4.00E-05 001.2 004.1  05.8 0.052892 0.073467 0.032850 hargrave 2021-02-26 15:28:16 
TT 570 199.6 -07.8 199.6 -07.8 4.02E-05 001.2 360.0  05.2 0.049995 0.078536 0.034120 hargrave 2021-02-27 10:48:37 
TT 580 201.8 -08.8 201.8 -08.8 3.85E-05 001.8 002.2  04.2 0.053724 0.109603 0.045525 hargrave 2021-02-28 11:31:06 
TT 590 198.7 -07.8 198.7 -07.8 3.70E-05 001.5 359.1  05.2 0.048452 0.089725 0.038847 hargrave 2021-03-01 10:10:22 
TT 600 198.5 -04.5 198.5 -04.5 3.57E-05 002.2 358.9  08.5 0.051677 0.132765 0.029650 hargrave 2021-03-01 15:10:32 
TT 610 189.3 -10.4 189.3 -10.4 3.68E-05 002.2 349.9  02.4 0.033608 0.143718 0.029259 hargrave 2021-03-02 10:43:09 
TT 620 192.3 -11.7 192.3 -11.7 3.30E-05 003.9 352.9  01.2 0.033935 0.228557 0.024171 hargrave 2021-03-02 16:46:27 
TT 630 190.0 -12.6 190.0 -12.6 3.16E-05 001.5 350.6  00.2 0.027105 0.079389 0.022561 hargrave 2021-03-03 10:19:59 
TT 640 195.9 -11.4 195.9 -11.4 2.84E-05 001.4 356.3  01.5 0.032151 0.063986 0.022813 hargrave 2021-03-03 15:40:40 
TT 650 190.6 -07.0 190.6 -07.0 2.86E-05 001.9 351.0  05.8 0.033756 0.089855 0.022978 hargrave 2021-03-04 13:10:02 
TT 660 187.3  03.7 187.3  03.7 2.36E-05 001.7 347.2  16.4 0.044437 0.064463 0.019747 hargrave 2021-03-05 11:21:21 
TT 664 187.3  01.1 187.3  01.1 2.18E-05 001.1 347.4  13.8 0.052766 0.037164 0.018859 hargrave 2021-03-08 13:24:13 
TT 667 187.2 -02.5 187.2 -02.5 2.34E-05 001.3 347.4  10.2 0.043051 0.049203 0.019725 hargrave 2021-03-09 10:09:20 
TT 670 189.2  02.7 189.2  02.7 1.90E-05 002.1 349.2  15.5 0.036400 0.065656 0.023500 hargrave 2021-03-09 15:08:06 
TT 672 178.1 -00.0 178.1 -00.0 1.85E-05 003.8 338.0  12.1 0.059261 0.112250 0.017582 hargrave 2021-03-10 14:18:42 
TT 674 179.6  06.5 179.6  06.5 1.40E-05 001.2 339.0  18.7 0.025794 0.025903 0.011402 hargrave 2021-03-11 13:55:49 
TT 676 190.2  04.8 190.2  04.8 1.16E-05 004.5 350.2  17.6 0.031164 0.088853 0.009039 hargrave 2021-03-14 12:12:13 
TT 678 198.9  04.8 198.9  04.8 1.08E-05 003.2 359.2  17.8 0.024175 0.059148 0.008869 hargrave 2021-03-14 16:58:58 
TT 680 165.2  21.6 165.2  21.6 5.43E-06 003.5 321.7  32.1 0.020524 0.026518 0.004872 hargrave 2021-03-16 14:24:16 
TT 682 198.8 -19.9 198.8 -19.9 5.35E-06 001.4 359.2 -06.9 0.008997 0.011257 0.006746 hargrave 2021-03-19 12:27:19 
TT 684 133.9 -15.2 133.9 -15.2 1.87E-06 002.4 296.9 -09.5 0.005822 0.006880 0.002514 hargrave 2021-03-22 13:15:00 
TT 686 250.3 -05.5 250.3 -05.5 5.72E-06 002.7 050.5  02.7 0.022159 0.017911 0.005064 hargrave 2021-03-23 12:29:35 
