SC1- 8a mag compass orientation (IGRF corrected)
  25.98 343.6  13.0   0.0   0.0   1.0
NRM    265.0  03.4 265.0  03.4 3.31E-05 001.4 011.8  16.1 0.069140 0.062862 0.039869 hargrave 2021-02-21 13:23:54 
TT 100 264.4 -04.8 264.4 -04.8 3.34E-05 001.5 010.8  08.0 0.082557 0.064110 0.049089 hargrave 2021-02-22 14:15:00 
TT 200 254.4 -09.4 254.4 -09.4 3.47E-05 003.7 000.8  03.6 0.066557 0.217546 0.050511 hargrave 2021-02-23 09:02:22 
TT 300 259.2 -09.0 259.2 -09.0 3.45E-05 004.0 005.6  04.0 0.061582 0.230022 0.047569 hargrave 2021-02-23 13:42:47 
TT 400 262.7 -10.2 262.7 -10.2 3.35E-05 003.8 009.0  02.6 0.063465 0.209609 0.050624 hargrave 2021-02-24 10:24:27 
TT 450 257.9 -09.9 257.9 -09.9 3.38E-05 004.0 004.3  03.1 0.070599 0.226571 0.049575 hargrave 2021-02-24 15:22:33 
TT 500 259.5 -10.2 259.5 -10.2 3.37E-05 004.1 005.8  02.7 0.057820 0.228606 0.052217 hargrave 2021-02-25 12:00:50 
TT 525 256.4 -12.4 256.4 -12.4 3.34E-05 002.0 002.7  00.6 0.068168 0.103957 0.055387 hargrave 2021-02-25 17:12:51 
TT 550 260.0 -08.2 260.0 -08.2 3.30E-05 001.9 006.4  04.7 0.066526 0.095591 0.047373 hargrave 2021-02-26 10:17:21 
TT 560 259.9 -10.6 259.9 -10.6 3.24E-05 002.0 006.2  02.3 0.061254 0.104916 0.050560 hargrave 2021-02-26 15:29:42 
TT 570 260.3 -09.8 260.3 -09.8 3.36E-05 002.5 006.6  03.1 0.075728 0.133647 0.055609 hargrave 2021-02-27 10:50:05 
TT 580 261.9 -06.4 261.9 -06.4 3.03E-05 001.7 008.3  06.4 0.066736 0.070754 0.047237 hargrave 2021-02-28 11:32:32 
TT 590 263.1 -06.6 263.1 -06.6 3.10E-05 001.8 009.5  06.2 0.069345 0.073133 0.052781 hargrave 2021-03-01 10:11:48 
TT 600 258.4 -06.3 258.4 -06.3 2.49E-05 003.1 004.8  06.7 0.039528 0.131831 0.039151 hargrave 2021-03-01 15:12:01 
TT 610 244.6 -14.3 244.6 -14.3 1.99E-05 001.7 351.3 -01.5 0.094920 0.058490 0.025928 hargrave 2021-03-02 10:44:18 
TT 620 255.5 -16.4 255.5 -16.4 2.05E-05 001.9 001.9 -03.4 0.070015 0.060712 0.032021 hargrave 2021-03-02 16:47:38 
TT 630 255.7 -15.2 255.7 -15.2 1.81E-05 003.0 002.0 -02.3 0.031250 0.093160 0.016931 hargrave 2021-03-03 10:21:25 
TT 640 267.5 -12.9 267.5 -12.9 2.18E-05 001.6 013.5 -00.2 0.041158 0.053181 0.034581 hargrave 2021-03-03 15:42:07 
TT 650 257.6 -17.0 257.6 -17.0 2.14E-05 002.2 003.8 -04.0 0.071428 0.073821 0.034789 hargrave 2021-03-04 13:11:28 
TT 660 266.3 -22.6 266.3 -22.6 1.84E-05 001.9 011.9 -09.9 0.056182 0.052596 0.028472 hargrave 2021-03-05 11:22:49 
TT 664 265.6 -19.2 265.6 -19.2 1.74E-05 001.3 011.4 -06.5 0.053465 0.024151 0.032468 hargrave 2021-03-08 13:25:39 
TT 667 273.1 -20.5 273.1 -20.5 1.45E-05 002.8 018.4 -08.2 0.049358 0.062694 0.030226 hargrave 2021-03-09 10:10:46 
TT 670 272.2 -12.5 272.2 -12.5 1.91E-05 005.9 018.1 -00.2 0.067764 0.187962 0.012881 hargrave 2021-03-09 15:09:34 
TT 672 277.7 -29.1 277.7 -29.1 1.06E-05 001.2 021.9 -17.1 0.019884 0.020876 0.006965 hargrave 2021-03-10 14:20:10 
TT 674 321.5 -25.8 321.5 -25.8 8.07E-06 001.3 062.8 -20.3 0.017617 0.013913 0.008499 hargrave 2021-03-11 13:57:17 
TT 676 276.9 -11.8 276.9 -11.8 8.12E-06 002.3 022.8  00.2 0.016693 0.031542 0.007096 hargrave 2021-03-14 12:13:39 
TT 678 329.1  34.0 329.1  34.0 4.46E-06 001.6 084.5  36.2 0.010798 0.007084 0.004577 hargrave 2021-03-14 17:00:25 
TT 680 275.0 -16.6 275.0 -16.6 4.88E-06 001.5 020.5 -04.4 0.012121 0.010564 0.004732 hargrave 2021-03-16 14:25:47 
TT 682 331.3  00.0 331.3  00.0 6.37E-06 001.4 078.0  02.7 0.014741 0.008862 0.007576 hargrave 2021-03-19 12:28:34 
TT 684 067.6  15.4 067.6  15.4 2.87E-06 004.3 174.2  02.5 0.006195 0.021012 0.002897 hargrave 2021-03-22 13:16:19 
TT 686 011.0 -40.3 011.0 -40.3 5.02E-06 006.5 106.2 -45.2 0.051001 0.027976 0.003832 hargrave 2021-03-23 12:31:07 
