SC1- 63a mag compass orientation (IGRF corrected)
 92.425 149.5   4.0 355.0   4.0   1.0
NRM    255.9 -49.7 256.6 -45.7 2.02E-05 002.4 197.9 -53.5 0.044418 0.069234 0.030575 hargrave 2021-03-23 17:00:32 
TT 100 254.4 -47.5 255.2 -43.6 2.22E-05 002.1 196.2 -51.4 0.049758 0.046483 0.049862 hargrave 2021-03-24 13:30:03 
TT 200 253.0 -47.1 253.8 -43.2 2.62E-05 002.6 194.6 -51.0 0.091687 0.049669 0.064196 hargrave 2021-03-25 15:59:16 
TT 300 252.1 -45.7 252.9 -41.8 2.87E-05 003.0 193.6 -49.6 0.100875 0.080305 0.082414 hargrave 2021-03-26 11:44:54 
TT 400 246.9 -43.4 247.9 -39.6 3.09E-05 002.1 187.9 -47.4 0.077004 0.048977 0.067268 hargrave 2021-03-26 17:37:11 
TT 450 248.0 -42.4 249.0 -38.6 3.19E-05 002.8 189.1 -46.4 0.110039 0.045031 0.103895 hargrave 2021-03-29 13:19:53 
TT 500 249.9 -41.2 250.7 -37.3 3.24E-05 003.1 191.1 -45.1 0.082614 0.128081 0.094616 hargrave 2021-03-30 11:58:43 
TT 525 246.2 -39.6 247.1 -35.8 3.26E-05 002.7 187.1 -43.6 0.098077 0.092187 0.077120 hargrave 2021-03-31 08:58:59 
TT 550 243.1 -40.5 244.2 -36.8 3.20E-05 002.1 183.8 -44.5 0.088920 0.042186 0.066610 hargrave 2021-04-01 10:34:58 
TT 560 246.4 -40.1 247.3 -36.3 3.15E-05 002.1 187.3 -44.1 0.079525 0.057810 0.067302 hargrave 2021-04-01 17:40:11 
TT 570 244.8 -40.4 245.8 -36.7 3.10E-05 003.4 185.6 -44.4 0.094367 0.144296 0.072633 hargrave 2021-04-02 11:57:41 
TT 580 245.4 -40.2 246.4 -36.4 3.06E-05 002.3 186.3 -44.2 0.074946 0.034232 0.091038 hargrave 2021-04-02 17:01:55 
TT 590 244.8 -39.2 245.8 -35.5 2.99E-05 003.0 185.6 -43.2 0.076038 0.107800 0.084484 hargrave 2021-04-05 12:58:10 
TT 600 247.1 -38.9 248.0 -35.1 2.96E-05 003.4 188.1 -42.9 0.074485 0.130325 0.092190 hargrave 2021-04-06 10:56:30 
TT 610 242.8 -37.2 243.9 -33.5 2.70E-05 002.3 183.5 -41.2 0.056675 0.050141 0.086126 hargrave 2021-04-07 12:14:13 
TT 620 247.1 -37.7 247.9 -33.9 2.69E-05 004.2 188.0 -41.7 0.058909 0.178274 0.068511 hargrave 2021-04-08 19:57:48 
TT 630 244.0 -37.6 245.0 -33.9 2.65E-05 002.0 184.8 -41.6 0.066821 0.055410 0.054722 hargrave 2021-04-16 16:50:28 
TT 640 249.2 -37.1 250.0 -33.2 2.63E-05 003.3 190.3 -41.0 0.040851 0.145895 0.044366 hargrave 2021-04-18 19:37:46 
TT 645 238.4 -38.0 239.7 -34.4 2.56E-05 003.5 178.8 -42.0 0.063382 0.136260 0.057523 hargrave 2021-04-19 21:44:38 
TT 650 246.2 -37.1 247.1 -33.3 2.48E-05 002.1 187.1 -41.1 0.047599 0.069638 0.046019 hargrave 2021-04-21 08:39:14 
TT 655 244.7 -37.2 245.7 -33.5 2.40E-05 002.8 185.5 -41.2 0.058816 0.072444 0.080910 hargrave 2021-06-11 14:09:11 
TT 660 246.5 -38.1 247.4 -34.3 2.23E-05 004.8 187.4 -42.1 0.040747 0.173306 0.069975 hargrave 2021-06-12 10:14:31 
TT 663 241.6 -37.5 242.7 -33.8 2.21E-05 005.5 182.2 -41.5 0.053655 0.194750 0.073945 hargrave 2021-06-12 17:42:08 
TT 667 244.2 -33.2 245.0 -29.5 1.05E-05 062.2 184.9 -37.2 0.893733 0.079353 0.683347 hargrave 2021-06-22 14:17:51 
TT 667 240.2 -35.5 241.3 -31.9 2.12E-05 002.1 180.7 -39.5 0.042540 0.028450 0.056842 hargrave 2021-06-22 15:07:37 
TT 670 240.3 -33.8 241.3 -30.2 1.74E-05 003.2 180.8 -37.8 0.044316 0.044183 0.077721 hargrave 2021-06-23 11:34:24 
TT 672 246.1 -32.4 246.8 -28.6 1.68E-05 002.4 186.9 -36.4 0.041000 0.023677 0.054244 hargrave 2021-06-23 16:12:54 
TT 675 247.1 -31.7 247.8 -27.9 1.30E-05 003.5 188.0 -35.7 0.031489 0.032850 0.069706 hargrave 2021-06-24 12:58:19 
TT 677 246.0 -28.2 246.7 -24.4 1.04E-05 005.4 186.8 -32.2 0.029161 0.084818 0.045817 hargrave 2021-06-24 17:42:20 
TT 679 259.4 -32.7 259.7 -28.7 8.84E-06 004.4 200.9 -36.4 0.009829 0.063139 0.026103 hargrave 2021-06-25 13:13:09 
TT 680 236.4 -32.7 237.5 -29.2 6.04E-06 002.8 176.7 -36.7 0.013388 0.012181 0.023942 hargrave 2021-06-25 17:44:40 
TT 682 237.9 -27.8 238.7 -24.2 6.65E-06 002.8 178.3 -31.8 0.015662 0.016855 0.024129 hargrave 2021-06-26 12:51:39 
TT 684 252.4 -34.3 253.0 -30.4 5.12E-06 004.3 193.6 -38.2 0.013804 0.011238 0.036003 hargrave 2021-06-26 17:24:46 
TT 686 282.4 -25.5 281.9 -21.7 3.47E-06 002.7 224.3 -28.4 0.007574 0.012506 0.010074 hargrave 2021-06-27 13:51:21 
