SC1- 13a mag compass orientation (IGRF corrected)
  66.25 151.5  36.0  64.0  81.0   1.0
NRM    146.1 062.7 150.2 -18.0 1.07E-05 002.7 136.9 048.1 0.046753 0.031562 0.005081 hargrave 2021-02-21 13:33:35 
TT 100 173.4 049.2 168.4 -29.3 8.33E-06 003.7 136.7 028.0 0.048013 0.040917 0.014503 hargrave 2021-02-22 14:24:44 
TT 200 200.1 031.7 199.0 -30.0 6.78E-06 004.2 145.7 002.9 0.046975 0.043384 0.014985 hargrave 2021-02-23 09:52:16 
TT 300 220.0 011.7 227.6 -21.2 7.72E-06 003.0 157.3 -21.8 0.024856 0.028307 0.022100 hargrave 2021-02-23 13:50:46 
TT 400 225.8 004.0 236.9 -17.2 9.12E-06 002.2 161.8 -30.5 0.017292 0.022063 0.025447 hargrave 2021-02-24 10:31:52 
TT 450 228.0 004.3 237.0 -15.1 9.45E-06 001.9 164.3 -30.6 0.023461 0.013939 0.025928 hargrave 2021-02-24 15:29:54 
TT 500 230.1 -04.2 246.0 -14.4 1.00E-05 002.9 165.2 -39.3 0.029345 0.037933 0.024548 hargrave 2021-02-25 12:08:11 
TT 525 232.7 -03.0 245.2 -11.7 9.30E-06 002.7 168.7 -38.5 0.024832 0.027277 0.025767 hargrave 2021-02-25 17:21:02 
TT 550 231.5 -01.3 243.4 -12.6 1.04E-05 003.8 167.5 -36.7 0.036600 0.056781 0.024277 hargrave 2021-02-26 10:26:13 
TT 560 226.6 -10.4 252.0 -18.6 1.00E-05 003.6 159.1 -44.8 0.043212 0.042927 0.020648 hargrave 2021-02-26 15:38:35 
TT 570 235.2 -00.2 242.8 -08.7 9.05E-06 004.2 172.2 -35.9 0.031696 0.054511 0.025495 hargrave 2021-02-27 10:58:57 
TT 580 230.6 -11.8 253.9 -14.8 9.63E-06 002.2 164.3 -46.9 0.027887 0.017181 0.021177 hargrave 2021-02-28 11:41:26 
TT 590 238.9 -07.7 250.9 -06.2 8.22E-06 002.0 176.4 -43.7 0.021046 0.013571 0.019468 hargrave 2021-03-01 10:20:39 
TT 600 245.8 -05.1 249.3 001.0 9.33E-06 002.4 185.7 -41.0 0.025779 0.024490 0.021549 hargrave 2021-03-01 15:20:59 
TT 610 244.9 -08.4 252.4 -00.4 8.83E-06 002.3 184.7 -44.3 0.023455 0.015189 0.022482 hargrave 2021-03-02 10:51:32 
TT 620 242.0 -07.0 250.6 -03.0 7.01E-06 001.9 180.7 -43.0 0.015222 0.008028 0.018783 hargrave 2021-03-02 16:55:04 
TT 630 235.3 -09.7 252.3 -10.0 7.79E-06 004.0 171.3 -45.4 0.025589 0.046266 0.015179 hargrave 2021-03-03 10:30:16 
TT 640 230.5 -06.2 248.2 -14.2 6.85E-06 003.6 165.4 -41.4 0.025942 0.033425 0.015588 hargrave 2021-03-03 15:51:01 
TT 650 227.4 -07.0 248.5 -17.4 6.57E-06 004.7 161.2 -41.6 0.027089 0.046353 0.010848 hargrave 2021-03-04 13:21:06 
TT 660 211.3 -13.6 254.3 -33.8 6.98E-06 002.7 137.9 -43.1 0.025913 0.016464 0.016140 hargrave 2021-03-05 11:33:21 
TT 664 219.3 -21.6 263.7 -26.2 5.57E-06 001.9 143.8 -53.5 0.012718 0.007792 0.012556 hargrave 2021-03-08 13:35:18 
TT 667 208.0 005.0 231.6 -34.4 4.76E-06 002.7 142.7 -24.7 0.015658 0.015590 0.011188 hargrave 2021-03-09 10:19:39 
TT 670 211.5 004.4 233.3 -31.1 3.64E-06 002.3 146.2 -26.5 0.008912 0.011336 0.006342 hargrave 2021-03-09 15:18:34 
TT 672 210.2 -14.6 255.6 -34.8 3.81E-06 003.0 136.0 -43.6 0.013571 0.013925 0.005838 hargrave 2021-03-10 14:30:49 
TT 674 169.0 036.7 170.3 -42.1 1.60E-06 001.9 125.6 020.0 0.004474 0.003585 0.002423 hargrave 2021-03-11 14:06:21 
TT 676 193.4 -06.1 242.5 -50.9 4.20E-06 002.2 122.7 -28.4 0.016666 0.006713 0.003022 hargrave 2021-03-14 12:23:18 
TT 678 238.2 -03.4 246.4 -06.2 1.84E-06 003.8 175.8 -39.3 0.008231 0.007291 0.006414 hargrave 2021-03-14 17:09:19 
TT 680 236.2 -19.3 262.2 -10.3 3.06E-06 001.1 171.2 -55.1 0.003757 0.004306 0.003228 hargrave 2021-03-16 14:33:50 
TT 682 289.8 -44.9 301.5 023.0 2.74E-06 001.6 273.6 -58.0 0.006989 0.003385 0.001127 hargrave 2021-03-19 12:35:06 
TT 684 026.9 013.6 074.2 038.0 1.04E-06 003.8 312.7 041.3 0.005720 0.005828 0.002054 hargrave 2021-03-22 13:23:08 
TT 686 141.4 021.4 131.9 -57.2 1.80E-06 001.7 095.1 023.0 0.004998 0.002832 0.002888 hargrave 2021-03-23 12:39:59 
