SC1- 49a mag compass orientation (IGRF corrected)
   92.4 268.6  24.0   0.0   0.0   1.0
NRM    273.5 -30.9 273.5 -30.9 2.79E-05 002.0 080.6 -29.9 0.086258 0.053785 0.015619 hargrave 2021-02-21 14:35:55 
TT 100 271.7 -35.2 271.7 -35.2 2.90E-05 002.7 076.6 -32.9 0.127538 0.055220 0.016626 hargrave 2021-02-28 13:53:41 
TT 200 270.0 -38.4 270.0 -38.4 3.07E-05 001.1 073.3 -35.1 0.048974 0.041942 0.019227 hargrave 2021-03-01 12:57:48 
TT 300 268.4 -39.6 268.4 -39.6 3.17E-05 002.4 071.2 -35.6 0.120993 0.062240 0.020327 hargrave 2021-03-01 17:57:01 
TT 400 264.2 -42.7 264.2 -42.7 3.28E-05 002.8 065.9 -36.6 0.137042 0.113510 0.018006 hargrave 2021-03-02 14:38:10 
TT 450 270.1 -41.1 270.1 -41.1 3.25E-05 001.0 071.6 -37.5 0.044972 0.041678 0.017669 hargrave 2021-03-03 12:42:22 
TT 500 269.9 -41.7 269.9 -41.7 3.14E-05 003.0 071.2 -37.9 0.150232 0.081956 0.015442 hargrave 2021-03-04 10:31:09 
TT 525 270.3 -41.7 270.3 -41.7 3.03E-05 002.0 071.4 -38.1 0.095508 0.054511 0.016679 hargrave 2021-03-04 16:11:16 
TT 550 266.3 -41.5 266.3 -41.5 3.05E-05 001.1 068.3 -36.3 0.055757 0.053323 0.020685 hargrave 2021-03-08 10:23:43 
TT 560 267.1 -40.8 267.1 -40.8 3.07E-05 001.7 069.4 -36.1 0.082777 0.059937 0.019945 hargrave 2021-03-08 16:00:00 
TT 570 270.2 -40.0 270.2 -40.0 3.01E-05 001.0 072.5 -36.6 0.051767 0.040091 0.015590 hargrave 2021-03-09 12:35:47 
TT 580 270.0 -39.6 270.0 -39.6 3.00E-05 001.6 072.5 -36.2 0.075960 0.051615 0.015165 hargrave 2021-03-09 17:37:49 
TT 590 264.4 -41.5 264.4 -41.5 2.89E-05 001.2 066.9 -35.6 0.056734 0.042915 0.018257 hargrave 2021-03-10 17:12:26 
TT 600 266.8 -39.1 266.8 -39.1 2.67E-05 001.2 070.2 -34.5 0.051442 0.042858 0.014361 hargrave 2021-03-11 17:19:43 
TT 610 264.6 -37.2 264.6 -37.2 2.58E-05 001.1 069.5 -32.0 0.048664 0.041192 0.015834 hargrave 2021-03-14 14:44:53 
TT 620 265.3 -36.5 265.3 -36.5 2.56E-05 001.5 070.5 -31.7 0.068913 0.020969 0.015965 hargrave 2021-03-16 11:39:42 
TT 630 265.4 -36.0 265.4 -36.0 2.55E-05 001.1 070.9 -31.2 0.046252 0.023146 0.023413 hargrave 2021-03-16 17:24:28 
TT 640 267.5 -36.2 267.5 -36.2 2.42E-05 002.7 072.6 -32.2 0.112022 0.039477 0.013087 hargrave 2021-03-19 15:37:11 
TT 650 264.0 -35.1 264.0 -35.1 2.32E-05 001.3 070.2 -29.9 0.049258 0.026306 0.014063 hargrave 2021-03-22 16:38:47 
TT 660 264.8 -38.2 264.8 -38.2 1.84E-05 003.9 069.1 -33.0 0.117893 0.046355 0.013624 hargrave 2021-03-23 15:05:03 
TT 664 269.6 -36.3 269.6 -36.3 1.63E-05 003.7 074.2 -33.1 0.100411 0.035457 0.010050 hargrave 2021-03-24 11:07:49 
TT 667 267.5 -37.8 267.5 -37.8 1.33E-05 003.1 071.5 -33.6 0.067407 0.025432 0.007483 hargrave 2021-03-24 16:08:12 
TT 670 265.1 -28.5 265.1 -28.5 1.23E-05 001.9 074.5 -24.5 0.039709 0.017896 0.008265 hargrave 2021-03-25 18:28:10 
TT 672 257.8 -34.8 257.8 -34.8 1.16E-05 002.4 065.2 -27.3 0.044655 0.021267 0.007773 hargrave 2021-03-26 14:35:41 
TT 674 262.3 -32.0 262.3 -32.0 7.51E-06 004.1 070.4 -26.5 0.050760 0.018321 0.004688 hargrave 2021-03-29 10:43:47 
TT 676 266.0 -22.0 266.0 -22.0 7.67E-06 002.7 078.3 -19.0 0.024782 0.010228 0.027804 hargrave 2021-03-29 17:32:51 
TT 678 269.6 -25.9 269.6 -25.9 5.52E-06 004.1 079.7 -23.9 0.034148 0.008018 0.021571 hargrave 2021-03-30 14:48:21 
TT 679 264.2 -28.5 264.2 -28.5 5.68E-06 002.2 073.8 -24.1 0.013405 0.007242 0.018168 hargrave 2021-03-31 13:26:18 
TT 681 248.5 -24.6 248.5 -24.6 2.83E-06 002.1 062.0 -14.6 0.011050 0.003815 0.002725 hargrave 2021-04-01 13:37:27 
TT 683 240.2 -34.4 240.2 -34.4 2.21E-06 001.4 050.9 -20.9 0.004044 0.004449 0.001556 hargrave 2021-04-02 14:25:35 
TT 685 225.2  00.8 225.2  00.8 1.90E-06 005.5 049.4  17.0 0.005341 0.005022 0.017702 hargrave 2021-04-05 10:21:27 
TT 686 226.5 -55.5 226.5 -55.5 9.65E-07 001.3 031.6 -36.8 0.001567 0.001862 0.001666 hargrave 2021-04-05 17:22:36 
