SC1- 66a mag compass orientation (IGRF corrected)
 92.525 208.5   2.0  30.0   4.0   1.0
NRM    244.6 -34.9 246.7 -32.6 8.22E-05 005.7 124.9 -36.1 0.692775 0.443694 0.044416 hargrave 2021-03-23 17:05:14 
TT 100 236.7 -36.1 239.2 -34.2 8.65E-05 007.9 116.9 -37.0 1.057051 0.559538 0.051727 hargrave 2021-03-24 13:35:42 
TT 200 245.2 -36.7 247.5 -34.3 9.29E-05 001.6 125.5 -37.9 0.204763 0.140973 0.058149 hargrave 2021-03-25 16:04:49 
TT 300 243.0 -37.2 245.4 -34.9 9.47E-05 003.7 123.2 -38.3 0.516105 0.319555 0.061772 hargrave 2021-03-26 11:49:38 
TT 400 247.9 -37.2 250.2 -34.7 9.55E-05 000.9 128.2 -38.5 0.072580 0.126435 0.049795 hargrave 2021-03-26 17:41:55 
TT 450 245.7 -37.2 248.1 -34.8 9.54E-05 003.9 126.0 -38.4 0.552399 0.353739 0.069787 hargrave 2021-03-29 13:25:35 
TT 500 246.2 -37.4 248.6 -35.0 9.23E-05 003.5 126.5 -38.6 0.462511 0.307607 0.067095 hargrave 2021-03-30 12:03:23 
TT 525 248.5 -37.0 250.7 -34.5 9.04E-05 001.4 128.8 -38.3 0.165981 0.132236 0.048123 hargrave 2021-03-31 09:04:32 
TT 550 245.2 -37.1 247.5 -34.8 8.86E-05 002.2 125.4 -38.3 0.289314 0.174499 0.049936 hargrave 2021-04-01 10:39:40 
TT 560 249.3 -36.9 251.5 -34.3 8.79E-05 003.7 129.6 -38.2 0.427114 0.379261 0.039822 hargrave 2021-04-01 17:45:46 
TT 570 241.4 -36.6 243.8 -34.5 8.67E-05 000.9 121.6 -37.7 0.084477 0.097013 0.043046 hargrave 2021-04-02 12:02:27 
TT 580 254.1 -36.5 256.1 -33.7 8.57E-05 007.7 134.5 -37.9 0.825575 0.816382 0.054163 hargrave 2021-04-02 17:06:39 
TT 590 247.5 -36.8 249.7 -34.3 8.41E-05 001.0 127.8 -38.0 0.093664 0.085561 0.077790 hargrave 2021-04-05 13:02:52 
TT 600 245.5 -36.4 247.8 -34.0 8.12E-05 001.9 125.8 -37.6 0.173424 0.189463 0.074166 hargrave 2021-04-06 11:01:16 
TT 610 244.2 -36.5 246.6 -34.2 7.86E-05 002.3 124.5 -37.7 0.259178 0.174263 0.054807 hargrave 2021-04-07 12:19:46 
TT 620 241.8 -36.0 244.2 -33.8 7.65E-05 005.4 122.1 -37.1 0.599544 0.396817 0.044898 hargrave 2021-04-08 20:03:23 
TT 630 246.5 -35.9 248.7 -33.4 7.34E-05 000.6 126.8 -37.1 0.067089 0.049129 0.036111 hargrave 2021-04-16 16:54:05 
TT 640 244.8 -35.6 247.0 -33.3 7.16E-05 000.9 125.1 -36.8 0.072339 0.074183 0.043686 hargrave 2021-04-18 19:42:11 
TT 645 244.7 -36.1 247.0 -33.8 7.03E-05 001.6 125.0 -37.3 0.116843 0.171239 0.032949 hargrave 2021-04-19 21:49:11 
TT 650 251.0 -35.7 253.0 -33.0 6.50E-05 002.6 131.4 -37.0 0.220633 0.200603 0.036481 hargrave 2021-04-21 08:45:39 
TT 655 247.4 -36.4 249.6 -33.9 6.15E-05 001.7 127.7 -37.6 0.140509 0.107152 0.064361 hargrave 2021-06-11 14:14:46 
TT 660 247.5 -36.8 249.7 -34.3 5.78E-05 001.8 127.8 -38.0 0.147525 0.098481 0.052669 hargrave 2021-06-12 10:20:01 
TT 663 246.2 -34.9 248.4 -32.5 5.24E-05 002.9 126.6 -36.1 0.219231 0.150828 0.043859 hargrave 2021-06-12 17:47:38 
TT 667 250.9 -35.6 252.9 -32.9 4.75E-05 001.3 131.3 -36.9 0.101085 0.080533 0.045834 hargrave 2021-06-22 14:21:39 
TT 670 248.8 -35.1 250.9 -32.6 4.12E-05 001.9 129.2 -36.4 0.108565 0.118969 0.060093 hargrave 2021-06-23 11:38:56 
TT 672 246.1 -37.0 248.4 -34.6 3.24E-05 001.2 126.4 -38.2 0.054014 0.046462 0.014389 hargrave 2021-06-23 16:17:27 
TT 675 250.6 -36.5 252.7 -33.8 2.34E-05 001.3 131.0 -37.8 0.039053 0.026748 0.033554 hargrave 2021-06-24 13:02:10 
TT 677 245.3 -38.0 247.7 -35.6 1.66E-05 005.4 125.5 -39.2 0.037525 0.023557 0.242083 hargrave 2021-06-24 17:46:51 
TT 679 233.9 -28.7 235.8 -27.0 7.91E-06 002.8 114.4 -29.5 0.036737 0.014169 0.006760 hargrave 2021-06-25 13:16:59 
TT 680 251.2 -33.9 253.1 -31.2 6.60E-06 002.9 131.7 -35.2 0.021341 0.025930 0.003071 hargrave 2021-06-25 17:48:28 
TT 682 280.0 -41.6 281.1 -37.8 3.49E-06 005.5 160.9 -43.5 0.012501 0.030979 0.005488 hargrave 2021-06-26 12:55:27 
TT 684 218.6 -23.5 220.2 -22.8 2.03E-06 004.4 099.2 -23.8 0.003232 0.006266 0.017767 hargrave 2021-06-26 17:28:41 
TT 686 264.2 -14.5 264.7 -11.2 3.04E-06 004.2 145.4 -16.1 0.011006 0.018002 0.008942 hargrave 2021-06-27 13:55:12 
