SC1- 3a sun compass orientation
   5.57 182.1  35.0  70.0  95.0   1.0
NRM    060.9 027.0 097.8 005.8 1.34E-04 001.6 308.3 054.0 0.297877 0.243442 0.052403 hargrave 2021-02-21 13:16:51 
TT 100 059.9 025.5 096.4 006.9 1.32E-04 001.0 308.2 052.2 0.189327 0.115008 0.054257 hargrave 2021-02-22 14:07:54 
TT 200 061.6 019.0 089.8 006.3 1.32E-04 001.8 315.0 047.2 0.355152 0.135246 0.164988 hargrave 2021-02-23 08:55:15 
TT 300 059.9 013.8 084.8 008.6 1.34E-04 002.1 316.0 041.8 0.450336 0.141435 0.203630 hargrave 2021-02-23 13:37:10 
TT 400 059.1 009.8 080.8 009.8 1.35E-04 001.4 317.2 037.8 0.185841 0.221741 0.186265 hargrave 2021-02-24 10:18:43 
TT 450 057.8 007.7 078.9 011.4 1.35E-04 001.7 316.7 035.4 0.294817 0.198514 0.187559 hargrave 2021-02-24 15:16:47 
TT 500 056.8 005.9 077.2 012.5 1.33E-04 001.3 316.5 033.4 0.149885 0.225636 0.169210 hargrave 2021-02-25 11:55:10 
TT 525 055.2 005.8 077.2 014.1 1.31E-04 000.9 314.9 032.6 0.163969 0.154878 0.109638 hargrave 2021-02-25 17:06:59 
TT 550 053.3 006.2 077.9 016.0 1.29E-04 000.8 312.6 032.2 0.087131 0.122078 0.115750 hargrave 2021-02-26 10:10:17 
TT 560 055.9 005.5 076.9 013.5 1.26E-04 002.1 315.7 032.6 0.393443 0.231234 0.133222 hargrave 2021-02-26 15:22:33 
TT 570 056.0 004.1 075.5 013.5 1.26E-04 003.0 316.5 031.4 0.374930 0.543788 0.113445 hargrave 2021-02-27 10:43:00 
TT 580 057.3 003.4 074.6 012.4 1.23E-04 001.7 318.2 031.2 0.318617 0.144859 0.146713 hargrave 2021-02-28 11:23:47 
TT 590 058.2 002.2 073.3 011.5 1.22E-04 004.1 319.7 030.5 0.650822 0.578988 0.108382 hargrave 2021-03-01 10:04:46 
TT 600 055.8 003.4 074.8 013.8 1.16E-04 001.0 316.6 030.7 0.199530 0.084505 0.060594 hargrave 2021-03-01 15:04:53 
TT 610 055.8 000.6 071.9 014.1 1.06E-04 002.4 317.8 028.1 0.391930 0.231503 0.101589 hargrave 2021-03-02 10:38:39 
TT 620 055.9 002.2 073.5 013.9 1.01E-04 003.4 317.2 029.6 0.490396 0.339323 0.085717 hargrave 2021-03-02 16:41:49 
TT 630 054.8 002.4 073.8 014.9 1.00E-04 001.8 316.0 029.3 0.247992 0.194756 0.066417 hargrave 2021-03-03 10:14:21 
TT 640 056.5 002.3 073.5 013.2 8.78E-05 002.5 317.9 029.9 0.309058 0.218009 0.075227 hargrave 2021-03-03 15:35:01 
TT 650 052.9 003.0 074.6 016.7 8.16E-05 001.8 313.8 029.1 0.211182 0.126816 0.071323 hargrave 2021-03-04 13:04:26 
TT 660 052.9 006.6 078.4 016.3 7.22E-05 002.5 312.0 032.4 0.269994 0.157266 0.060953 hargrave 2021-03-05 11:15:42 
TT 664 050.9 004.6 076.5 018.5 6.83E-05 000.8 310.9 029.7 0.024235 0.075957 0.060095 hargrave 2021-03-08 13:18:36 
TT 667 053.6 005.7 077.4 015.7 6.45E-05 003.0 313.2 031.9 0.280946 0.191555 0.061768 hargrave 2021-03-09 10:03:43 
TT 670 050.8 004.1 076.0 018.7 5.06E-05 001.4 311.0 029.2 0.076680 0.089228 0.038254 hargrave 2021-03-09 15:02:40 
TT 672 057.4 005.8 077.0 012.0 3.63E-05 002.3 317.2 033.5 0.107469 0.096324 0.022055 hargrave 2021-03-10 14:13:13 
TT 674 054.2 -01.7 069.7 015.9 2.39E-05 001.2 317.2 025.4 0.043506 0.038379 0.010859 hargrave 2021-03-11 13:50:20 
TT 676 044.6 003.6 076.4 024.9 2.13E-05 001.9 305.0 026.0 0.060080 0.042937 0.019899 hargrave 2021-03-14 12:06:37 
TT 678 051.5 -02.7 068.8 018.7 1.40E-05 002.5 314.9 023.3 0.050229 0.037488 0.016366 hargrave 2021-03-14 16:53:21 
TT 680 039.4 010.4 084.8 028.9 9.69E-06 010.2 296.2 029.3 0.161125 0.067723 0.015359 hargrave 2021-03-16 14:18:11 
TT 680 030.5 015.6 093.4 035.9 9.90E-06 002.3 284.6 028.9 0.035562 0.018927 0.013607 hargrave 2021-03-16 15:41:54 
TT 682 340.0 002.8 159.7 082.2 4.63E-06 002.4 250.1 -10.1 0.012478 0.005693 0.016463 hargrave 2021-03-19 12:22:21 
TT 684 331.2 -04.1 244.2 081.2 5.59E-06 002.1 246.1 -20.6 0.016797 0.008728 0.011956 hargrave 2021-03-22 13:09:56 
TT 686 091.9 -35.5 031.3 -14.6 4.04E-06 002.6 359.8 -00.5 0.007382 0.017338 0.006061 hargrave 2021-03-23 12:23:32 
