SC1- 33a mag compass orientation (IGRF corrected)
   87.6 354.5  85.0  70.0  39.0   1.0
NRM    101.2 -13.1 086.7 -29.6 1.51E-05 001.5 297.4 -71.6 0.021806 0.033748 0.003735 hargrave 2021-02-21 14:08:17 
TT 100 106.9 -19.3 087.1 -37.9 1.50E-05 001.8 305.2 -63.9 0.029027 0.039106 0.006539 hargrave 2021-02-22 14:58:11 
TT 200 115.9 -24.9 090.9 -47.5 1.39E-05 002.3 306.7 -53.9 0.044274 0.036982 0.023903 hargrave 2021-02-23 10:19:29 
TT 300 125.7 -23.7 103.0 -52.0 1.18E-05 002.6 299.4 -46.2 0.051805 0.029299 0.005736 hargrave 2021-02-23 14:20:26 
TT 400 140.7 -29.1 119.1 -63.8 1.16E-05 002.4 301.4 -31.8 0.039280 0.043942 0.009048 hargrave 2021-02-24 10:59:46 
TT 450 149.0 -27.0 136.8 -64.6 1.05E-05 004.9 297.5 -24.9 0.074405 0.057626 0.010483 hargrave 2021-02-24 15:58:19 
TT 500 159.3 -27.2 158.4 -66.2 1.01E-05 003.7 296.9 -15.8 0.054626 0.047818 0.007235 hargrave 2021-02-25 12:36:42 
TT 525 164.3 -31.0 170.7 -69.7 1.03E-05 005.1 300.6 -11.3 0.078070 0.061578 0.011698 hargrave 2021-02-25 17:51:19 
TT 550 164.1 -34.4 171.7 -73.1 9.42E-06 001.7 304.1 -11.4 0.021806 0.036872 0.006929 hargrave 2021-02-26 10:58:31 
TT 560 162.7 -27.7 165.9 -66.6 9.06E-06 002.0 297.3 -12.8 0.029947 0.033924 0.007731 hargrave 2021-02-26 16:11:44 
TT 570 159.1 -28.0 158.1 -67.0 9.92E-06 002.1 297.7 -15.9 0.021909 0.041920 0.006565 hargrave 2021-02-27 11:32:03 
TT 580 157.3 -37.8 150.9 -76.6 8.50E-06 001.4 308.0 -16.6 0.023565 0.018303 0.006820 hargrave 2021-02-28 12:14:00 
TT 590 160.6 -24.7 161.2 -63.6 8.65E-06 001.2 294.2 -14.7 0.017605 0.021577 0.006450 hargrave 2021-03-01 10:53:09 
TT 600 139.6 -36.6 106.8 -69.6 7.34E-06 002.1 310.1 -30.6 0.024253 0.017746 0.005254 hargrave 2021-03-01 15:53:45 
TT 610 152.7 -31.5 141.6 -69.7 5.94E-06 001.6 301.9 -21.2 0.018682 0.007442 0.004950 hargrave 2021-03-02 11:17:36 
TT 620 167.1 -40.3 187.5 -78.3 5.14E-06 004.0 310.1 -08.9 0.026103 0.026375 0.005225 hargrave 2021-03-02 17:22:42 
TT 630 186.5 -43.8 238.4 -70.8 5.85E-06 001.6 314.9 005.1 0.014619 0.013217 0.006484 hargrave 2021-03-03 11:02:32 
TT 640 186.0 -38.6 226.0 -68.0 4.91E-06 001.5 309.7 005.8 0.008837 0.011976 0.007399 hargrave 2021-03-03 16:23:24 
TT 650 197.5 -30.6 228.1 -55.6 4.68E-06 001.4 304.1 016.9 0.008118 0.011189 0.004154 hargrave 2021-03-04 13:54:52 
TT 660 219.9 -66.7 301.0 -57.0 3.34E-06 003.1 343.5 011.6 0.006883 0.017480 0.004192 hargrave 2021-03-05 12:08:58 
TT 664 206.6 -62.6 293.0 -62.7 4.22E-06 001.5 336.7 009.6 0.008497 0.009589 0.007450 hargrave 2021-03-08 14:11:27 
TT 667 247.3 -29.7 267.8 -24.2 3.31E-06 001.4 335.5 051.6 0.005157 0.006569 0.003325 hargrave 2021-03-09 10:51:58 
TT 670 323.2 -77.0 335.2 -38.4 3.81E-06 001.9 011.1 001.8 0.008054 0.011795 0.004173 hargrave 2021-03-09 15:52:40 
TT 672 270.7 -04.2 268.9 009.5 4.69E-06 000.9 034.1 078.9 0.003228 0.006933 0.003672 hargrave 2021-03-10 15:04:54 
TT 674 353.4 -48.7 348.9 -10.3 1.74E-06 002.2 041.4 -03.0 0.004951 0.008050 0.002581 hargrave 2021-03-11 14:40:29 
TT 676 211.8 -37.5 250.2 -51.4 2.09E-06 001.8 315.8 025.2 0.003221 0.005099 0.004815 hargrave 2021-03-14 12:56:15 
TT 678 299.0 -34.5 307.3 -02.8 2.57E-06 002.7 036.8 038.8 0.007886 0.009142 0.003140 hargrave 2021-03-14 17:42:21 
