SC1- 36a mag compass orientation (IGRF corrected)
  87.58 342.6  82.0   0.0   0.0   1.0
NRM    201.7  04.4 201.7  04.4 2.04E-05 004.4 270.8  39.3 0.152200 0.050755 0.009117 hargrave 2021-02-21 14:13:01 
TT 100 202.8 -07.3 202.8 -07.3 1.99E-05 003.5 285.8  38.1 0.120250 0.038315 0.013328 hargrave 2021-02-22 15:02:55 
TT 200 204.6 -16.0 204.6 -16.0 2.02E-05 001.2 296.9  36.8 0.027267 0.029844 0.022211 hargrave 2021-02-23 10:24:05 
TT 300 208.3 -24.7 208.3 -24.7 2.08E-05 002.5 308.5  35.9 0.086016 0.026908 0.024114 hargrave 2021-02-23 14:24:16 
TT 400 210.0 -28.4 210.0 -28.4 2.19E-05 002.7 313.3  35.1 0.097218 0.044825 0.024006 hargrave 2021-02-24 11:03:49 
TT 450 212.5 -32.2 212.5 -32.2 2.20E-05 001.8 318.5  34.6 0.044273 0.052356 0.025264 hargrave 2021-02-24 16:02:11 
TT 500 211.6 -29.8 211.6 -29.8 2.13E-05 002.5 315.6  35.4 0.064012 0.066712 0.024215 hargrave 2021-02-25 12:40:36 
TT 525 215.3 -34.6 215.3 -34.6 2.12E-05 001.5 322.6  34.7 0.032736 0.030410 0.035693 hargrave 2021-02-25 17:55:16 
TT 550 217.6 -33.8 217.6 -33.8 2.22E-05 003.0 323.5  36.6 0.085717 0.079945 0.025601 hargrave 2021-02-26 11:03:15 
TT 560 218.5 -35.3 218.5 -35.3 2.16E-05 001.5 325.5  36.1 0.049906 0.032917 0.028233 hargrave 2021-02-26 16:16:29 
TT 570 219.5 -33.0 219.5 -33.0 2.10E-05 002.8 324.3  38.4 0.086164 0.055247 0.026826 hargrave 2021-02-27 11:36:46 
TT 580 217.2 -31.3 217.2 -31.3 1.96E-05 003.5 321.0  38.1 0.101702 0.064326 0.025470 hargrave 2021-02-28 12:18:46 
TT 590 212.3 -31.3 212.3 -31.3 1.91E-05 003.5 317.6  35.0 0.096212 0.070300 0.017704 hargrave 2021-03-01 10:57:57 
TT 600 215.4 -36.6 215.4 -36.6 1.88E-05 002.2 324.4  33.4 0.060647 0.043963 0.015209 hargrave 2021-03-01 15:58:33 
TT 610 213.4 -27.5 213.4 -27.5 1.51E-05 001.7 314.6  38.0 0.019769 0.039487 0.020225 hargrave 2021-03-02 11:21:25 
TT 620 212.4 -34.2 212.4 -34.2 1.46E-05 001.5 320.4  33.2 0.030009 0.016247 0.022014 hargrave 2021-03-02 17:26:35 
TT 630 211.8 -37.8 211.8 -37.8 1.41E-05 003.0 323.2  30.5 0.044594 0.060132 0.017850 hargrave 2021-03-03 11:07:16 
TT 640 220.3 -40.9 220.3 -40.9 1.38E-05 001.4 331.3  32.8 0.026844 0.029101 0.006391 hargrave 2021-03-03 16:28:11 
TT 650 214.5 -44.7 214.5 -44.7 1.36E-05 002.5 330.5  27.1 0.049057 0.034609 0.026388 hargrave 2021-03-04 13:59:34 
TT 660 224.7 -41.7 224.7 -41.7 9.00E-06 001.8 335.0  34.2 0.026619 0.016261 0.009170 hargrave 2021-03-05 12:13:42 
TT 664 211.4 -37.2 211.4 -37.2 1.08E-05 001.8 322.4  30.6 0.028356 0.025611 0.005146 hargrave 2021-03-08 14:16:11 
TT 667 232.9 -38.3 232.9 -38.3 1.09E-05 002.5 339.7  40.2 0.034889 0.033871 0.012425 hargrave 2021-03-09 10:56:44 
TT 670 211.6 -49.8 211.6 -49.8 8.40E-06 001.3 332.8  22.1 0.017761 0.016589 0.006377 hargrave 2021-03-09 15:57:45 
TT 672 217.7 -49.8 217.7 -49.8 1.01E-05 001.3 336.0  24.7 0.019673 0.020328 0.006574 hargrave 2021-03-10 15:09:57 
TT 674 219.0 -47.4 219.0 -47.4 6.07E-06 001.3 335.1  27.2 0.010314 0.013133 0.003365 hargrave 2021-03-11 14:45:33 
TT 676 236.5 -65.3 236.5 -65.3 5.25E-06 004.4 353.1  15.7 0.009292 0.039189 0.011386 hargrave 2021-03-14 13:00:58 
TT 678 203.5 -60.8 203.5 -60.8 7.67E-06 001.8 337.9  11.3 0.016132 0.021259 0.004728 hargrave 2021-03-14 17:47:06 
TT 680 156.8  02.1 156.8  02.1 4.52E-06 001.3 267.1 -05.4 0.008537 0.008847 0.004403 hargrave 2021-03-16 15:07:30 
TT 682 131.4  31.0 131.4  31.0 1.54E-06 002.1 232.1 -21.6 0.003021 0.005572 0.002268 hargrave 2021-03-19 13:02:57 
TT 684 146.0 -04.9 146.0 -04.9 1.17E-06 003.3 272.7 -17.1 0.006088 0.004315 0.002580 hargrave 2021-03-22 13:50:38 
TT 686 302.7 -43.6 302.7 -43.6 2.59E-06 002.9 036.6  21.3 0.009668 0.010184 0.000829 hargrave 2021-03-23 13:14:32 
