SC1- 70a mag compass orientation (IGRF corrected)
 92.715  61.6   6.0   0.0   0.0   1.0
NRM    270.7 -45.9 270.7 -45.9 1.24E-04 002.0 304.1 -42.8 0.315514 0.289697 0.072639 hargrave 2021-03-23 17:13:53 
TT 100 270.6 -47.1 270.6 -47.1 1.25E-04 000.5 304.2 -43.9 0.034796 0.085900 0.059284 hargrave 2021-03-24 13:44:53 
TT 200 269.4 -48.2 269.4 -48.2 1.29E-04 000.4 303.3 -45.2 0.054341 0.061687 0.074929 hargrave 2021-03-25 16:13:03 
TT 300 265.7 -48.2 265.7 -48.2 1.30E-04 002.0 299.8 -45.4 0.413828 0.148754 0.095802 hargrave 2021-03-26 11:58:41 
TT 400 267.6 -48.4 267.6 -48.4 1.28E-04 001.1 301.6 -45.5 0.221906 0.036868 0.117878 hargrave 2021-03-26 17:50:58 
TT 450 267.8 -48.1 267.8 -48.1 1.28E-04 000.6 301.8 -45.2 0.067640 0.107861 0.081854 hargrave 2021-03-29 13:34:53 
TT 500 266.5 -48.2 266.5 -48.2 1.23E-04 002.4 300.6 -45.4 0.386033 0.348286 0.090178 hargrave 2021-03-30 12:12:01 
TT 525 269.2 -48.6 269.2 -48.6 1.20E-04 001.1 303.2 -45.5 0.116089 0.195070 0.063605 hargrave 2021-03-31 09:12:44 
TT 550 263.3 -48.4 263.3 -48.4 1.17E-04 001.7 297.5 -45.8 0.326383 0.130897 0.051534 hargrave 2021-04-01 10:48:19 
TT 560 267.9 -48.4 267.9 -48.4 1.15E-04 001.3 301.9 -45.5 0.173150 0.200718 0.066657 hargrave 2021-04-01 17:54:52 
TT 570 269.7 -48.5 269.7 -48.5 1.12E-04 000.6 303.6 -45.4 0.045660 0.077593 0.070332 hargrave 2021-04-02 12:09:56 
TT 580 265.5 -47.6 265.5 -47.6 1.12E-04 001.5 299.5 -44.9 0.209279 0.209634 0.071607 hargrave 2021-04-02 17:14:07 
TT 590 267.1 -47.8 267.1 -47.8 1.08E-04 003.2 301.0 -44.9 0.474417 0.359058 0.060970 hargrave 2021-04-05 13:11:32 
TT 600 268.6 -48.1 268.6 -48.1 1.04E-04 000.8 302.5 -45.1 0.082983 0.103576 0.070978 hargrave 2021-04-06 11:08:56 
TT 610 263.7 -47.0 263.7 -47.0 1.03E-04 001.1 297.7 -44.5 0.179704 0.047720 0.087202 hargrave 2021-04-07 12:28:00 
TT 620 269.6 -48.0 269.6 -48.0 1.01E-04 000.8 303.5 -45.0 0.070923 0.118056 0.055997 hargrave 2021-04-08 20:11:37 
TT 630 265.4 -46.9 265.4 -46.9 1.00E-04 000.9 299.3 -44.2 0.087067 0.138824 0.065985 hargrave 2021-04-16 17:00:10 
TT 640 270.6 -47.7 270.6 -47.7 9.69E-05 001.9 304.3 -44.5 0.301744 0.123206 0.058035 hargrave 2021-04-18 19:50:14 
TT 645 271.2 -47.9 271.2 -47.9 9.31E-05 001.4 304.9 -44.7 0.207428 0.085967 0.036668 hargrave 2021-04-19 21:55:18 
TT 650 267.1 -46.7 267.1 -46.7 9.01E-05 000.8 300.8 -43.8 0.083037 0.093795 0.052187 hargrave 2021-04-21 08:53:28 
