SC1- 42a mag compass orientation (IGRF corrected)
  92.35 306.6  16.0   0.0   0.0   1.0
NRM    267.8 -37.4 267.8 -37.4 4.29E-05 002.0 043.8 -26.5 0.106707 0.096168 0.057599 hargrave 2021-02-21 14:24:25 
TT 100 267.5 -39.1 267.5 -39.1 4.31E-05 001.0 043.0 -28.2 0.048375 0.049098 0.042195 hargrave 2021-02-28 13:43:22 
TT 200 272.8 -39.1 272.8 -39.1 4.41E-05 001.2 047.6 -29.1 0.070816 0.046495 0.036358 hargrave 2021-03-01 12:46:37 
TT 300 270.1 -40.7 270.1 -40.7 4.56E-05 002.1 044.9 -30.2 0.090813 0.136863 0.044302 hargrave 2021-03-01 17:46:43 
TT 400 271.3 -39.9 271.3 -39.9 4.64E-05 001.5 046.1 -29.6 0.109206 0.087249 0.044717 hargrave 2021-03-02 14:29:42 
TT 450 270.9 -40.7 270.9 -40.7 4.55E-05 001.4 045.5 -30.3 0.084118 0.049420 0.047063 hargrave 2021-03-03 12:32:06 
TT 500 271.3 -40.4 271.3 -40.4 4.55E-05 002.4 045.9 -30.1 0.108944 0.144907 0.064855 hargrave 2021-03-04 10:20:45 
TT 525 267.8 -39.9 267.8 -39.9 4.46E-05 000.9 043.1 -28.9 0.048433 0.027529 0.046327 hargrave 2021-03-04 16:00:09 
TT 550 271.3 -38.8 271.3 -38.8 4.30E-05 000.9 046.4 -28.6 0.028239 0.049039 0.037873 hargrave 2021-03-08 10:13:21 
TT 560 271.0 -39.1 271.0 -39.1 4.21E-05 001.6 046.1 -28.8 0.055144 0.092410 0.041185 hargrave 2021-03-08 15:49:43 
TT 570 270.1 -38.6 270.1 -38.6 4.14E-05 001.2 045.5 -28.1 0.048637 0.065303 0.024373 hargrave 2021-03-09 12:23:56 
TT 580 269.0 -39.6 269.0 -39.6 4.06E-05 000.9 044.2 -28.9 0.023581 0.054462 0.029214 hargrave 2021-03-09 17:26:46 
TT 590 269.5 -38.9 269.5 -38.9 4.04E-05 000.7 044.9 -28.3 0.025947 0.036360 0.030372 hargrave 2021-03-10 17:01:24 
TT 600 270.2 -39.3 270.2 -39.3 3.83E-05 001.2 045.3 -28.8 0.059284 0.049708 0.031211 hargrave 2021-03-11 17:09:32 
TT 610 271.1 -37.4 271.1 -37.4 3.73E-05 004.5 046.6 -27.1 0.212172 0.199622 0.022111 hargrave 2021-03-14 14:34:38 
TT 620 268.8 -39.6 268.8 -39.6 3.51E-05 001.8 044.1 -28.8 0.075370 0.077237 0.039065 hargrave 2021-03-16 11:29:30 
TT 630 275.3 -38.9 275.3 -38.9 3.45E-05 001.8 049.8 -29.5 0.070584 0.083080 0.030372 hargrave 2021-03-16 17:13:24 
TT 640 270.7 -40.5 270.7 -40.5 3.36E-05 001.1 045.4 -30.1 0.038710 0.051401 0.024066 hargrave 2021-03-19 15:26:04 
TT 650 276.3 -39.2 276.3 -39.2 3.11E-05 001.4 050.6 -30.0 0.049539 0.060329 0.021870 hargrave 2021-03-22 16:28:24 
TT 660 271.0 -39.1 271.0 -39.1 3.00E-05 001.7 046.1 -28.8 0.060773 0.069719 0.018829 hargrave 2021-03-23 14:54:49 
TT 664 261.5 -38.8 261.5 -38.8 2.63E-05 005.3 038.0 -26.8 0.135589 0.203582 0.014251 hargrave 2021-03-24 10:56:39 
TT 667 272.4 -38.4 272.4 -38.4 2.48E-05 003.8 047.5 -28.4 0.130495 0.106371 0.011811 hargrave 2021-03-24 15:57:08 
TT 670 266.3 -38.2 266.3 -38.2 2.17E-05 001.8 042.3 -27.0 0.054211 0.046991 0.015938 hargrave 2021-03-25 18:17:57 
TT 672 271.4 -37.0 271.4 -37.0 1.71E-05 002.6 047.0 -26.8 0.060677 0.052164 0.015677 hargrave 2021-03-26 14:24:35 
TT 674 272.5 -38.1 272.5 -38.1 1.83E-05 001.6 047.7 -28.1 0.039376 0.029163 0.025316 hargrave 2021-03-29 10:33:08 
TT 676 270.1 -36.1 270.1 -36.1 1.43E-05 002.1 046.1 -25.7 0.040010 0.035524 0.010420 hargrave 2021-03-29 17:21:41 
TT 678 288.4 -28.8 288.4 -28.8 3.82E-06 003.0 064.6 -22.8 0.017963 0.009728 0.004421 hargrave 2021-03-30 14:38:03 
TT 679 293.1 -35.5 293.1 -35.5 3.06E-06 005.6 066.6 -30.4 0.017586 0.007027 0.026489 hargrave 2021-03-31 13:15:56 
TT 681 250.3 -27.3 250.3 -27.3 1.48E-06 001.7 030.5 -13.7 0.005448 0.001603 0.002309 hargrave 2021-04-01 13:28:51 
TT 683 078.6 -05.8 078.6 -05.8 1.84E-06 001.4 224.3 -17.5 0.004120 0.003164 0.002182 hargrave 2021-04-02 14:15:14 
TT 685 098.9  62.3 098.9  62.3 1.70E-06 002.0 222.3  52.3 0.005666 0.002189 0.001416 hargrave 2021-04-05 10:10:55 
TT 686 320.8 -09.6 320.8 -09.6 2.39E-06 005.6 101.0 -13.2 0.008035 0.005114 0.022138 hargrave 2021-04-05 17:12:24 
