SC1- 56a mag compass orientation (IGRF corrected)
  92.85 139.6   8.0   0.0   0.0   1.0
NRM    241.3 -36.5 241.3 -36.5 5.11E-05 000.7 193.2 -44.3 0.052143 0.047324 0.026834 hargrave 2021-02-21 14:49:26 
TT 100 238.8 -42.5 238.8 -42.5 5.22E-05 000.9 190.6 -50.3 0.049934 0.062034 0.037280 hargrave 2021-02-28 14:04:55 
TT 200 235.8 -46.3 235.8 -46.3 5.48E-05 000.9 187.3 -54.2 0.025953 0.078547 0.037425 hargrave 2021-03-01 13:09:48 
TT 300 238.3 -47.3 238.3 -47.3 5.55E-05 001.6 190.4 -55.2 0.034256 0.145238 0.037201 hargrave 2021-03-01 18:09:00 
TT 400 240.0 -47.2 240.0 -47.2 5.56E-05 001.7 192.4 -55.1 0.075430 0.154460 0.036999 hargrave 2021-03-02 14:48:01 
TT 450 234.6 -48.0 234.6 -48.0 5.50E-05 000.7 185.9 -56.0 0.036001 0.041944 0.041818 hargrave 2021-03-03 12:54:25 
TT 500 236.4 -48.5 236.4 -48.5 5.36E-05 001.0 188.2 -56.4 0.042010 0.090620 0.019230 hargrave 2021-03-04 10:43:09 
TT 525 237.4 -48.0 237.4 -48.0 5.15E-05 001.2 189.3 -55.9 0.042804 0.099141 0.034215 hargrave 2021-03-04 16:24:03 
TT 550 237.7 -48.3 237.7 -48.3 5.03E-05 001.3 189.7 -56.2 0.049272 0.101869 0.038118 hargrave 2021-03-08 10:36:33 
TT 560 235.1 -48.0 235.1 -48.0 5.01E-05 001.3 186.6 -55.9 0.044596 0.101103 0.039669 hargrave 2021-03-08 16:11:56 
TT 570 233.3 -48.9 233.3 -48.9 4.81E-05 001.3 184.5 -56.9 0.045754 0.106649 0.018237 hargrave 2021-03-09 12:50:07 
TT 580 235.0 -46.9 235.0 -46.9 4.84E-05 002.0 186.4 -54.8 0.055803 0.160444 0.019356 hargrave 2021-03-09 17:50:27 
TT 590 234.6 -46.9 234.6 -46.9 4.79E-05 001.3 185.9 -54.9 0.032218 0.105389 0.021047 hargrave 2021-03-10 17:25:04 
TT 600 236.0 -47.7 236.0 -47.7 4.65E-05 004.6 187.6 -55.7 0.092982 0.362069 0.018597 hargrave 2021-03-11 17:32:19 
TT 610 235.3 -46.5 235.3 -46.5 4.54E-05 001.5 186.7 -54.5 0.036940 0.115811 0.018022 hargrave 2021-03-14 14:57:31 
TT 620 235.8 -46.7 235.8 -46.7 4.65E-05 001.5 187.4 -54.7 0.033129 0.118503 0.017998 hargrave 2021-03-16 11:52:20 
TT 630 236.8 -47.6 236.8 -47.6 4.44E-05 001.2 188.6 -55.5 0.041552 0.087742 0.018074 hargrave 2021-03-16 17:38:45 
TT 640 240.6 -47.0 240.6 -47.0 4.35E-05 001.6 193.0 -54.8 0.048594 0.116532 0.020033 hargrave 2021-03-19 15:49:51 
TT 650 235.2 -45.7 235.2 -45.7 3.90E-05 001.2 186.6 -53.6 0.057270 0.062721 0.018373 hargrave 2021-03-22 16:51:35 
TT 660 239.5 -45.8 239.5 -45.8 3.40E-05 001.4 191.7 -53.7 0.054230 0.072441 0.016228 hargrave 2021-03-23 15:18:26 
TT 664 239.0 -43.9 239.0 -43.9 2.76E-05 001.6 190.9 -51.7 0.052288 0.060806 0.015599 hargrave 2021-03-24 11:20:33 
TT 667 239.4 -47.6 239.4 -47.6 2.16E-05 001.0 191.7 -55.4 0.033507 0.022126 0.010610 hargrave 2021-03-24 16:20:48 
TT 670 236.2 -45.1 236.2 -45.1 1.72E-05 002.4 187.8 -53.0 0.034653 0.064045 0.010098 hargrave 2021-03-25 18:41:34 
TT 672 243.5 -41.8 243.5 -41.8 1.72E-05 003.8 196.1 -49.6 0.027002 0.111453 0.015877 hargrave 2021-03-26 14:47:33 
TT 674 233.0 -43.8 233.0 -43.8 1.66E-05 001.1 184.0 -51.8 0.021891 0.025831 0.007771 hargrave 2021-03-29 10:55:18 
TT 676 201.2 -49.9 201.2 -49.9 5.43E-06 002.5 146.0 -56.7 0.005043 0.005650 0.039607 hargrave 2021-03-29 17:45:38 
TT 678 220.1 -45.3 220.1 -45.3 4.10E-06 003.0 168.9 -53.1 0.009379 0.008041 0.023799 hargrave 2021-03-30 15:05:04 
TT 679 257.6 -37.7 257.6 -37.7 3.36E-06 004.2 211.5 -44.6 0.012475 0.014544 0.024297 hargrave 2021-03-31 13:39:55 
TT 681 322.3  04.1 322.3  04.1 1.37E-06 002.0 272.1  04.5 0.003816 0.002531 0.002871 hargrave 2021-04-01 13:48:46 
TT 683 336.5 -28.9 336.5 -28.9 1.52E-06 006.8 290.8 -26.3 0.017809 0.002925 0.004487 hargrave 2021-04-02 14:34:10 
TT 685 158.2  16.9 158.2  16.9 1.70E-06 002.0 110.7  14.2 0.004063 0.007349 0.001290 hargrave 2021-04-05 10:29:51 
TT 686 355.6 -14.5 355.6 -14.5 2.19E-06 006.0 307.4 -09.7 0.012293 0.005085 0.020565 hargrave 2021-04-05 17:30:04 
