SC1- 4a sun compass orientation
   5.57  11.2  27.0   0.0   0.0   1.0
NRM    267.0  12.7 267.0  12.7 9.78E-05 001.4 342.1  38.7 0.079452 0.199111 0.117779 hargrave 2021-02-21 13:18:17 
TT 100 267.4  10.5 267.4  10.5 9.71E-05 002.9 343.1  36.6 0.065128 0.470195 0.139002 hargrave 2021-02-22 14:09:21 
TT 200 267.6  06.3 267.6  06.3 9.76E-05 006.4 343.9  32.4 0.402643 1.012474 0.161989 hargrave 2021-02-23 08:56:42 
TT 300 264.5  02.5 264.5  02.5 9.99E-05 001.4 340.9  28.3 0.091361 0.193981 0.143381 hargrave 2021-02-23 13:38:19 
TT 400 261.9  01.0 261.9  01.0 1.00E-04 001.4 338.3  26.4 0.070488 0.195583 0.149339 hargrave 2021-02-24 10:19:56 
TT 450 261.6 -00.5 261.6 -00.5 1.02E-04 002.7 338.3  24.8 0.159331 0.435839 0.164633 hargrave 2021-02-24 15:18:00 
TT 500 260.0 -01.6 260.0 -01.6 9.99E-05 002.9 336.8  23.5 0.185495 0.453021 0.176396 hargrave 2021-02-25 11:56:19 
TT 525 258.7 -02.2 258.7 -02.2 9.86E-05 002.0 335.5  22.7 0.169522 0.256646 0.171137 hargrave 2021-02-25 17:08:09 
TT 550 258.9 -02.4 258.9 -02.4 9.72E-05 002.2 335.8  22.5 0.053059 0.332386 0.184085 hargrave 2021-02-26 10:11:44 
TT 560 261.1 -02.9 261.1 -02.9 9.65E-05 002.2 338.2  22.4 0.036627 0.324670 0.173012 hargrave 2021-02-26 15:24:00 
TT 570 258.1 -02.3 258.1 -02.3 9.48E-05 002.6 334.9  22.4 0.099134 0.382229 0.171117 hargrave 2021-02-27 10:44:27 
TT 580 260.9 -02.6 260.9 -02.6 9.33E-05 001.4 337.9  22.7 0.126177 0.149711 0.134257 hargrave 2021-02-28 11:25:14 
TT 590 259.0 -02.2 259.0 -02.2 9.29E-05 001.8 335.9  22.7 0.177126 0.186464 0.148233 hargrave 2021-03-01 10:06:12 
TT 600 258.9 -02.1 258.9 -02.1 8.92E-05 001.1 335.7  22.8 0.054389 0.119487 0.126854 hargrave 2021-03-01 15:06:20 
TT 610 257.6 -01.0 257.6 -01.0 8.22E-05 001.9 334.1  23.6 0.206977 0.162272 0.121837 hargrave 2021-03-02 10:39:49 
TT 620 258.8  01.9 258.8  01.9 7.80E-05 001.6 334.7  26.7 0.105366 0.179529 0.102345 hargrave 2021-03-02 16:43:00 
TT 630 259.5  02.5 259.5  02.5 7.52E-05 002.2 335.4  27.4 0.081507 0.263374 0.087826 hargrave 2021-03-03 10:15:49 
TT 640 259.6  02.5 259.6  02.5 7.03E-05 002.4 335.6  27.4 0.082369 0.274418 0.092033 hargrave 2021-03-03 15:36:28 
TT 650 256.5  00.8 256.5  00.8 6.68E-05 001.1 332.5  25.2 0.078841 0.071232 0.098006 hargrave 2021-03-04 13:05:52 
TT 660 258.8  01.2 258.8  01.2 6.17E-05 001.0 335.0  26.0 0.073799 0.066463 0.074226 hargrave 2021-03-05 11:17:09 
TT 664 253.2  04.8 253.2  04.8 5.81E-05 001.2 327.9  28.3 0.082376 0.085187 0.067387 hargrave 2021-03-08 13:20:03 
TT 667 259.6  05.2 259.6  05.2 5.30E-05 002.0 334.9  30.1 0.140692 0.129870 0.057437 hargrave 2021-03-09 10:05:09 
TT 670 257.5  05.4 257.5  05.4 5.01E-05 001.3 332.5  29.8 0.074576 0.096959 0.033351 hargrave 2021-03-09 15:04:01 
TT 672 258.9  06.4 258.9  06.4 4.14E-05 001.0 333.9  31.1 0.062284 0.060764 0.024865 hargrave 2021-03-10 14:14:35 
TT 674 262.6  04.2 262.6  04.2 3.60E-05 003.5 338.5  29.7 0.075951 0.203847 0.041133 hargrave 2021-03-11 13:51:42 
TT 676 255.5  09.9 255.5  09.9 3.05E-05 001.7 329.1  33.8 0.056663 0.058761 0.053409 hargrave 2021-03-14 12:08:03 
TT 678 262.1  07.4 262.1  07.4 3.03E-05 001.5 337.3  32.7 0.058211 0.049555 0.039860 hargrave 2021-03-14 16:54:48 
TT 680 246.6  11.9 246.6  11.9 1.76E-05 003.1 318.3  33.3 0.044243 0.081487 0.036574 hargrave 2021-03-16 14:19:35 
TT 682 253.6  05.7 253.6  05.7 1.51E-05 005.7 328.1  29.2 0.077277 0.127830 0.022230 hargrave 2021-03-19 12:23:27 
TT 684 201.1  02.0 201.1  02.0 7.65E-06 003.2 277.9  06.2 0.038524 0.016847 0.015995 hargrave 2021-03-22 13:11:05 
TT 686 251.5  02.3 251.5  02.3 9.94E-06 003.5 326.7  25.4 0.025730 0.056706 0.011346 hargrave 2021-03-23 12:24:56 
