SC1- 17a mag compass orientation (IGRF corrected)
  66.43 155.6  44.0   0.0   0.0   1.0
NRM    225.0 -21.1 225.0 -21.1 3.83E-05 003.2 139.1 -59.9 0.195872 0.034557 0.077308 hargrave 2021-02-21 13:39:07 
TT 100 224.8 -23.7 224.8 -23.7 4.15E-05 002.5 135.9 -62.1 0.080444 0.138965 0.079436 hargrave 2021-02-22 14:30:20 
TT 200 220.4 -28.6 220.4 -28.6 4.49E-05 002.7 122.5 -63.7 0.164236 0.109423 0.079368 hargrave 2021-02-23 09:56:43 
TT 300 219.1 -30.5 219.1 -30.5 4.58E-05 002.6 117.8 -64.3 0.095100 0.164662 0.077363 hargrave 2021-02-23 13:55:12 
TT 400 220.1 -30.8 220.1 -30.8 4.63E-05 003.0 118.6 -65.1 0.187110 0.132141 0.078848 hargrave 2021-02-24 10:36:21 
TT 450 219.8 -31.2 219.8 -31.2 4.66E-05 002.9 117.5 -65.2 0.183137 0.129827 0.081258 hargrave 2021-02-24 15:34:21 
TT 500 219.8 -30.2 219.8 -30.2 4.71E-05 003.5 119.3 -64.5 0.103824 0.253221 0.081540 hargrave 2021-02-25 12:12:41 
TT 525 220.2 -31.9 220.2 -31.9 4.68E-05 002.7 117.0 -65.9 0.068169 0.196680 0.077983 hargrave 2021-02-25 17:25:33 
TT 550 219.9 -32.2 219.9 -32.2 4.47E-05 002.9 115.8 -65.9 0.186052 0.099865 0.071513 hargrave 2021-02-26 10:31:43 
TT 560 219.2 -31.7 219.2 -31.7 4.46E-05 002.9 115.8 -65.1 0.202597 0.072978 0.071588 hargrave 2021-02-26 15:44:05 
TT 570 219.2 -32.5 219.2 -32.5 4.39E-05 002.4 114.4 -65.6 0.101278 0.134767 0.070950 hargrave 2021-02-27 11:04:27 
TT 580 219.1 -32.7 219.1 -32.7 4.27E-05 002.5 113.9 -65.8 0.087940 0.145825 0.074057 hargrave 2021-02-28 11:46:57 
TT 590 219.6 -34.0 219.6 -34.0 4.35E-05 003.1 112.2 -66.9 0.201401 0.093056 0.076427 hargrave 2021-03-01 10:26:07 
TT 600 219.8 -32.9 219.8 -32.9 4.20E-05 002.5 114.4 -66.3 0.081641 0.140894 0.076496 hargrave 2021-03-01 15:26:33 
TT 610 218.2 -33.7 218.2 -33.7 3.87E-05 002.3 110.9 -65.8 0.076818 0.118082 0.074518 hargrave 2021-03-02 10:55:56 
TT 620 217.1 -33.7 217.1 -33.7 3.47E-05 002.1 109.5 -65.1 0.047341 0.104782 0.062289 hargrave 2021-03-02 16:59:37 
TT 630 215.7 -32.2 215.7 -32.2 3.50E-05 002.3 110.5 -63.2 0.066824 0.101325 0.069191 hargrave 2021-03-03 10:35:45 
TT 640 214.5 -33.6 214.5 -33.6 3.36E-05 002.4 106.7 -63.3 0.091549 0.090380 0.061342 hargrave 2021-03-03 15:56:30 
TT 650 221.1 -31.6 221.1 -31.6 3.29E-05 002.5 118.7 -66.2 0.072742 0.109037 0.062443 hargrave 2021-03-04 13:26:35 
TT 660 214.7 -32.6 214.7 -32.6 3.05E-05 002.6 108.7 -62.8 0.099313 0.077629 0.061469 hargrave 2021-03-05 11:38:52 
TT 664 215.4 -32.5 215.4 -32.5 2.82E-05 002.5 109.6 -63.3 0.064419 0.089716 0.059626 hargrave 2021-03-08 13:40:47 
TT 667 216.8 -36.2 216.8 -36.2 2.66E-05 002.5 104.2 -66.4 0.083117 0.069503 0.046867 hargrave 2021-03-09 10:25:07 
TT 670 218.3 -29.9 218.3 -29.9 2.62E-05 002.5 117.6 -63.4 0.023144 0.097999 0.057117 hargrave 2021-03-09 15:24:26 
TT 672 216.8 -30.5 216.8 -30.5 2.20E-05 002.4 114.6 -62.8 0.058237 0.055895 0.048290 hargrave 2021-03-10 14:36:41 
TT 674 214.0 -26.9 214.0 -26.9 2.34E-05 002.4 116.4 -58.6 0.022509 0.082467 0.053052 hargrave 2021-03-11 14:12:15 
TT 676 220.2 -32.1 220.2 -32.1 1.75E-05 002.3 116.4 -66.0 0.051455 0.041206 0.024183 hargrave 2021-03-14 12:28:47 
TT 678 213.7 -30.9 213.7 -30.9 1.82E-05 002.2 110.3 -61.1 0.043504 0.048237 0.029054 hargrave 2021-03-14 17:14:48 
TT 680 224.0 -26.3 224.0 -26.3 1.53E-05 003.3 131.5 -63.9 0.081764 0.010760 0.029621 hargrave 2021-03-16 14:40:00 
TT 682 226.8 -35.2 226.8 -35.2 1.09E-05 002.2 120.6 -72.2 0.022436 0.032783 0.013567 hargrave 2021-03-19 12:40:12 
TT 684 218.1 -23.0 218.1 -23.0 8.51E-06 002.5 126.7 -58.0 0.025232 0.015678 0.022158 hargrave 2021-03-22 13:28:19 
TT 686 245.8 -10.6 245.8 -10.6 5.70E-06 002.3 180.3 -54.6 0.016274 0.010835 0.012113 hargrave 2021-03-23 12:46:10 
