SC1- 29a sun compass orientation
  68.34 175.1  18.0   0.0   0.0   1.0
NRM    112.6  54.2 112.6  54.2 3.90E-06 005.4 048.0  68.7 0.022489 0.031823 0.001532 hargrave 2021-02-21 13:59:14 
TT 100 125.8  50.1 125.8  50.1 2.75E-06 001.5 061.8  61.7 0.005825 0.004158 0.001856 hargrave 2021-02-22 14:50:34 
TT 200 161.5  25.3 161.5  25.3 1.61E-06 003.0 085.5  28.2 0.007602 0.005120 0.003008 hargrave 2021-02-23 10:13:16 
TT 300 200.9  07.8 200.9  07.8 2.17E-06 002.9 116.8 -00.2 0.007569 0.006191 0.005543 hargrave 2021-02-23 14:12:54 
TT 400 221.5 -08.9 221.5 -08.9 2.60E-06 003.0 132.8 -21.6 0.009402 0.008658 0.005647 hargrave 2021-02-24 10:53:26 
TT 450 233.9 -07.2 233.9 -07.2 2.59E-06 001.6 146.2 -22.4 0.004541 0.005658 0.004829 hargrave 2021-02-24 15:51:28 
TT 500 239.9 -14.7 239.9 -14.7 2.91E-06 001.5 151.4 -30.8 0.003862 0.005482 0.005109 hargrave 2021-02-25 12:29:08 
TT 525 240.9 -15.6 240.9 -15.6 2.90E-06 001.7 152.3 -31.8 0.005988 0.005344 0.005242 hargrave 2021-02-25 17:43:40 
TT 550 244.2 -04.2 244.2 -04.2 3.09E-06 008.8 157.6 -20.9 0.028121 0.043774 0.005308 hargrave 2021-02-26 10:51:04 
TT 550 243.2 -04.3 243.2 -04.3 3.07E-06 001.9 156.5 -20.9 0.006148 0.007306 0.005451 hargrave 2021-02-26 11:25:16 
TT 560 245.5  08.1 245.5  08.1 2.41E-06 004.0 160.3 -08.9 0.005996 0.015775 0.003781 hargrave 2021-02-26 16:04:16 
TT 570 234.9 -05.5 234.9 -05.5 2.46E-06 003.3 147.5 -20.9 0.008424 0.010670 0.005498 hargrave 2021-02-27 11:24:36 
TT 580 243.2 -15.2 243.2 -15.2 2.58E-06 004.2 155.0 -31.7 0.009210 0.016427 0.003374 hargrave 2021-02-28 12:06:29 
TT 590 253.0 -15.1 253.0 -15.1 3.29E-06 005.2 166.1 -32.6 0.007768 0.019110 0.026004 hargrave 2021-03-01 10:45:38 
TT 600 274.0 -30.0 274.0 -30.0 2.96E-06 005.3 191.4 -47.7 0.004252 0.020301 0.026062 hargrave 2021-03-01 15:46:10 
TT 610 275.5 -04.8 275.5 -04.8 2.37E-06 006.1 191.2 -22.5 0.003644 0.010158 0.024701 hargrave 2021-03-02 11:11:31 
TT 620 266.4  18.4 266.4  18.4 2.07E-06 046.6 181.3  00.4 0.004138 0.036149 0.215537 hargrave 2021-03-02 17:16:23 
TT 620 245.3  60.4 245.3  60.4 2.90E-06 001.2 166.8  43.1 0.004387 0.003703 0.003980 hargrave 2021-03-02 17:41:57 
TT 630 284.2 -21.7 284.2 -21.7 3.38E-06 006.8 202.8 -38.6 0.025107 0.032980 0.024632 hargrave 2021-03-03 10:55:05 
TT 640 283.6 -07.4 283.6 -07.4 2.68E-06 003.0 200.2 -24.4 0.005777 0.012654 0.005148 hargrave 2021-03-03 16:15:56 
TT 650 306.0 -23.2 306.0 -23.2 3.07E-06 001.6 228.1 -36.1 0.004730 0.006702 0.004301 hargrave 2021-03-04 13:47:26 
TT 660 307.4 -54.0 307.4 -54.0 2.79E-06 001.9 247.6 -64.7 0.007924 0.004721 0.002223 hargrave 2021-03-05 11:59:54 
TT 664 319.7 -45.0 319.7 -45.0 1.74E-06 002.5 253.5 -53.1 0.007249 0.002040 0.002454 hargrave 2021-03-08 14:02:26 
TT 667 298.8 -31.7 298.8 -31.7 2.14E-06 002.1 222.8 -45.9 0.005085 0.005698 0.003271 hargrave 2021-03-09 10:44:31 
TT 670 311.7 -10.8 311.7 -10.8 1.29E-06 007.8 230.7 -22.7 0.013019 0.011872 0.002140 hargrave 2021-03-09 15:44:55 
TT 672 329.7 -45.3 329.7 -45.3 3.02E-06 001.5 263.9 -50.3 0.007121 0.003561 0.002742 hargrave 2021-03-10 14:57:08 
TT 674 278.1 -68.5 278.1 -68.5 1.12E-06 001.7 237.5 -84.4 0.002090 0.002472 0.000576 hargrave 2021-03-11 14:32:43 
TT 676 338.5 -45.0 338.5 -45.0 1.57E-06 002.3 272.2 -47.3 0.006188 0.001629 0.001737 hargrave 2021-03-14 12:48:03 
TT 678 221.1  06.7 221.1  06.7 1.58E-06 004.4 136.0 -06.3 0.007980 0.009416 0.002017 hargrave 2021-03-14 17:34:07 
