SC1- 10a mag compass orientation (IGRF corrected)
  26.16 338.5  22.0  74.0  93.0   1.0
NRM    213.3 009.3 244.3 -40.6 5.15E-05 001.1 320.4 026.9 0.058295 0.080146 0.044838 hargrave 2021-02-21 13:27:08 
TT 100 216.6 002.4 253.3 -37.4 4.66E-05 001.0 325.6 020.9 0.044600 0.080532 0.044718 hargrave 2021-02-22 14:18:14 
TT 200 217.2 -04.2 261.5 -36.4 4.22E-05 002.1 327.6 014.5 0.075564 0.134892 0.055796 hargrave 2021-02-23 09:05:36 
TT 300 226.0 -06.3 262.7 -27.4 4.05E-05 002.0 336.9 014.0 0.058121 0.112288 0.064055 hargrave 2021-02-23 13:45:27 
TT 400 231.3 -06.4 262.2 -22.2 3.93E-05 002.5 342.3 014.6 0.056866 0.156006 0.063340 hargrave 2021-02-24 10:27:07 
TT 450 235.7 -09.1 264.5 -17.5 3.83E-05 001.5 347.1 012.4 0.034843 0.081222 0.062676 hargrave 2021-02-24 15:25:13 
TT 500 236.5 -11.7 267.2 -16.4 3.80E-05 003.0 348.1 009.8 0.038121 0.192162 0.069467 hargrave 2021-02-25 12:03:34 
TT 525 238.8 -10.5 265.6 -14.3 3.66E-05 002.2 350.3 011.2 0.034087 0.132726 0.058693 hargrave 2021-02-25 17:15:34 
TT 550 247.9 -11.9 266.3 -05.3 3.73E-05 001.5 359.4 010.1 0.041937 0.073673 0.065611 hargrave 2021-02-26 10:20:34 
TT 560 245.5 -13.4 267.9 -07.6 3.76E-05 002.4 357.0 008.6 0.033376 0.141502 0.063482 hargrave 2021-02-26 15:32:56 
TT 570 245.8 -12.5 267.0 -07.4 3.67E-05 002.7 357.3 009.5 0.036882 0.158785 0.062984 hargrave 2021-02-27 10:53:18 
TT 580 246.8 -13.5 267.9 -06.3 3.45E-05 003.5 358.3 008.5 0.037644 0.208725 0.046735 hargrave 2021-02-28 11:35:46 
TT 590 244.0 -13.9 268.6 -08.9 3.42E-05 002.9 355.6 008.0 0.050291 0.173736 0.032109 hargrave 2021-03-01 10:15:00 
TT 600 249.1 -09.0 263.3 -04.4 3.73E-05 001.4 000.6 013.0 0.036623 0.088753 0.030243 hargrave 2021-03-01 15:15:16 
TT 610 256.2 -11.3 265.2 002.8 3.67E-05 003.2 007.7 010.5 0.027983 0.207267 0.027549 hargrave 2021-03-02 10:46:57 
TT 620 255.0 -07.4 261.3 001.4 3.43E-05 003.4 006.7 014.5 0.031688 0.201503 0.024361 hargrave 2021-03-02 16:50:22 
TT 630 255.0 -10.8 264.7 001.5 3.22E-05 008.0 006.5 011.1 0.060194 0.448202 0.030859 hargrave 2021-03-03 10:24:38 
TT 640 250.5 -10.9 265.1 -02.9 3.14E-05 003.5 002.0 011.1 0.042636 0.191159 0.028007 hargrave 2021-03-03 15:45:21 
TT 650 250.2 -10.6 264.8 -03.2 2.71E-05 002.5 001.7 011.4 0.058828 0.111833 0.041865 hargrave 2021-03-04 13:14:40 
TT 660 251.7 -24.6 278.7 -00.9 1.81E-05 004.8 002.9 -02.6 0.055167 0.146575 0.034306 hargrave 2021-03-05 11:26:03 
TT 664 244.5 -22.5 277.1 -07.6 2.00E-05 007.4 356.3 -00.5 0.068433 0.255220 0.030477 hargrave 2021-03-08 13:28:53 
TT 667 265.3 -24.6 278.5 011.6 1.97E-05 007.8 015.3 -03.4 0.089152 0.258196 0.027242 hargrave 2021-03-09 10:13:59 
TT 670 272.3 018.0 234.2 016.3 1.22E-05 002.2 029.0 037.8 0.041285 0.038080 0.014285 hargrave 2021-03-09 15:12:51 
TT 672 246.0 -08.9 263.4 -07.4 1.26E-05 003.4 357.5 013.1 0.042406 0.071311 0.022236 hargrave 2021-03-10 14:23:28 
TT 674 250.8 -30.5 284.6 -01.2 1.04E-05 004.8 002.0 -08.5 0.018744 0.084923 0.021181 hargrave 2021-03-11 14:00:35 
TT 676 278.0 -22.9 277.7 023.2 8.77E-06 007.4 027.0 -03.5 0.059187 0.097967 0.014316 hargrave 2021-03-14 12:16:52 
TT 678 341.2 -34.0 339.5 058.9 5.63E-06 002.4 078.2 -32.2 0.022092 0.010885 0.006167 hargrave 2021-03-14 17:03:39 
TT 680 338.4 -32.8 334.7 059.8 3.79E-06 002.5 076.4 -30.1 0.016184 0.004318 0.003228 hargrave 2021-03-16 14:28:40 
TT 682 095.0 -29.5 041.9 -16.6 6.07E-06 001.9 215.8 -48.5 0.011950 0.016350 0.008096 hargrave 2021-03-19 12:30:53 
TT 684 189.8 000.5 259.0 -64.1 2.44E-06 003.2 299.2 011.7 0.011521 0.008633 0.003391 hargrave 2021-03-22 13:18:47 
TT 686 330.3 014.6 201.3 067.8 3.41E-06 002.9 088.0 016.6 0.017002 0.006545 0.003792 hargrave 2021-03-23 12:34:00 
