SC1- 61a mag compass orientation (IGRF corrected)
  30.49 348.6  26.0   0.0   0.0   1.0
NRM    230.2  22.2 230.2  22.2 1.40E-04 001.7 322.2  44.2 0.204294 0.334906 0.137481 hargrave 2021-03-23 16:56:53 
TT 100 228.9  21.9 228.9  21.9 1.39E-04 001.4 320.7  43.5 0.237111 0.223351 0.134607 hargrave 2021-03-24 13:27:03 
TT 200 228.5  21.3 228.5  21.3 1.34E-04 000.7 320.5  42.8 0.052487 0.118977 0.117111 hargrave 2021-03-25 15:56:18 
TT 300 229.1  20.4 229.1  20.4 1.31E-04 000.8 321.5  42.2 0.115489 0.105798 0.089038 hargrave 2021-03-26 11:41:57 
TT 400 230.0  19.5 230.0  19.5 1.29E-04 001.5 323.0  41.6 0.164144 0.276233 0.129171 hargrave 2021-03-26 17:34:14 
TT 450 228.7  19.5 228.7  19.5 1.27E-04 000.9 321.4  41.2 0.119357 0.071263 0.142515 hargrave 2021-03-29 13:16:53 
TT 500 229.8  20.1 229.8  20.1 1.26E-04 000.7 322.5  42.1 0.079595 0.078848 0.113128 hargrave 2021-03-30 11:55:56 
TT 525 231.7  19.6 231.7  19.6 1.25E-04 000.9 325.0  42.1 0.134961 0.093761 0.138239 hargrave 2021-03-31 08:56:03 
TT 550 228.4  20.0 228.4  20.0 1.22E-04 001.0 320.8  41.6 0.088738 0.121941 0.162466 hargrave 2021-04-01 10:32:11 
TT 560 230.0  20.3 230.0  20.3 1.21E-04 002.3 322.6  42.3 0.258190 0.384212 0.139682 hargrave 2021-04-01 17:37:14 
TT 570 230.6  20.0 230.6  20.0 1.19E-04 001.3 323.5  42.1 0.131280 0.210685 0.174673 hargrave 2021-04-02 11:54:44 
TT 580 231.8  18.3 231.8  18.3 1.16E-04 002.1 325.5  40.8 0.210775 0.364448 0.117934 hargrave 2021-04-02 16:58:56 
TT 590 232.8  17.9 232.8  17.9 1.11E-04 001.2 326.9  40.7 0.174943 0.151233 0.049850 hargrave 2021-04-05 12:55:21 
TT 600 230.6  15.7 230.6  15.7 1.06E-04 001.7 325.0  38.0 0.162022 0.275096 0.084059 hargrave 2021-04-06 10:53:38 
TT 610 235.0  16.5 235.0  16.5 8.71E-05 004.1 330.1  39.8 0.289349 0.564539 0.054605 hargrave 2021-04-07 12:11:17 
TT 620 233.8  19.3 233.8  19.3 7.39E-05 002.1 327.7  42.3 0.136645 0.234880 0.041638 hargrave 2021-04-08 19:54:51 
TT 630 229.4  18.2 229.4  18.2 6.47E-05 001.8 322.7  40.1 0.116093 0.174976 0.043892 hargrave 2021-04-16 16:48:02 
TT 640 218.8  19.8 218.8  19.8 6.09E-05 003.6 309.8  38.4 0.287803 0.246453 0.037801 hargrave 2021-04-18 19:34:50 
TT 645 225.5  16.2 225.5  16.2 6.08E-05 002.5 318.9  37.1 0.164201 0.207643 0.039119 hargrave 2021-04-19 21:42:01 
TT 650 225.3  14.2 225.3  14.2 5.95E-05 004.6 319.4  35.1 0.295924 0.385345 0.051908 hargrave 2021-04-21 08:36:25 
