SC1- 11a mag compass orientation (IGRF corrected)
  26.19  70.5  35.0  74.0  93.0   1.0
NRM    241.9 -01.5 256.2 -12.0 3.88E-05 001.4 263.8 -06.2 0.084379 0.040283 0.041291 hargrave 2021-02-21 13:30:41 
TT 100 230.8 -08.1 264.1 -22.5 3.65E-05 001.8 258.3 -17.9 0.115214 0.040509 0.023358 hargrave 2021-02-22 14:21:48 
TT 200 214.2 -06.5 264.9 -39.0 3.54E-05 001.1 242.5 -25.5 0.062262 0.054174 0.022664 hargrave 2021-02-23 09:09:11 
TT 300 217.3 -07.6 265.6 -35.8 3.56E-05 001.3 246.0 -24.8 0.080876 0.083261 0.019228 hargrave 2021-02-23 13:48:23 
TT 400 210.4 -03.0 261.0 -43.2 3.56E-05 003.1 237.0 -24.3 0.158242 0.137236 0.036775 hargrave 2021-02-24 10:29:31 
TT 450 211.5 -04.8 263.1 -41.9 3.34E-05 001.1 239.0 -25.3 0.060204 0.056601 0.030568 hargrave 2021-02-24 15:27:34 
TT 500 209.9 -03.8 262.2 -43.6 3.24E-05 001.7 236.9 -25.3 0.085316 0.075855 0.016452 hargrave 2021-02-25 12:05:50 
TT 525 211.6 -04.3 262.5 -41.9 3.17E-05 002.5 238.8 -24.9 0.131498 0.082172 0.017944 hargrave 2021-02-25 17:18:38 
TT 550 215.3 -07.4 265.8 -37.7 3.16E-05 003.3 244.1 -25.7 0.152023 0.106171 0.013321 hargrave 2021-02-26 10:23:19 
TT 560 214.3 -09.9 269.1 -38.2 3.13E-05 001.7 244.6 -28.3 0.075830 0.075099 0.019538 hargrave 2021-02-26 15:35:41 
TT 570 216.5 -09.7 268.3 -36.2 3.15E-05 000.8 246.5 -27.0 0.040525 0.039804 0.013390 hargrave 2021-02-27 10:56:04 
TT 580 216.8 -07.7 265.9 -36.3 3.21E-05 001.9 245.6 -25.2 0.086141 0.067510 0.014142 hargrave 2021-02-28 11:38:32 
TT 590 218.4 -11.1 269.6 -34.0 3.27E-05 009.3 249.2 -27.2 0.505747 0.179845 0.016336 hargrave 2021-03-01 10:17:45 
TT 590 212.3 -06.6 265.3 -40.9 3.32E-05 002.8 240.7 -26.5 0.138550 0.090523 0.018283 hargrave 2021-03-01 11:20:32 
TT 600 210.0 -14.7 276.5 -41.1 3.27E-05 000.8 243.4 -34.6 0.028754 0.055542 0.015469 hargrave 2021-03-01 15:18:03 
TT 610 207.1 -16.1 279.6 -43.3 2.82E-05 002.6 241.4 -37.3 0.097713 0.124656 0.021779 hargrave 2021-03-02 10:49:13 
TT 620 205.2 -14.8 278.7 -45.5 2.71E-05 004.3 238.5 -37.1 0.181242 0.091392 0.017610 hargrave 2021-03-02 16:52:42 
TT 630 217.5 -21.5 281.8 -32.2 2.65E-05 002.9 255.3 -36.2 0.133942 0.036053 0.013144 hargrave 2021-03-03 10:27:23 
TT 640 208.1 -12.9 274.9 -43.4 2.16E-05 001.3 240.3 -34.0 0.041197 0.033161 0.023504 hargrave 2021-03-03 15:48:07 
TT 650 206.5 -10.3 272.1 -45.7 2.19E-05 004.8 237.1 -32.6 0.158065 0.103300 0.011420 hargrave 2021-03-04 13:18:12 
TT 660 182.2 -11.2 292.4 -66.9 1.67E-05 002.6 209.8 -43.0 0.039102 0.065033 0.020297 hargrave 2021-03-05 11:30:26 
TT 664 191.5 -21.9 298.1 -53.4 1.42E-05 001.4 227.5 -49.6 0.023955 0.026484 0.015131 hargrave 2021-03-08 13:32:26 
TT 667 198.3 -13.5 280.7 -52.2 1.22E-05 001.5 230.2 -39.2 0.025613 0.022437 0.008958 hargrave 2021-03-09 10:16:45 
TT 670 179.5 -06.4 285.4 -71.9 6.74E-06 005.1 204.6 -39.1 0.030699 0.052077 0.005152 hargrave 2021-03-09 15:15:39 
TT 672 160.0 011.3 138.8 -80.8 7.60E-06 001.4 179.5 -23.7 0.014480 0.016215 0.006709 hargrave 2021-03-10 14:27:52 
TT 674 182.7 -17.8 303.1 -62.2 5.63E-06 001.6 213.3 -49.1 0.012998 0.010040 0.003279 hargrave 2021-03-11 14:03:24 
TT 676 179.8 035.2 186.6 -54.6 4.42E-06 007.9 195.7 001.7 0.026152 0.056873 0.002487 hargrave 2021-03-14 12:20:25 
TT 678 016.7 045.5 137.0 033.5 3.19E-06 002.2 082.5 065.3 0.010401 0.007049 0.004357 hargrave 2021-03-14 17:06:25 
TT 680 157.2 041.5 155.9 -51.1 5.50E-06 001.8 177.5 006.5 0.013929 0.015908 0.006087 hargrave 2021-03-16 14:31:07 
TT 682 262.1 043.4 210.1 003.8 2.64E-06 001.6 248.9 040.3 0.006376 0.008094 0.005729 hargrave 2021-03-19 12:32:53 
TT 684 273.3 -28.7 283.3 018.3 9.30E-06 001.4 304.4 -11.5 0.018808 0.019081 0.007026 hargrave 2021-03-22 13:20:53 
TT 686 104.3 -10.9 059.8 -29.0 6.66E-06 003.9 112.6 -27.9 0.041413 0.018382 0.008515 hargrave 2021-03-23 12:37:15 
