SC1- 2a mag compass orientation (IGRF corrected)
   5.52  -0.4  29.0   0.0   0.0   1.0
NRM    226.2  35.0 226.2  35.0 3.54E-05 001.8 293.3  52.2 0.074941 0.087753 0.024361 hargrave 2021-02-21 13:15:21 
TT 100 226.0  33.7 226.0  33.7 3.35E-05 001.4 294.3  51.0 0.048811 0.063760 0.021177 hargrave 2021-02-22 14:06:24 
TT 200 232.6  26.9 232.6  26.9 3.09E-05 004.4 306.9  47.8 0.169384 0.165119 0.030003 hargrave 2021-02-23 08:53:45 
TT 300 240.9  19.5 240.9  19.5 3.06E-05 002.6 321.1  43.8 0.101011 0.101314 0.030345 hargrave 2021-02-23 13:35:58 
TT 400 247.0  14.1 247.0  14.1 3.23E-05 001.7 330.7  40.3 0.091604 0.064437 0.029546 hargrave 2021-02-24 10:17:30 
TT 450 249.2  10.3 249.2  10.3 3.29E-05 001.9 334.5  37.1 0.043903 0.109344 0.031552 hargrave 2021-02-24 15:15:34 
TT 500 250.8  07.2 250.8  07.2 3.42E-05 001.8 337.2  34.4 0.058924 0.098724 0.033135 hargrave 2021-02-25 11:53:56 
TT 525 254.0  06.0 254.0  06.0 3.29E-05 001.4 341.2  33.8 0.049217 0.068151 0.025906 hargrave 2021-02-25 17:05:42 
TT 550 254.7  05.1 254.7  05.1 3.36E-05 001.5 342.2  32.9 0.055255 0.068466 0.034596 hargrave 2021-02-26 10:08:47 
TT 560 256.6  06.7 256.6  06.7 3.34E-05 001.3 344.3  34.8 0.053040 0.062601 0.030246 hargrave 2021-02-26 15:21:03 
TT 570 253.0  07.8 253.0  07.8 3.32E-05 002.8 339.7  35.4 0.065721 0.147253 0.027805 hargrave 2021-02-27 10:41:31 
TT 580 254.4  07.8 254.4  07.8 3.26E-05 001.6 341.4  35.7 0.051333 0.087093 0.018887 hargrave 2021-02-28 11:22:17 
TT 590 255.1  07.3 255.1  07.3 3.21E-05 001.1 342.3  35.2 0.052423 0.053780 0.030751 hargrave 2021-03-01 10:03:17 
TT 600 255.6  05.8 255.6  05.8 3.11E-05 001.3 343.1  33.8 0.055125 0.062553 0.024355 hargrave 2021-03-01 15:03:23 
TT 610 252.4  10.1 252.4  10.1 3.01E-05 003.6 338.5  37.5 0.164533 0.151519 0.101162 hargrave 2021-03-02 10:37:27 
TT 620 253.9  10.0 253.9  10.0 2.89E-05 002.3 340.3  37.7 0.064696 0.108073 0.023998 hargrave 2021-03-02 16:40:36 
TT 630 253.4  10.6 253.4  10.6 2.70E-05 001.7 339.6  38.2 0.043908 0.073110 0.022518 hargrave 2021-03-03 10:12:50 
TT 640 254.5  12.2 254.5  12.2 2.53E-05 002.0 340.5  40.0 0.053160 0.080731 0.023684 hargrave 2021-03-03 15:33:31 
TT 650 250.9  11.8 250.9  11.8 2.42E-05 000.9 336.2  39.0 0.053454 0.020970 0.014387 hargrave 2021-03-04 13:02:56 
TT 660 253.7  12.3 253.7  12.3 2.05E-05 001.1 339.6  40.0 0.050208 0.023299 0.021614 hargrave 2021-03-05 11:14:12 
TT 664 251.8  17.6 251.8  17.6 1.81E-05 002.7 335.8  44.8 0.056828 0.070539 0.025847 hargrave 2021-03-08 13:17:06 
TT 667 257.5  15.2 257.5  15.2 1.55E-05 004.2 343.9  43.3 0.056101 0.104179 0.026215 hargrave 2021-03-09 10:02:13 
TT 670 270.4  25.1 270.4  25.1 8.00E-06 000.9 001.2  54.1 0.011497 0.010663 0.021438 hargrave 2021-03-09 15:01:16 
TT 672 252.3  18.7 252.3  18.7 6.48E-06 001.7 336.1  46.0 0.006589 0.018680 0.002928 hargrave 2021-03-10 14:11:47 
TT 674 319.1  07.3 319.1  07.3 3.75E-06 001.5 056.4  25.0 0.007990 0.007965 0.005480 hargrave 2021-03-11 13:48:55 
TT 676 070.4  07.4 070.4  07.4 9.37E-07 002.4 159.7 -20.0 0.005424 0.002708 0.002350 hargrave 2021-03-14 12:05:07 
TT 678 279.4  08.3 279.4  08.3 2.34E-06 001.9 012.1  36.8 0.005841 0.006038 0.001983 hargrave 2021-03-14 16:51:52 
TT 680 143.1  46.9 143.1  46.9 3.32E-06 003.3 217.7  26.2 0.012799 0.014623 0.002957 hargrave 2021-03-16 14:16:48 
TT 682 331.9  19.5 331.9  19.5 1.10E-06 002.4 075.2  30.3 0.004238 0.002198 0.001682 hargrave 2021-03-19 12:21:14 
TT 684 014.7  15.2 014.7  15.2 1.68E-06 004.2 110.4  06.2 0.008300 0.006918 0.007381 hargrave 2021-03-22 13:08:47 
TT 686 291.6 -22.5 291.6 -22.5 5.46E-06 001.9 020.3  04.7 0.012812 0.016183 0.004890 hargrave 2021-03-23 12:22:08 
