SC1- 65a mag compass orientation (IGRF corrected)
 92.425 335.6   4.0   0.0   0.0   1.0
NRM    274.7 -18.6 274.7 -18.6 4.41E-05 004.8 028.6 -15.1 0.193301 0.320059 0.063940 hargrave 2021-03-23 17:03:30 
TT 100 270.3 -22.1 270.3 -22.1 4.35E-05 001.3 024.1 -18.5 0.069390 0.077989 0.043989 hargrave 2021-03-24 13:34:12 
TT 200 264.3 -30.0 264.3 -30.0 4.45E-05 000.8 018.0 -26.2 0.064382 0.024524 0.040031 hargrave 2021-03-25 16:03:21 
TT 300 258.3 -34.6 258.3 -34.6 4.57E-05 002.0 012.2 -30.7 0.085332 0.143900 0.029681 hargrave 2021-03-26 11:48:10 
TT 400 249.8 -38.6 249.8 -38.6 4.77E-05 002.7 004.0 -34.7 0.083599 0.210281 0.033653 hargrave 2021-03-26 17:40:26 
TT 450 250.7 -40.3 250.7 -40.3 4.79E-05 003.4 004.8 -36.3 0.082945 0.269350 0.044144 hargrave 2021-03-29 13:24:04 
TT 500 248.5 -42.1 248.5 -42.1 4.81E-05 002.1 002.8 -38.1 0.082628 0.158159 0.040738 hargrave 2021-03-30 12:01:39 
TT 525 250.6 -42.7 250.6 -42.7 4.80E-05 001.1 004.7 -38.7 0.059785 0.074448 0.040380 hargrave 2021-03-31 09:03:04 
TT 550 243.7 -43.4 243.7 -43.4 4.70E-05 001.5 358.2 -39.4 0.093553 0.065268 0.068347 hargrave 2021-04-01 10:37:55 
TT 560 246.0 -43.4 246.0 -43.4 4.64E-05 001.2 000.3 -39.4 0.062002 0.074024 0.050942 hargrave 2021-04-01 17:44:17 
TT 570 244.8 -44.8 244.8 -44.8 4.61E-05 001.0 359.2 -40.8 0.075534 0.040133 0.044351 hargrave 2021-04-02 12:00:58 
TT 580 244.7 -44.5 244.7 -44.5 4.58E-05 005.9 359.2 -40.5 0.066349 0.468595 0.030932 hargrave 2021-04-02 17:05:10 
TT 590 248.5 -45.2 248.5 -45.2 4.46E-05 001.4 002.7 -41.2 0.088569 0.042990 0.060006 hargrave 2021-04-05 13:01:08 
TT 600 245.3 -44.2 245.3 -44.2 4.24E-05 001.2 359.7 -40.2 0.078962 0.049531 0.037441 hargrave 2021-04-06 10:59:45 
TT 610 246.6 -43.5 246.6 -43.5 4.04E-05 001.0 001.0 -39.5 0.056655 0.055503 0.017637 hargrave 2021-04-07 12:18:18 
TT 620 239.1 -44.4 239.1 -44.4 3.96E-05 001.3 353.9 -40.4 0.069459 0.072820 0.022630 hargrave 2021-04-08 20:01:55 
TT 630 244.6 -45.3 244.6 -45.3 3.81E-05 002.3 359.1 -41.3 0.094395 0.130193 0.053029 hargrave 2021-04-16 16:52:52 
TT 640 248.0 -44.8 248.0 -44.8 3.76E-05 001.5 002.3 -40.8 0.065815 0.070743 0.053225 hargrave 2021-04-18 19:40:41 
TT 645 248.5 -43.2 248.5 -43.2 3.78E-05 002.1 002.8 -39.2 0.072891 0.116405 0.064835 hargrave 2021-04-19 21:47:59 
TT 650 244.6 -46.0 244.6 -46.0 3.49E-05 001.1 359.0 -42.0 0.058126 0.030904 0.049228 hargrave 2021-04-21 08:43:55 
