SC1- 15a mag compass orientation (IGRF corrected)
  66.25 146.6  29.0   0.0   0.0   1.0
NRM    182.7 -23.6 182.7 -23.6 1.15E-05 004.3 110.6 -37.7 0.084609 0.019237 0.008258 hargrave 2021-02-21 13:36:20 
TT 100 190.2 -28.0 190.2 -28.0 1.37E-05 004.2 115.5 -44.9 0.095622 0.021392 0.023643 hargrave 2021-02-22 14:27:32 
TT 200 195.9 -31.1 195.9 -31.1 1.61E-05 006.5 119.6 -50.0 0.162041 0.082954 0.026645 hargrave 2021-02-23 09:54:28 
TT 300 200.0 -32.1 200.0 -32.1 1.83E-05 003.1 123.8 -52.6 0.090666 0.017424 0.037437 hargrave 2021-02-23 13:52:58 
TT 400 209.4 -31.3 209.4 -31.3 1.83E-05 003.4 136.7 -55.3 0.096617 0.031147 0.038753 hargrave 2021-02-24 10:34:05 
TT 450 208.4 -31.3 208.4 -31.3 1.95E-05 003.5 135.3 -55.0 0.104712 0.052477 0.031689 hargrave 2021-02-24 15:32:06 
TT 500 213.9 -26.6 213.9 -26.6 2.09E-05 003.4 145.7 -52.3 0.104675 0.044326 0.049298 hargrave 2021-02-25 12:10:27 
TT 525 215.8 -26.5 215.8 -26.5 2.05E-05 003.5 148.4 -52.7 0.114763 0.050415 0.030467 hargrave 2021-02-25 17:23:16 
TT 550 212.2 -28.3 212.2 -28.3 2.17E-05 004.7 142.3 -53.4 0.145635 0.090760 0.042331 hargrave 2021-02-26 10:28:56 
TT 560 211.8 -25.6 211.8 -25.6 2.09E-05 003.9 143.2 -50.8 0.118657 0.068372 0.043716 hargrave 2021-02-26 15:41:18 
TT 570 217.4 -26.4 217.4 -26.4 2.04E-05 003.6 150.7 -53.0 0.107155 0.050572 0.050064 hargrave 2021-02-27 11:01:40 
TT 580 214.9 -24.9 214.9 -24.9 2.07E-05 003.8 147.8 -51.0 0.112691 0.068930 0.038872 hargrave 2021-02-28 11:44:09 
TT 590 217.0 -23.3 217.0 -23.3 1.98E-05 004.4 151.4 -49.9 0.118515 0.088810 0.040467 hargrave 2021-03-01 10:23:21 
TT 600 209.6 -24.8 209.6 -24.8 1.78E-05 004.6 140.8 -49.4 0.117083 0.076598 0.038034 hargrave 2021-03-01 15:23:44 
TT 610 209.8 -20.4 209.8 -20.4 1.37E-05 002.7 143.1 -45.3 0.046498 0.014210 0.045764 hargrave 2021-03-02 10:53:43 
TT 620 211.8 -27.1 211.8 -27.1 1.21E-05 002.1 142.5 -52.3 0.016456 0.031752 0.027106 hargrave 2021-03-02 16:57:20 
TT 630 212.6 -29.2 212.6 -29.2 1.20E-05 004.8 142.3 -54.4 0.077023 0.062190 0.015307 hargrave 2021-03-03 10:32:59 
TT 640 221.2 -24.2 221.2 -24.2 1.36E-05 003.4 156.9 -51.7 0.061907 0.044335 0.028883 hargrave 2021-03-03 15:53:43 
TT 650 227.6 -29.7 227.6 -29.7 1.05E-05 003.6 165.1 -58.1 0.048172 0.039122 0.021472 hargrave 2021-03-04 13:23:48 
TT 660 223.9 -22.9 223.9 -22.9 9.89E-06 003.7 161.3 -50.9 0.046094 0.039342 0.020594 hargrave 2021-03-05 11:36:04 
TT 664 235.9 -29.3 235.9 -29.3 9.45E-06 004.5 178.9 -58.3 0.032085 0.062770 0.024794 hargrave 2021-03-08 13:38:00 
TT 667 219.3 -18.5 219.3 -18.5 9.37E-06 003.5 156.1 -45.8 0.045233 0.026691 0.023899 hargrave 2021-03-09 10:22:21 
TT 670 225.6 -15.3 225.6 -15.3 9.04E-06 002.3 165.2 -43.6 0.020736 0.029599 0.010211 hargrave 2021-03-09 15:21:30 
TT 672 228.8 -43.0 228.8 -43.0 8.57E-06 001.7 161.9 -71.4 0.019452 0.014362 0.005669 hargrave 2021-03-10 14:33:45 
TT 674 229.6 -27.2 229.6 -27.2 7.46E-06 001.4 168.8 -55.8 0.017012 0.010345 0.001857 hargrave 2021-03-11 14:09:19 
TT 676 229.8 -22.1 229.8 -22.1 8.58E-06 004.0 170.0 -50.8 0.035114 0.047718 0.015234 hargrave 2021-03-14 12:26:01 
TT 678 197.3 -00.7 197.3 -00.7 4.24E-06 006.5 136.7 -22.7 0.036218 0.031483 0.009589 hargrave 2021-03-14 17:12:01 
TT 680 191.3 -38.0 191.3 -38.0 4.70E-06 005.3 108.4 -53.8 0.041556 0.013179 0.006107 hargrave 2021-03-16 14:36:43 
TT 682 142.6 -54.1 142.6 -54.1 3.09E-06 002.2 053.7 -43.5 0.012507 0.001638 0.002261 hargrave 2021-03-19 12:37:25 
TT 684 275.6 -35.1 275.6 -35.1 1.32E-06 002.8 241.7 -54.2 0.004269 0.003765 0.004416 hargrave 2021-03-22 13:25:33 
TT 686 332.6  34.4 332.6  34.4 1.68E-06 001.8 256.4  32.4 0.004309 0.004845 0.002317 hargrave 2021-03-23 12:42:53 
