SC1- 74a mag compass orientation (IGRF corrected)
 92.825 165.5   5.0  61.0   7.0   1.0
NRM    238.4 060.7 226.3 059.6 3.80E-05 002.5 165.1 055.9 0.078974 0.131170 0.072490 hargrave 2021-03-23 17:20:19 
TT 100 236.5 060.3 224.7 059.0 3.81E-05 004.0 163.4 055.5 0.060093 0.253454 0.070488 hargrave 2021-03-24 13:51:10 
TT 200 234.4 058.2 223.6 056.7 3.91E-05 003.2 161.4 053.5 0.052529 0.200218 0.076439 hargrave 2021-03-25 16:19:15 
TT 300 236.9 057.0 226.5 055.8 3.93E-05 004.5 163.5 052.2 0.051055 0.297696 0.077731 hargrave 2021-03-26 12:05:44 
TT 400 240.9 056.0 230.7 055.3 3.99E-05 002.6 167.0 051.1 0.080587 0.141627 0.087191 hargrave 2021-03-26 17:57:59 
TT 450 237.9 055.4 228.0 054.4 3.95E-05 003.6 164.3 050.6 0.050756 0.233313 0.074289 hargrave 2021-03-29 13:42:04 
TT 500 238.3 054.6 228.7 053.7 3.90E-05 002.3 164.6 049.8 0.078801 0.114813 0.084411 hargrave 2021-03-30 12:17:39 
TT 525 246.9 054.7 236.9 054.9 3.84E-05 002.5 172.3 049.8 0.079835 0.141403 0.047097 hargrave 2021-03-31 09:19:45 
TT 550 237.6 053.6 228.3 052.6 3.79E-05 003.3 163.9 048.8 0.063237 0.204136 0.057364 hargrave 2021-04-01 10:53:55 
TT 560 243.2 055.2 233.2 054.8 3.73E-05 003.3 169.0 050.3 0.066408 0.196030 0.052792 hargrave 2021-04-01 18:01:04 
TT 570 241.3 054.0 231.8 053.4 3.74E-05 003.7 167.3 049.1 0.055960 0.225920 0.076686 hargrave 2021-04-02 12:16:10 
TT 580 238.2 054.7 228.5 053.8 3.67E-05 003.9 164.5 049.9 0.047469 0.242404 0.059257 hargrave 2021-04-02 17:21:11 
TT 590 235.5 053.3 226.4 052.1 3.62E-05 002.4 162.0 048.6 0.085222 0.088371 0.091227 hargrave 2021-04-05 13:17:59 
TT 600 237.5 054.7 227.9 053.7 3.48E-05 003.0 163.9 049.9 0.064930 0.150445 0.089995 hargrave 2021-04-06 11:14:50 
TT 610 240.3 054.1 230.8 053.5 3.35E-05 003.9 166.4 049.3 0.051938 0.204063 0.090772 hargrave 2021-04-07 12:34:11 
TT 620 239.7 053.7 230.3 053.0 3.28E-05 002.7 165.8 048.9 0.175310 0.074205 0.052775 hargrave 2021-04-08 20:17:51 
TT 630 235.8 054.7 226.3 053.5 3.09E-05 002.1 162.4 050.0 0.079978 0.078910 0.036839 hargrave 2021-04-16 17:04:50 
TT 640 240.0 055.5 230.0 054.8 3.16E-05 004.9 166.2 050.7 0.057732 0.266168 0.036230 hargrave 2021-04-18 19:55:59 
TT 645 236.5 054.8 226.9 053.6 3.07E-05 003.0 163.0 050.0 0.059125 0.149703 0.034330 hargrave 2021-04-19 22:07:39 
TT 650 240.6 054.4 231.0 053.7 3.00E-05 002.9 166.7 049.5 0.058261 0.139485 0.030978 hargrave 2021-04-21 08:59:04 
TT 655 231.3 055.5 221.7 053.7 2.80E-05 004.0 158.4 050.9 0.033394 0.183207 0.070623 hargrave 2021-06-11 14:29:56 
TT 660 234.6 055.2 224.9 053.8 2.59E-05 004.1 161.3 050.5 0.036699 0.174123 0.060252 hargrave 2021-06-12 10:34:15 
TT 663 240.7 054.8 231.0 054.1 2.40E-05 005.3 166.8 049.9 0.034849 0.213835 0.060773 hargrave 2021-06-12 18:01:03 
TT 667 240.1 052.7 231.0 052.1 2.08E-05 002.7 166.1 047.9 0.042798 0.073386 0.053689 hargrave 2021-06-22 14:32:35 
TT 670 239.2 051.9 230.5 051.2 1.30E-05 002.2 165.3 047.1 0.033754 0.027223 0.026344 hargrave 2021-06-23 11:50:44 
TT 672 239.0 053.2 229.9 052.4 1.35E-05 002.4 165.2 048.4 0.021641 0.035680 0.040180 hargrave 2021-06-23 16:29:06 
TT 675 241.9 052.3 232.9 051.8 1.20E-05 004.5 167.7 047.4 0.012241 0.089485 0.027954 hargrave 2021-06-24 13:13:46 
TT 677 240.0 055.5 230.0 054.8 9.07E-06 002.2 166.2 050.7 0.011971 0.027786 0.016750 hargrave 2021-06-24 17:57:55 
TT 679 235.9 059.2 224.6 057.9 6.82E-06 002.1 162.8 054.5 0.015080 0.014325 0.014493 hargrave 2021-06-25 13:28:02 
TT 680 250.0 036.5 244.8 037.3 2.25E-06 002.4 174.8 031.5 0.004450 0.009118 0.002236 hargrave 2021-06-25 17:59:27 
TT 682 202.5 064.6 192.8 059.7 1.92E-06 001.8 134.4 061.3 0.002254 0.004354 0.004176 hargrave 2021-06-26 13:05:50 
TT 684 224.4 022.8 221.8 020.7 3.08E-06 003.2 149.9 018.5 0.005224 0.012613 0.010901 hargrave 2021-06-26 17:39:04 
TT 686 251.1 051.1 242.3 051.8 8.11E-07 003.4 176.0 046.1 0.001794 0.004612 0.001100 hargrave 2021-06-27 14:06:15 
