SC1- 54a mag compass orientation (IGRF corrected)
  92.85 125.5   3.0  88.0   3.0   1.0
NRM    257.0 -43.2 259.8 -43.7 2.52E-05 002.3 223.5 -45.4 0.084586 0.066456 0.010921 hargrave 2021-02-21 14:45:50 
TT 100 251.6 -45.4 254.6 -46.2 2.53E-05 002.3 218.0 -47.8 0.088212 0.041806 0.041140 hargrave 2021-02-28 14:02:08 
TT 200 254.7 -47.3 257.9 -47.9 2.55E-05 002.5 221.4 -49.6 0.097653 0.051517 0.037873 hargrave 2021-03-01 13:07:00 
TT 300 253.9 -47.9 257.2 -48.5 2.53E-05 002.2 220.6 -50.2 0.067372 0.067322 0.036575 hargrave 2021-03-01 18:06:12 
TT 400 251.4 -47.4 254.6 -48.2 2.41E-05 003.3 217.9 -49.8 0.101725 0.088947 0.037718 hargrave 2021-03-02 14:45:47 
TT 450 250.3 -46.9 253.5 -47.7 2.36E-05 002.8 216.8 -49.3 0.070031 0.093169 0.028849 hargrave 2021-03-03 12:51:38 
TT 500 249.5 -47.7 252.7 -48.6 2.29E-05 002.5 216.0 -50.2 0.070544 0.072660 0.019961 hargrave 2021-03-04 10:40:21 
TT 525 252.3 -47.8 255.5 -48.6 2.17E-05 002.3 218.9 -50.2 0.050434 0.071899 0.023875 hargrave 2021-03-04 16:21:16 
TT 550 252.9 -48.2 256.2 -48.8 2.15E-05 002.3 219.6 -50.5 0.056148 0.067382 0.026562 hargrave 2021-03-08 10:33:45 
TT 560 253.0 -47.8 256.2 -48.4 2.14E-05 002.3 219.6 -50.1 0.050853 0.069383 0.025720 hargrave 2021-03-08 16:09:10 
TT 570 252.5 -48.3 255.8 -49.1 2.06E-05 002.0 219.2 -50.7 0.042769 0.059753 0.019465 hargrave 2021-03-09 12:47:10 
TT 580 254.1 -47.0 257.2 -47.6 2.02E-05 002.8 220.7 -49.3 0.063189 0.080741 0.017071 hargrave 2021-03-09 17:47:31 
TT 590 248.5 -48.3 251.8 -49.2 2.05E-05 002.4 215.0 -50.8 0.052812 0.072732 0.018165 hargrave 2021-03-10 17:22:08 
TT 600 251.8 -47.2 254.9 -48.0 1.96E-05 002.3 218.3 -49.6 0.050050 0.066729 0.019981 hargrave 2021-03-11 17:29:24 
TT 610 257.5 -47.2 260.7 -47.7 1.94E-05 001.9 224.3 -49.4 0.036449 0.062051 0.015371 hargrave 2021-03-14 14:54:35 
TT 620 255.2 -47.3 258.4 -47.9 1.91E-05 002.6 221.9 -49.6 0.054624 0.070815 0.021262 hargrave 2021-03-16 11:49:24 
TT 630 254.1 -47.7 257.4 -48.3 1.87E-05 001.6 220.8 -50.0 0.032790 0.044763 0.017673 hargrave 2021-03-16 17:35:48 
TT 640 252.4 -45.5 255.4 -46.3 1.75E-05 002.8 218.9 -47.9 0.051654 0.075054 0.017995 hargrave 2021-03-19 15:46:54 
TT 650 252.2 -45.5 255.2 -46.3 1.43E-05 002.8 218.6 -47.9 0.038100 0.060948 0.037716 hargrave 2021-03-22 16:48:37 
TT 660 261.5 -48.5 264.9 -48.7 1.18E-05 002.6 228.6 -50.5 0.035393 0.047023 0.004612 hargrave 2021-03-23 15:15:30 
TT 664 251.4 -50.9 255.0 -51.7 8.57E-06 001.8 218.2 -53.3 0.019025 0.017882 0.022697 hargrave 2021-03-24 11:17:36 
TT 667 248.5 -47.2 251.6 -48.1 7.86E-06 001.9 214.9 -49.7 0.016682 0.015421 0.022093 hargrave 2021-03-24 16:17:52 
TT 670 261.5 -53.9 265.7 -54.1 4.41E-06 003.0 229.2 -55.9 0.015541 0.014055 0.019069 hargrave 2021-03-25 18:38:38 
TT 672 247.8 -57.7 252.4 -58.6 3.81E-06 000.8 215.1 -60.2 0.004795 0.003519 0.001236 hargrave 2021-03-26 14:44:36 
TT 674 245.3 -46.7 248.3 -47.8 3.78E-06 001.1 211.5 -49.3 0.006492 0.004789 0.002189 hargrave 2021-03-29 10:52:26 
TT 676 249.4 -28.3 251.0 -29.2 1.21E-06 002.0 214.9 -30.8 0.003637 0.002209 0.002300 hargrave 2021-03-29 17:42:50 
TT 678 229.5 -08.0 229.8 -09.9 1.18E-06 018.4 194.1 -10.9 0.002623 0.006991 0.041413 hargrave 2021-03-30 15:02:07 
TT 678 226.3 019.3 225.5 017.3 1.21E-06 010.3 190.6 016.4 0.002473 0.002239 0.023581 hargrave 2021-03-30 16:09:14 
TT 678 226.1 011.2 225.7 009.2 1.17E-06 004.6 190.5 008.3 0.003353 0.008460 0.003357 hargrave 2021-03-30 17:30:31 
TT 679 291.6 -42.0 294.0 -40.8 6.65E-07 014.5 258.8 -42.7 0.004311 0.001250 0.023554 hargrave 2021-03-31 13:36:55 
TT 679 294.5 -28.2 295.9 -26.8 5.67E-07 005.3 260.6 -28.7 0.004157 0.002260 0.003943 hargrave 2021-03-31 15:07:03 
TT 681 294.3 005.9 294.0 007.2 4.02E-07 005.8 258.5 005.3 0.003596 0.002774 0.000572 hargrave 2021-04-01 13:46:20 
