SC1- 67a mag compass orientation (IGRF corrected)
 92.525 211.5   4.0  30.0   4.0   1.0
NRM    257.2 -33.2 258.8 -30.2 4.29E-05 002.7 133.7 -36.0 0.169620 0.113379 0.036097 hargrave 2021-03-23 17:09:37 
TT 100 254.2 -35.3 256.1 -32.5 4.28E-05 002.6 130.5 -38.0 0.157622 0.103942 0.044561 hargrave 2021-03-24 13:39:54 
TT 200 253.0 -38.0 255.1 -35.2 4.38E-05 002.3 129.0 -40.6 0.153571 0.087720 0.031868 hargrave 2021-03-25 16:08:59 
TT 300 252.1 -38.5 254.3 -35.7 4.34E-05 001.6 128.0 -41.0 0.108887 0.047959 0.030285 hargrave 2021-03-26 11:53:47 
TT 400 255.3 -38.4 257.3 -35.5 4.25E-05 001.9 131.3 -41.1 0.116059 0.060094 0.058116 hargrave 2021-03-26 17:46:03 
TT 450 254.1 -39.5 256.3 -36.6 4.26E-05 003.1 130.0 -42.1 0.205681 0.108538 0.038865 hargrave 2021-03-29 13:29:50 
TT 500 256.8 -38.6 258.8 -35.6 4.18E-05 001.0 132.9 -41.4 0.053540 0.056555 0.028669 hargrave 2021-03-30 12:07:46 
TT 525 253.5 -38.3 255.6 -35.5 4.19E-05 003.9 129.5 -40.9 0.169175 0.256699 0.022054 hargrave 2021-03-31 09:08:41 
TT 550 254.0 -38.9 256.2 -36.0 3.98E-05 002.9 130.0 -41.5 0.174732 0.099578 0.045106 hargrave 2021-04-01 10:44:02 
TT 560 253.2 -38.6 255.4 -35.8 3.94E-05 002.9 129.2 -41.2 0.167695 0.103556 0.029654 hargrave 2021-04-01 17:49:57 
TT 570 252.3 -39.5 254.5 -36.7 3.75E-05 001.5 128.1 -42.0 0.060936 0.072304 0.026060 hargrave 2021-04-02 12:05:50 
TT 580 253.1 -39.2 255.3 -36.4 3.82E-05 001.3 129.0 -41.8 0.068879 0.052356 0.036877 hargrave 2021-04-02 17:10:02 
TT 590 254.5 -39.6 256.7 -36.8 3.67E-05 002.1 130.4 -42.3 0.113232 0.045147 0.065881 hargrave 2021-04-05 13:07:15 
TT 600 251.0 -39.8 253.4 -37.1 3.57E-05 002.4 126.8 -42.3 0.125120 0.074444 0.038182 hargrave 2021-04-06 11:04:44 
TT 610 250.7 -42.1 253.2 -39.4 3.42E-05 003.2 126.2 -44.5 0.157746 0.108316 0.033702 hargrave 2021-04-07 12:23:55 
TT 620 250.8 -41.4 253.3 -38.8 3.41E-05 001.1 126.4 -43.9 0.051750 0.050719 0.013765 hargrave 2021-04-08 20:07:33 
TT 630 251.6 -39.7 253.9 -37.0 3.41E-05 002.2 127.4 -42.2 0.105664 0.079155 0.026971 hargrave 2021-04-16 16:56:15 
TT 640 252.0 -40.2 254.4 -37.4 3.27E-05 001.8 127.8 -42.7 0.080958 0.067343 0.021596 hargrave 2021-04-18 19:45:35 
TT 645 256.2 -40.5 258.4 -37.5 3.13E-05 003.5 132.1 -43.2 0.152343 0.110731 0.030844 hargrave 2021-04-19 21:51:28 
TT 650 260.1 -40.9 262.1 -37.7 2.96E-05 001.8 136.1 -43.8 0.056823 0.074567 0.032584 hargrave 2021-04-21 08:49:12 
TT 655 253.5 -40.0 255.7 -37.2 2.72E-05 002.7 129.3 -42.6 0.107420 0.075937 0.017151 hargrave 2021-06-11 14:18:23 
TT 660 253.4 -37.7 255.5 -34.9 2.49E-05 004.4 129.4 -40.3 0.158879 0.112771 0.014385 hargrave 2021-06-12 10:24:23 
TT 663 256.5 -39.9 258.7 -37.0 2.33E-05 004.2 132.5 -42.7 0.136775 0.103803 0.016656 hargrave 2021-06-12 17:51:12 
TT 667 252.5 -39.5 254.7 -36.8 2.03E-05 001.6 128.3 -42.1 0.057022 0.016559 0.013388 hargrave 2021-06-22 14:24:35 
TT 670 255.7 -37.7 257.7 -34.8 1.50E-05 002.7 131.8 -40.4 0.056715 0.044057 0.013032 hargrave 2021-06-23 11:42:37 
TT 672 251.3 -39.4 253.6 -36.7 1.09E-05 002.8 127.1 -41.9 0.046840 0.026183 0.015026 hargrave 2021-06-23 16:21:06 
TT 675 257.8 -41.9 260.0 -38.9 8.08E-06 003.1 133.6 -44.7 0.036575 0.024288 0.007797 hargrave 2021-06-24 13:05:48 
TT 677 261.8 -43.7 264.0 -40.5 5.28E-06 001.0 137.7 -46.7 0.006386 0.004738 0.005398 hargrave 2021-06-24 17:49:53 
TT 679 258.5 -47.4 261.2 -44.3 1.63E-06 003.5 133.8 -50.2 0.007620 0.006549 0.001454 hargrave 2021-06-25 13:19:59 
TT 680 317.4 -25.2 316.9 -21.3 2.38E-06 001.9 196.5 -29.0 0.003183 0.004869 0.005956 hargrave 2021-06-25 17:51:25 
TT 682 341.8 -34.3 340.1 -31.3 1.73E-06 005.5 222.2 -37.3 0.009366 0.013722 0.002321 hargrave 2021-06-26 12:57:44 
TT 684 114.0 -20.4 113.9 -24.3 8.66E-07 004.9 352.7 -16.4 0.002067 0.007101 0.001544 hargrave 2021-06-26 17:31:02 
TT 686 286.1 -24.7 286.5 -20.9 1.43E-06 004.6 164.1 -28.6 0.002674 0.009701 0.007780 hargrave 2021-06-27 13:58:12 
