SC1- 57a mag compass orientation (IGRF corrected)
   30.3   2.6  30.0   0.0   0.0   1.0
NRM    216.1  45.3 216.1  45.3 5.15E-05 002.4 268.1  54.1 0.215941 0.040784 0.031656 hargrave 2021-03-23 16:50:57 
TT 100 216.7  41.1 216.7  41.1 4.94E-05 002.8 273.4  51.3 0.242700 0.021370 0.018820 hargrave 2021-03-24 13:21:19 
TT 200 218.6  34.9 218.6  34.9 4.85E-05 004.9 281.2  47.4 0.411210 0.062514 0.021984 hargrave 2021-03-25 15:50:40 
TT 300 220.2  30.5 220.2  30.5 5.07E-05 003.9 286.4  44.6 0.335430 0.084168 0.019914 hargrave 2021-03-26 11:36:19 
TT 400 226.3  23.0 226.3  23.0 5.24E-05 003.7 298.1  41.0 0.329608 0.103209 0.040277 hargrave 2021-03-26 17:28:38 
TT 450 226.1  22.5 226.1  22.5 5.23E-05 006.6 298.3  40.5 0.552285 0.248368 0.035318 hargrave 2021-03-29 15:06:54 
TT 500 230.0  18.9 230.0  18.9 5.36E-05 002.1 304.6  39.0 0.189511 0.067588 0.024999 hargrave 2021-03-30 11:50:03 
TT 525 231.2  18.1 231.2  18.1 5.22E-05 003.6 306.3  38.8 0.280392 0.170271 0.039489 hargrave 2021-03-31 08:50:26 
TT 550 231.8  20.3 231.8  20.3 5.06E-05 002.8 305.8  41.0 0.221774 0.117221 0.026725 hargrave 2021-04-01 10:26:17 
TT 560 231.3  18.0 231.3  18.0 5.13E-05 004.4 306.5  38.6 0.326269 0.219859 0.029711 hargrave 2021-04-01 17:31:35 
TT 570 231.6  16.1 231.6  16.1 4.89E-05 002.7 307.8  37.1 0.200301 0.120675 0.032393 hargrave 2021-04-02 11:49:04 
TT 580 231.3  18.7 231.3  18.7 2.55E-05 027.3 306.1  39.3 1.243578 1.702508 1.694353 hargrave 2021-04-02 16:53:16 
TT 580 231.2  18.1 231.2  18.1 5.14E-05 001.6 306.3  38.7 0.129923 0.041981 0.040920 hargrave 2021-04-02 18:08:15 
TT 590 233.0  18.5 233.0  18.5 5.19E-05 003.6 308.1  39.8 0.299205 0.132069 0.047814 hargrave 2021-04-05 12:49:27 
TT 600 229.2  18.3 229.2  18.3 5.19E-05 001.4 304.0  38.1 0.116976 0.023736 0.052808 hargrave 2021-04-06 10:47:52 
TT 610 227.6  22.6 227.6  22.6 2.36E-05 031.6 299.7  41.3 0.941734 1.649081 1.663991 hargrave 2021-04-07 12:05:40 
TT 610 272.7 -29.9 272.7 -29.9 1.82E-05 067.9 000.0  00.1 0.019739 3.244976 3.327651 hargrave 2021-04-07 14:08:49 
TT 620 235.4  16.5 235.4  16.5 4.49E-05 001.7 311.9  38.9 0.077808 0.104443 0.020300 hargrave 2021-04-08 19:49:12 
TT 630 239.4  11.5 239.4  11.5 4.40E-05 002.8 318.7  35.6 0.143347 0.185825 0.020509 hargrave 2021-04-16 16:41:53 
TT 640 238.7  14.6 238.7  14.6 3.86E-05 001.3 316.6  38.3 0.077924 0.052792 0.015654 hargrave 2021-04-18 19:28:33 
TT 645 244.6  18.7 244.6  18.7 3.90E-05 001.3 321.8  44.1 0.071754 0.053181 0.014256 hargrave 2021-04-19 21:36:26 
TT 650 241.6  19.8 241.6  19.8 3.60E-05 005.8 317.6  44.1 0.259036 0.262867 0.021738 hargrave 2021-04-21 08:30:32 
TT 655 243.9  12.1 243.9  12.1 3.24E-05 004.3 323.6  37.6 0.160041 0.183792 0.032046 hargrave 2021-06-11 14:00:23 
TT 660 245.1  15.1 245.1  15.1 3.40E-05 005.8 323.9  40.8 0.217704 0.271966 0.025362 hargrave 2021-06-12 10:05:50 
TT 663 247.2  10.3 247.2  10.3 3.09E-05 002.8 328.2  36.8 0.096995 0.113283 0.038337 hargrave 2021-06-12 17:33:28 
TT 667 252.0  16.1 252.0  16.1 2.67E-05 001.7 332.2  43.7 0.056085 0.061560 0.025599 hargrave 2021-06-22 14:10:55 
TT 670 248.2  16.1 248.2  16.1 2.45E-05 004.0 327.4  42.7 0.105831 0.137457 0.018194 hargrave 2021-06-23 11:26:39 
TT 672 258.0  11.9 258.0  11.9 1.98E-05 001.5 341.0  40.7 0.021973 0.031344 0.042525 hargrave 2021-06-23 16:05:12 
TT 675 247.4  07.5 247.4  07.5 1.44E-05 001.5 329.3  34.2 0.029260 0.026838 0.009697 hargrave 2021-06-24 12:50:35 
TT 677 262.4  13.9 262.4  13.9 1.89E-05 001.8 346.3  43.3 0.024374 0.052466 0.021540 hargrave 2021-06-24 17:35:08 
TT 679 266.0  04.8 266.0  04.8 1.29E-05 002.1 352.0  34.6 0.020786 0.039364 0.016832 hargrave 2021-06-25 13:06:03 
TT 680 269.6  42.7 269.6  42.7 6.54E-06 001.0 352.7  72.6 0.010351 0.005423 0.003691 hargrave 2021-06-25 17:37:43 
TT 682 225.7  44.2 225.7  44.2 1.37E-05 003.0 278.1  58.1 0.071562 0.008962 0.005875 hargrave 2021-06-26 12:44:37 
TT 684 259.5  56.4 259.5  56.4 5.25E-06 001.9 291.6  82.2 0.016571 0.003657 0.002593 hargrave 2021-06-26 17:17:48 
TT 686 226.9  11.2 226.9  11.2 5.20E-06 003.7 305.2  30.7 0.026241 0.021353 0.004886 hargrave 2021-06-27 13:44:22 
