SC1- 6a mag compass orientation (IGRF corrected)
   25.9  23.5  20.0  74.0  93.0   1.0
NRM    196.2 019.1 224.5 -54.7 3.48E-05 001.4 256.5 015.4 0.062665 0.063891 0.053722 hargrave 2021-02-21 13:21:04 
TT 100 196.5 012.9 235.1 -56.4 3.23E-05 001.3 259.0 009.7 0.053246 0.060270 0.049500 hargrave 2021-02-22 14:12:09 
TT 200 197.3 003.7 251.8 -56.8 2.88E-05 001.7 262.9 001.4 0.068807 0.053515 0.054695 hargrave 2021-02-23 08:59:30 
TT 300 204.6 -01.1 259.2 -49.2 2.71E-05 004.3 271.4 -00.7 0.197642 0.172906 0.057790 hargrave 2021-02-23 13:40:31 
TT 400 208.9 -02.5 260.5 -44.8 2.47E-05 005.4 275.9 -00.5 0.229999 0.058592 0.039118 hargrave 2021-02-24 10:22:10 
TT 450 218.5 -05.7 263.1 -34.9 2.51E-05 002.8 286.0 -00.3 0.107278 0.065825 0.053568 hargrave 2021-02-24 15:20:13 
TT 500 219.6 -04.2 261.1 -34.0 2.51E-05 004.5 286.5 001.5 0.189503 0.063368 0.056288 hargrave 2021-02-25 11:58:33 
TT 525 221.4 -04.8 261.6 -32.1 2.49E-05 002.4 288.5 001.5 0.091136 0.076114 0.050746 hargrave 2021-02-25 17:10:30 
TT 550 224.1 -05.1 261.6 -29.4 2.57E-05 004.3 291.1 002.1 0.168755 0.095471 0.053225 hargrave 2021-02-26 10:14:30 
TT 560 222.6 -05.3 262.0 -30.9 2.47E-05 001.3 289.7 001.4 0.021346 0.047809 0.045680 hargrave 2021-02-26 15:26:50 
TT 570 224.0 -06.1 262.7 -29.4 2.49E-05 005.3 291.3 001.1 0.206042 0.109506 0.047717 hargrave 2021-02-27 10:47:14 
TT 580 222.8 -04.4 261.0 -30.7 2.37E-05 003.1 289.7 002.3 0.119842 0.062392 0.031755 hargrave 2021-02-28 11:29:42 
TT 590 225.0 -05.7 262.1 -28.5 2.41E-05 003.1 292.1 001.8 0.119645 0.066646 0.028247 hargrave 2021-03-01 10:08:58 
TT 600 231.5 -04.9 260.5 -22.1 2.27E-05 002.4 298.0 004.6 0.078335 0.081775 0.033212 hargrave 2021-03-01 15:09:09 
TT 610 236.4 002.4 252.4 -17.7 2.04E-05 002.7 300.6 013.0 0.071900 0.065116 0.025609 hargrave 2021-03-02 10:42:00 
TT 620 236.1 002.6 252.2 -18.0 1.80E-05 003.5 300.2 013.1 0.092290 0.060917 0.020797 hargrave 2021-03-02 16:45:17 
TT 630 232.8 001.9 253.2 -21.3 1.72E-05 001.4 297.2 011.4 0.019209 0.044747 0.017662 hargrave 2021-03-03 10:18:36 
TT 640 236.7 006.3 248.4 -17.5 1.44E-05 001.8 299.7 016.8 0.021938 0.048920 0.016804 hargrave 2021-03-03 15:39:15 
TT 650 244.9 -05.4 259.9 -08.7 1.79E-05 001.3 311.1 007.9 0.048205 0.042310 0.018888 hargrave 2021-03-04 13:08:38 
TT 660 233.9 003.1 251.8 -20.2 1.09E-05 001.7 297.9 012.9 0.035795 0.036476 0.012594 hargrave 2021-03-05 11:19:57 
TT 664 235.0 -02.4 257.6 -18.8 1.54E-05 004.3 300.7 008.0 0.110381 0.060524 0.014474 hargrave 2021-03-08 13:22:50 
TT 667 238.8 -02.3 257.2 -15.0 1.28E-05 001.6 304.3 009.2 0.035181 0.043745 0.013598 hargrave 2021-03-09 10:07:56 
TT 670 223.7 001.9 253.5 -30.4 1.33E-05 001.3 288.4 008.6 0.030670 0.042975 0.011076 hargrave 2021-03-09 15:06:42 
TT 672 219.3 -15.7 274.7 -32.2 1.04E-05 002.1 290.1 -09.5 0.038030 0.038068 0.010687 hargrave 2021-03-10 14:17:17 
TT 674 253.9 -00.7 254.7 -00.1 1.08E-05 002.6 318.8 014.6 0.049111 0.042774 0.018826 hargrave 2021-03-11 13:54:24 
TT 676 222.6 015.8 237.4 -31.0 9.77E-06 002.0 282.6 021.3 0.033062 0.035252 0.006705 hargrave 2021-03-14 12:10:50 
TT 678 257.8 003.9 249.9 003.5 7.00E-06 003.2 321.7 019.9 0.032454 0.038076 0.006257 hargrave 2021-03-14 16:57:35 
TT 680 206.0 -00.1 257.4 -47.9 6.04E-06 003.1 272.4 000.8 0.032551 0.046220 0.004878 hargrave 2021-03-16 14:22:31 
TT 682 246.3 004.5 249.8 -07.9 1.06E-05 002.2 309.8 017.8 0.035293 0.032505 0.012624 hargrave 2021-03-19 12:25:53 
TT 684 230.9 -05.3 261.0 -22.7 5.62E-06 002.6 297.6 004.0 0.022935 0.016744 0.005671 hargrave 2021-03-22 13:13:34 
TT 686 219.3 -26.8 287.0 -28.9 1.92E-06 004.7 294.0 -19.9 0.013848 0.006719 0.003435 hargrave 2021-03-23 12:27:52 
