SC1- 69a mag compass orientation (IGRF corrected)
 92.715 116.6   8.0   0.0   0.0   1.0
NRM    262.9 -50.5 262.9 -50.5 8.90E-05 001.0 245.4 -54.4 0.110741 0.112643 0.037639 hargrave 2021-03-23 17:12:31 
TT 100 263.4 -52.3 263.4 -52.3 8.95E-05 001.4 246.6 -56.1 0.179948 0.128025 0.026163 hargrave 2021-03-24 13:43:30 
TT 200 265.0 -54.1 265.0 -54.1 9.09E-05 002.6 249.1 -57.7 0.366929 0.184250 0.030301 hargrave 2021-03-25 16:11:41 
TT 300 259.7 -53.6 259.7 -53.6 9.16E-05 000.6 243.1 -57.8 0.075430 0.071537 0.025871 hargrave 2021-03-26 11:57:20 
TT 400 262.6 -53.6 262.6 -53.6 8.98E-05 002.4 246.3 -57.5 0.333608 0.175878 0.029758 hargrave 2021-03-26 17:49:36 
TT 450 264.8 -53.8 264.8 -53.8 8.87E-05 000.7 248.7 -57.4 0.095656 0.046444 0.026008 hargrave 2021-03-29 13:33:29 
TT 500 265.2 -53.5 265.2 -53.5 8.63E-05 003.4 249.0 -57.1 0.460939 0.223703 0.033204 hargrave 2021-03-30 12:10:39 
TT 525 265.6 -53.7 265.6 -53.7 8.45E-05 000.8 249.5 -57.2 0.092725 0.072768 0.039193 hargrave 2021-03-31 09:11:23 
TT 550 260.2 -53.6 260.2 -53.6 8.23E-05 000.7 243.7 -57.8 0.077044 0.052619 0.033230 hargrave 2021-04-01 10:46:56 
TT 560 266.5 -53.9 266.5 -53.9 8.04E-05 000.9 250.5 -57.3 0.087909 0.073178 0.044812 hargrave 2021-04-01 17:53:30 
TT 570 266.6 -53.9 266.6 -53.9 7.83E-05 001.4 250.7 -57.3 0.159440 0.108877 0.026616 hargrave 2021-04-02 12:08:34 
TT 580 264.2 -53.9 264.2 -53.9 7.79E-05 000.9 248.1 -57.6 0.087025 0.083375 0.035162 hargrave 2021-04-02 17:12:45 
TT 590 265.9 -53.9 265.9 -53.9 7.57E-05 002.4 249.9 -57.4 0.279553 0.156200 0.027269 hargrave 2021-04-05 13:10:09 
TT 600 263.4 -53.7 263.4 -53.7 7.23E-05 001.3 247.1 -57.5 0.129027 0.105738 0.020978 hargrave 2021-04-06 11:07:35 
TT 610 262.9 -53.4 262.9 -53.4 7.09E-05 002.1 246.4 -57.2 0.220809 0.145362 0.020740 hargrave 2021-04-07 12:26:38 
TT 620 265.4 -53.3 265.4 -53.3 6.89E-05 001.0 249.1 -56.8 0.081112 0.086241 0.021401 hargrave 2021-04-08 20:10:16 
TT 630 266.2 -53.3 266.2 -53.3 6.83E-05 000.7 250.0 -56.7 0.056086 0.052605 0.045786 hargrave 2021-04-16 16:58:43 
TT 640 268.5 -52.6 268.5 -52.6 6.64E-05 002.0 252.1 -55.8 0.188439 0.127742 0.046261 hargrave 2021-04-18 19:48:31 
TT 645 266.9 -52.5 266.9 -52.5 6.36E-05 001.3 250.4 -55.8 0.117656 0.074954 0.051215 hargrave 2021-04-19 21:54:01 
TT 650 266.9 -52.9 266.9 -52.9 5.96E-05 001.0 250.6 -56.2 0.089363 0.049734 0.029461 hargrave 2021-04-21 08:52:06 
TT 655 261.4 -51.5 261.4 -51.5 5.49E-05 000.6 244.1 -55.5 0.039048 0.046608 0.016815 hargrave 2021-06-11 14:22:50 
TT 660 264.0 -52.4 264.0 -52.4 4.85E-05 001.4 247.3 -56.1 0.114401 0.044341 0.016916 hargrave 2021-06-12 10:27:16 
TT 663 263.8 -53.3 263.8 -53.3 4.48E-05 001.0 247.5 -57.1 0.063190 0.053550 0.014490 hargrave 2021-06-12 17:54:05 
