SC1- 68a mag compass orientation (IGRF corrected)
 92.715 260.6  10.0   0.0   0.0   1.0
NRM    246.1 -38.8 246.1 -38.8 4.64E-05 006.7 068.3 -35.7 0.516866 0.174563 0.037375 hargrave 2021-03-23 17:11:05 
TT 100 244.8 -39.3 244.8 -39.3 4.60E-05 001.2 066.9 -36.0 0.040575 0.080270 0.052756 hargrave 2021-03-24 13:41:18 
TT 200 245.1 -40.4 245.1 -40.4 4.69E-05 003.7 066.9 -37.1 0.282404 0.104752 0.033929 hargrave 2021-03-25 16:10:21 
TT 300 246.4 -39.8 246.4 -39.8 4.71E-05 001.2 068.3 -36.7 0.085389 0.062934 0.031927 hargrave 2021-03-26 11:55:09 
TT 400 243.2 -39.5 243.2 -39.5 4.63E-05 001.6 065.4 -35.9 0.113104 0.063289 0.045209 hargrave 2021-03-26 17:47:26 
TT 450 244.7 -39.7 244.7 -39.7 4.59E-05 003.0 066.7 -36.4 0.227717 0.090649 0.029047 hargrave 2021-03-29 13:31:15 
TT 500 243.7 -39.4 243.7 -39.4 4.38E-05 004.6 065.9 -35.8 0.327574 0.142883 0.025330 hargrave 2021-03-30 12:09:14 
TT 525 243.6 -39.5 243.6 -39.5 4.31E-05 002.7 065.8 -36.0 0.178804 0.085445 0.053669 hargrave 2021-03-31 09:10:02 
TT 550 242.0 -39.2 242.0 -39.2 4.27E-05 003.0 064.3 -35.4 0.196500 0.092097 0.062574 hargrave 2021-04-01 10:45:31 
TT 560 246.9 -38.7 246.9 -38.7 4.18E-05 003.0 069.1 -35.7 0.200437 0.078742 0.055175 hargrave 2021-04-01 17:51:20 
TT 570 245.0 -38.5 245.0 -38.5 4.07E-05 001.7 067.3 -35.3 0.109605 0.065701 0.028431 hargrave 2021-04-02 12:07:13 
TT 580 241.1 -39.5 241.1 -39.5 3.96E-05 003.9 063.4 -35.5 0.245211 0.119551 0.042526 hargrave 2021-04-02 17:11:25 
TT 590 246.0 -38.8 246.0 -38.8 3.84E-05 002.3 068.1 -35.7 0.138472 0.074095 0.025880 hargrave 2021-04-05 13:08:44 
TT 600 244.2 -38.6 244.2 -38.6 3.70E-05 002.6 066.5 -35.2 0.154358 0.076546 0.027339 hargrave 2021-04-06 11:06:11 
TT 610 243.9 -39.3 243.9 -39.3 3.58E-05 001.8 066.1 -35.8 0.090695 0.069685 0.025951 hargrave 2021-04-07 12:25:17 
TT 620 245.4 -39.0 245.4 -39.0 3.47E-05 001.7 067.5 -35.7 0.077708 0.071580 0.045434 hargrave 2021-04-08 20:08:55 
TT 630 247.7 -38.4 247.7 -38.4 3.41E-05 003.7 069.9 -35.5 0.188381 0.120142 0.043061 hargrave 2021-04-16 16:57:28 
TT 640 246.9 -38.9 246.9 -38.9 3.29E-05 004.4 069.0 -35.9 0.231177 0.089356 0.056324 hargrave 2021-04-18 19:47:01 
TT 645 247.7 -37.4 247.7 -37.4 3.18E-05 003.9 070.1 -34.6 0.176727 0.174525 0.038418 hargrave 2021-04-19 21:52:44 
TT 650 242.7 -38.3 242.7 -38.3 2.97E-05 002.1 065.2 -34.7 0.089037 0.061851 0.044619 hargrave 2021-04-21 08:50:40 
TT 655 246.1 -37.9 246.1 -37.9 2.78E-05 004.6 068.5 -34.8 0.210980 0.079576 0.022522 hargrave 2021-06-11 14:19:52 
TT 660 246.6 -37.7 246.6 -37.7 2.65E-05 002.6 069.0 -34.7 0.112130 0.055664 0.021576 hargrave 2021-06-12 10:25:51 
TT 663 247.4 -36.6 247.4 -36.6 2.49E-05 004.7 070.0 -33.8 0.196192 0.068622 0.021502 hargrave 2021-06-12 17:52:40 
TT 667 248.5 -36.8 248.5 -36.8 2.10E-05 002.0 071.0 -34.1 0.067135 0.033387 0.017009 hargrave 2021-06-22 14:25:45 
TT 670 248.9 -36.5 248.9 -36.5 1.60E-05 003.9 071.5 -33.9 0.103023 0.034032 0.012851 hargrave 2021-06-23 11:43:49 
TT 672 241.5 -32.7 241.5 -32.7 1.28E-05 003.5 065.4 -29.0 0.069388 0.036766 0.015659 hargrave 2021-06-23 16:22:21 
TT 675 251.9 -47.3 251.9 -47.3 8.36E-06 002.9 071.1 -44.9 0.040105 0.011640 0.004691 hargrave 2021-06-24 13:06:59 
TT 677 258.5 -32.4 258.5 -32.4 4.89E-06 002.0 081.7 -31.5 0.016591 0.003701 0.003127 hargrave 2021-06-24 17:51:04 
TT 679 241.6 -18.9 241.6 -18.9 3.65E-06 002.0 068.1 -15.3 0.011062 0.006333 0.003640 hargrave 2021-06-25 13:21:10 
TT 680 248.6 -45.0 248.6 -45.0 1.93E-06 004.0 068.8 -42.1 0.013469 0.002530 0.001048 hargrave 2021-06-25 17:52:37 
TT 682 066.0 -77.7 066.0 -77.7 1.14E-06 000.6 299.7 -76.3 0.000995 0.000863 0.000996 hargrave 2021-06-26 12:58:55 
TT 684 142.9  33.8 142.9  33.8 1.31E-06 002.4 328.4  42.5 0.004323 0.002305 0.003299 hargrave 2021-06-26 17:32:17 
TT 686 054.0 -13.0 054.0 -13.0 6.51E-07 005.4 245.9 -17.2 0.004257 0.004598 0.002061 hargrave 2021-06-27 13:59:27 
