SC1- 22a mag compass orientation (IGRF corrected)
 55.715 186.5  36.0  64.0  81.0   1.0
NRM    132.3 -39.4 003.1 -54.0 1.37E-05 001.9 027.2 -08.3 0.031673 0.033446 0.024958 hargrave 2021-02-21 13:48:12 
TT 100 142.3 -45.0 347.7 -52.6 1.56E-05 001.8 031.9 -16.4 0.040572 0.037731 0.017653 hargrave 2021-02-22 14:39:28 
TT 200 164.4 -47.2 322.8 -50.8 2.10E-05 001.8 044.6 -26.3 0.047225 0.044151 0.025014 hargrave 2021-02-23 10:04:19 
TT 300 179.8 -43.9 305.7 -48.5 2.52E-05 002.0 056.4 -30.8 0.063989 0.068092 0.014314 hargrave 2021-02-23 14:03:58 
TT 400 186.3 -42.5 299.3 -46.2 2.90E-05 001.8 061.6 -33.0 0.061271 0.092442 0.011656 hargrave 2021-02-24 10:44:06 
TT 450 191.4 -42.5 296.1 -43.2 3.02E-05 002.0 064.8 -35.7 0.086719 0.086698 0.009313 hargrave 2021-02-24 15:42:29 
TT 500 197.9 -41.9 292.2 -39.4 3.10E-05 002.7 069.4 -38.8 0.117784 0.108345 0.019104 hargrave 2021-02-25 12:20:13 
TT 525 193.6 -42.1 294.5 -42.0 3.11E-05 001.7 066.5 -36.6 0.081376 0.063771 0.013056 hargrave 2021-02-25 17:34:36 
TT 550 195.2 -43.5 295.2 -40.3 3.12E-05 001.0 066.2 -38.4 0.037963 0.045454 0.016016 hargrave 2021-02-26 10:40:48 
TT 560 199.8 -43.8 293.4 -37.3 3.03E-05 001.1 068.8 -41.1 0.045505 0.045513 0.020307 hargrave 2021-02-26 15:53:10 
TT 570 197.5 -43.9 294.5 -38.7 3.03E-05 001.1 067.3 -39.9 0.050719 0.037126 0.011828 hargrave 2021-02-27 11:13:32 
TT 580 204.4 -39.3 286.6 -35.9 3.02E-05 001.0 076.3 -40.7 0.042750 0.039840 0.013884 hargrave 2021-02-28 11:56:08 
TT 590 202.7 -42.1 290.4 -36.1 2.95E-05 004.9 072.4 -41.6 0.054773 0.033570 0.389289 hargrave 2021-03-01 10:35:13 
TT 600 198.4 -42.3 292.3 -38.9 2.77E-05 002.4 069.4 -39.3 0.110099 0.043473 0.017718 hargrave 2021-03-01 15:35:46 
TT 610 201.5 -43.1 292.1 -36.5 2.64E-05 002.5 070.5 -41.6 0.110480 0.025917 0.027347 hargrave 2021-03-02 11:03:20 
TT 620 197.2 -38.9 289.0 -41.2 2.28E-05 002.6 071.7 -36.4 0.101051 0.032631 0.010152 hargrave 2021-03-02 17:07:15 
TT 630 204.2 -37.9 285.0 -36.5 2.18E-05 003.0 077.5 -39.6 0.113633 0.026042 0.009350 hargrave 2021-03-03 10:44:49 
TT 640 202.9 -42.5 290.8 -35.7 2.22E-05 004.1 072.1 -42.0 0.153038 0.045068 0.010355 hargrave 2021-03-03 16:05:37 
TT 650 210.7 -34.4 279.3 -32.4 1.90E-05 002.2 085.5 -41.0 0.071352 0.019695 0.007747 hargrave 2021-03-04 13:35:37 
TT 660 198.0 -35.6 284.5 -41.9 1.87E-05 002.9 075.2 -34.5 0.094600 0.023806 0.007689 hargrave 2021-03-05 11:49:35 
TT 664 203.9 -42.7 290.7 -35.0 1.81E-05 000.9 072.5 -42.7 0.026381 0.019351 0.007441 hargrave 2021-03-08 13:51:23 
TT 667 205.1 -42.3 289.8 -34.3 1.70E-05 002.4 073.7 -43.1 0.067436 0.022813 0.007165 hargrave 2021-03-09 10:34:13 
TT 670 203.4 -41.5 289.5 -35.8 1.81E-05 001.0 073.4 -41.6 0.026307 0.020127 0.008687 hargrave 2021-03-09 15:33:20 
TT 672 199.9 -35.6 283.8 -40.5 1.30E-05 001.1 076.5 -35.6 0.022942 0.015731 0.006695 hargrave 2021-03-10 14:45:34 
TT 674 205.4 -48.8 296.8 -31.6 9.84E-06 003.0 066.6 -47.2 0.050101 0.014523 0.005745 hargrave 2021-03-11 14:21:09 
TT 676 250.2 -61.7 305.7 -05.0 4.84E-06 001.4 050.5 -74.2 0.011787 0.003178 0.001659 hargrave 2021-03-14 12:37:51 
TT 678 200.2 -53.2 303.2 -32.3 3.74E-06 003.1 058.6 -47.0 0.020935 0.005515 0.003440 hargrave 2021-03-14 17:23:52 
TT 680 217.8 -43.6 288.2 -25.1 3.77E-06 001.0 080.7 -51.2 0.004962 0.005630 0.003097 hargrave 2021-03-16 14:48:36 
TT 682 249.4 -82.3 326.2 -08.2 4.11E-06 001.5 007.2 -60.7 0.009456 0.005781 0.003982 hargrave 2021-03-19 12:48:04 
TT 684 354.8 -27.6 002.2 048.2 2.85E-06 000.8 278.3 -28.7 0.003741 0.003790 0.001956 hargrave 2021-03-22 13:35:24 
TT 686 249.6 -08.0 252.8 004.2 2.00E-06 001.6 144.7 -39.2 0.004015 0.004681 0.002889 hargrave 2021-03-23 12:54:47 
