SC1- 51a mag compass orientation (IGRF corrected)
   92.4 326.5  41.0  88.0   3.0   1.0
NRM    251.5 -50.2 255.0 -50.9 1.07E-05 004.8 009.7 -10.0 0.023888 0.088847 0.012606 hargrave 2021-02-21 14:40:35 
TT 100 249.9 -51.1 253.5 -51.9 1.21E-05 001.9 008.5 -10.7 0.027019 0.037761 0.013302 hargrave 2021-02-28 13:57:57 
TT 200 251.3 -51.2 255.0 -52.0 1.35E-05 002.4 009.4 -11.0 0.027807 0.053694 0.014048 hargrave 2021-03-01 13:02:52 
TT 300 250.1 -51.4 253.8 -52.3 1.43E-05 005.3 008.6 -11.1 0.036086 0.130530 0.014488 hargrave 2021-03-01 18:02:04 
TT 400 256.9 -50.4 260.5 -50.9 1.48E-05 001.8 013.1 -10.9 0.013298 0.044232 0.015279 hargrave 2021-03-02 14:42:22 
TT 450 251.9 -50.9 255.5 -51.7 1.53E-05 002.7 009.8 -10.8 0.029884 0.069531 0.017242 hargrave 2021-03-03 12:47:26 
TT 500 254.7 -50.0 258.3 -50.6 1.47E-05 002.6 011.8 -10.2 0.066529 0.062730 0.014471 hargrave 2021-03-04 10:36:13 
TT 525 251.5 -50.0 255.0 -50.7 1.50E-05 004.5 009.7 -09.8 0.046521 0.115182 0.019081 hargrave 2021-03-04 16:17:07 
TT 550 253.9 -49.2 257.3 -49.8 1.40E-05 004.1 011.4 -09.3 0.067571 0.095280 0.014887 hargrave 2021-03-08 10:29:35 
TT 560 254.0 -47.7 257.3 -48.4 1.46E-05 001.8 011.8 -07.9 0.067352 0.041775 0.013811 hargrave 2021-03-08 16:05:02 
TT 570 262.1 -48.8 265.5 -49.1 1.37E-05 001.8 016.8 -10.3 0.042650 0.045174 0.009104 hargrave 2021-03-09 12:41:29 
TT 580 255.2 -49.4 258.6 -50.0 1.35E-05 001.9 012.2 -09.7 0.063648 0.039906 0.017083 hargrave 2021-03-09 17:42:39 
TT 590 257.2 -48.7 260.6 -49.1 1.32E-05 004.1 013.7 -09.3 0.064702 0.090012 0.021882 hargrave 2021-03-10 17:17:16 
TT 600 261.0 -46.8 264.2 -47.0 1.28E-05 002.3 016.7 -08.1 0.062059 0.045327 0.021368 hargrave 2021-03-11 17:24:32 
TT 610 256.8 -48.2 260.1 -48.7 1.21E-05 003.4 013.5 -08.8 0.061627 0.064852 0.024167 hargrave 2021-03-14 14:49:43 
TT 620 261.0 -46.0 264.1 -46.3 1.13E-05 002.6 016.9 -07.4 0.059040 0.045487 0.019104 hargrave 2021-03-16 11:44:32 
TT 630 260.9 -47.8 264.2 -48.1 1.14E-05 002.9 016.3 -09.1 0.060279 0.053328 0.016695 hargrave 2021-03-16 17:30:06 
TT 640 262.6 -47.6 265.9 -47.8 1.07E-05 003.6 017.5 -09.2 0.060438 0.060268 0.018265 hargrave 2021-03-19 15:42:02 
TT 650 259.3 -47.6 262.6 -48.0 9.71E-06 007.7 015.3 -08.6 0.065035 0.124197 0.020374 hargrave 2021-03-22 16:43:41 
TT 660 261.8 -48.3 265.2 -48.5 7.00E-06 002.7 016.8 -09.7 0.028864 0.030441 0.005382 hargrave 2021-03-23 15:10:39 
TT 664 269.4 -50.0 273.0 -49.9 5.80E-06 003.1 021.0 -13.0 0.026552 0.030125 0.006752 hargrave 2021-03-24 11:12:42 
TT 667 269.5 -42.8 272.3 -42.7 4.78E-06 002.1 023.7 -06.3 0.011048 0.015310 0.004740 hargrave 2021-03-24 16:13:00 
TT 670 279.2 -30.7 280.9 -30.0 3.99E-06 002.4 035.7 001.7 0.008129 0.006932 0.014875 hargrave 2021-03-25 18:33:47 
TT 672 272.6 -24.2 274.0 -23.9 3.01E-06 002.2 033.1 010.0 0.006441 0.010665 0.003208 hargrave 2021-03-26 14:39:43 
TT 674 292.9 -48.3 295.8 -47.0 3.10E-06 004.2 035.8 -18.8 0.015664 0.016678 0.005703 hargrave 2021-03-29 10:48:08 
TT 676 277.4 -35.6 279.5 -35.1 1.83E-06 008.5 032.2 -02.1 0.008796 0.013739 0.022063 hargrave 2021-03-29 17:38:42 
TT 676 273.7 -33.2 275.6 -32.8 1.86E-06 002.0 030.4 001.4 0.004190 0.006229 0.002224 hargrave 2021-03-30 09:43:44 
TT 678 319.2 -56.6 321.8 -54.2 6.73E-07 011.3 042.3 -35.7 0.000579 0.001233 0.017929 hargrave 2021-03-30 14:55:38 
TT 678 299.6 -44.7 302.1 -43.1 5.73E-07 002.8 042.0 -18.7 0.001009 0.002230 0.002073 hargrave 2021-03-30 16:07:33 
TT 679 144.1 -44.7 142.3 -47.2 6.56E-07 027.6 301.7 -33.4 0.003149 0.001604 0.043951 hargrave 2021-03-31 13:32:00 
TT 679 169.7 -21.9 169.5 -24.9 5.35E-07 002.8 301.4 -02.4 0.001384 0.002807 0.001562 hargrave 2021-03-31 15:05:20 
TT 681 269.3 -26.7 270.8 -26.6 7.72E-07 002.2 029.3 008.8 0.002159 0.002042 0.001637 hargrave 2021-04-01 13:42:10 
