SC1- 41a mag compass orientation (IGRF corrected)
   87.8 343.5  90.0  70.0  39.0   1.0
NRM    213.0 -03.3 221.6 -25.0 2.44E-05 001.4 275.1 049.4 0.055582 0.027620 0.007892 hargrave 2021-02-21 14:22:52 
TT 100 214.7 -06.3 225.1 -26.5 2.41E-05 002.6 280.0 050.8 0.107854 0.023848 0.009643 hargrave 2021-02-28 13:41:51 
TT 200 215.6 -12.9 230.3 -31.3 2.43E-05 002.2 290.4 050.3 0.091227 0.026720 0.009536 hargrave 2021-03-01 12:45:07 
TT 300 219.5 -20.5 239.5 -34.9 2.41E-05 001.1 303.8 050.9 0.032690 0.039038 0.012886 hargrave 2021-03-01 17:45:13 
TT 400 225.6 -26.2 249.3 -35.2 2.41E-05 002.2 316.4 052.5 0.046189 0.083727 0.019216 hargrave 2021-03-02 14:28:29 
TT 450 229.2 -28.7 254.1 -34.7 2.44E-05 001.8 323.0 053.1 0.033313 0.075022 0.019251 hargrave 2021-03-03 12:30:37 
TT 500 227.6 -28.8 253.1 -35.8 2.45E-05 001.2 321.6 052.0 0.044517 0.028980 0.018039 hargrave 2021-03-04 10:19:15 
TT 525 227.7 -30.1 254.3 -36.6 2.42E-05 000.9 323.1 051.2 0.035273 0.029488 0.028221 hargrave 2021-03-04 15:58:39 
TT 550 225.7 -27.0 250.1 -35.7 2.36E-05 001.2 317.6 052.0 0.027693 0.047783 0.019967 hargrave 2021-03-08 10:11:51 
TT 560 229.2 -29.4 254.8 -35.1 2.21E-05 001.0 323.9 052.6 0.030254 0.037084 0.011761 hargrave 2021-03-08 15:48:13 
TT 570 223.2 -25.3 246.6 -36.1 2.26E-05 000.9 313.1 051.3 0.028910 0.024803 0.016783 hargrave 2021-03-09 12:22:26 
TT 580 230.5 -28.7 255.2 -33.8 2.17E-05 001.0 324.5 053.9 0.025560 0.031520 0.017586 hargrave 2021-03-09 17:25:17 
TT 590 229.3 -23.9 250.3 -31.2 2.12E-05 000.8 317.3 056.5 0.023837 0.021568 0.015789 hargrave 2021-03-10 16:59:54 
TT 600 224.4 -24.8 247.2 -34.9 2.21E-05 001.3 313.6 052.5 0.045132 0.029533 0.018118 hargrave 2021-03-11 17:08:01 
TT 610 225.9 -26.1 249.4 -35.0 2.10E-05 001.3 316.6 052.7 0.037496 0.030586 0.013062 hargrave 2021-03-14 14:33:07 
TT 620 222.8 -24.3 245.4 -35.6 1.91E-05 001.9 311.4 051.6 0.045792 0.044302 0.010681 hargrave 2021-03-16 11:28:01 
TT 630 229.0 -27.7 253.2 -34.1 1.90E-05 001.2 321.7 053.7 0.032170 0.024644 0.011525 hargrave 2021-03-16 17:11:53 
TT 640 228.7 -25.1 250.7 -32.4 1.95E-05 003.5 318.1 055.3 0.074256 0.091615 0.011282 hargrave 2021-03-19 15:24:34 
TT 650 230.1 -27.2 253.7 -33.1 1.80E-05 000.9 322.4 054.7 0.020444 0.019390 0.010286 hargrave 2021-03-22 16:26:53 
TT 660 229.4 -25.2 251.4 -32.1 1.55E-05 001.5 319.0 055.7 0.020346 0.030447 0.023383 hargrave 2021-03-23 14:53:19 
TT 664 233.8 -31.5 259.9 -33.8 1.46E-05 001.1 331.1 053.4 0.018583 0.020660 0.008804 hargrave 2021-03-24 10:55:08 
TT 667 236.6 -23.8 255.7 -26.6 1.07E-05 001.8 326.5 061.1 0.024679 0.021258 0.015572 hargrave 2021-03-24 15:55:38 
TT 670 235.3 -29.1 259.0 -31.2 8.94E-06 001.0 330.7 056.1 0.012924 0.010762 0.004524 hargrave 2021-03-25 18:16:27 
TT 672 222.6 -29.6 250.0 -39.4 8.30E-06 003.8 317.9 048.3 0.038415 0.039315 0.005804 hargrave 2021-03-26 14:23:05 
TT 674 238.6 -15.8 251.5 -19.4 5.34E-06 001.5 317.8 068.4 0.004574 0.013247 0.003439 hargrave 2021-03-29 10:31:35 
TT 676 212.0 -53.7 275.7 -58.8 5.87E-06 004.5 334.1 026.3 0.012087 0.012377 0.047112 hargrave 2021-03-29 17:20:09 
TT 678 267.1 017.3 252.0 024.1 2.66E-06 001.8 142.9 068.1 0.005547 0.005934 0.002564 hargrave 2021-03-30 14:36:33 
TT 679 350.7 -00.4 353.6 037.8 8.55E-07 013.7 089.6 -07.2 0.006137 0.001232 0.020726 hargrave 2021-03-31 13:14:25 
TT 679 340.4 001.8 340.5 040.8 8.50E-07 003.1 091.8 003.1 0.004149 0.001494 0.001943 hargrave 2021-03-31 15:03:50 
TT 681 161.8 010.7 162.0 -28.3 2.32E-06 003.4 259.3 -01.7 0.013518 0.002783 0.002941 hargrave 2021-04-01 13:27:35 
