SC1- 12a mag compass orientation (IGRF corrected)
   66.2 177.5  43.0  64.0  81.0   1.0
NRM    201.9 -11.6 251.5 -42.9 2.43E-05 004.0 100.1 -25.0 0.163795 0.060136 0.013433 hargrave 2021-02-21 13:32:10 
TT 100 201.2 -12.7 253.1 -43.5 2.35E-05 006.0 098.7 -25.4 0.244626 0.057442 0.023517 hargrave 2021-02-22 14:23:17 
TT 200 207.6 -09.8 249.5 -37.1 2.26E-05 011.7 106.1 -27.5 0.458152 0.114550 0.021703 hargrave 2021-02-23 09:51:08 
TT 200 201.6 -15.6 256.9 -43.1 2.34E-05 002.2 096.8 -27.7 0.081437 0.120132 0.018727 hargrave 2021-02-23 10:51:01 
TT 300 201.3 -17.4 259.5 -43.3 2.25E-05 006.8 095.1 -28.8 0.277075 0.053557 0.021668 hargrave 2021-02-23 13:49:38 
TT 400 199.8 -19.6 262.7 -44.5 2.19E-05 004.7 092.2 -29.3 0.175886 0.050720 0.022424 hargrave 2021-02-24 10:30:43 
TT 450 199.1 -23.1 267.8 -44.7 2.17E-05 001.7 088.6 -31.2 0.057891 0.045785 0.022202 hargrave 2021-02-24 15:28:46 
TT 500 198.8 -25.7 271.4 -44.4 2.05E-05 004.7 086.1 -32.7 0.166073 0.045662 0.016739 hargrave 2021-02-25 12:07:02 
TT 525 197.3 -26.8 273.3 -45.4 2.01E-05 001.3 084.1 -32.4 0.034752 0.050705 0.014723 hargrave 2021-02-25 17:19:54 
TT 550 196.8 -32.4 281.1 -44.1 1.80E-05 002.1 078.5 -35.6 0.055163 0.051526 0.011399 hargrave 2021-02-26 10:24:47 
TT 560 193.2 -37.6 289.4 -44.6 1.81E-05 004.6 071.2 -36.3 0.136734 0.059521 0.024026 hargrave 2021-02-26 15:37:10 
TT 570 193.6 -41.9 294.2 -42.1 1.68E-05 002.6 067.0 -39.0 0.064137 0.052053 0.008736 hargrave 2021-02-27 10:57:32 
TT 580 192.5 -46.3 299.7 -40.3 1.62E-05 002.9 061.5 -40.6 0.068758 0.054125 0.008634 hargrave 2021-02-28 11:40:01 
TT 590 191.8 -48.4 302.2 -39.4 1.54E-05 003.9 058.8 -41.2 0.094853 0.059065 0.024923 hargrave 2021-03-01 10:19:14 
TT 600 193.8 -43.0 295.3 -41.4 1.26E-05 003.9 065.9 -39.7 0.075886 0.050729 0.027999 hargrave 2021-03-01 15:19:33 
TT 610 197.3 -42.5 293.0 -39.5 1.23E-05 001.6 068.2 -41.6 0.023315 0.030816 0.032455 hargrave 2021-03-02 10:50:24 
TT 620 196.8 -35.9 285.5 -42.7 1.28E-05 001.6 075.0 -37.7 0.024890 0.037758 0.029773 hargrave 2021-03-02 16:53:54 
TT 630 202.9 -28.8 274.3 -40.1 1.14E-05 003.2 086.1 -37.5 0.058381 0.039456 0.027784 hargrave 2021-03-03 10:28:51 
TT 640 207.7 -34.7 280.2 -34.7 1.10E-05 001.8 083.2 -44.3 0.032013 0.012346 0.007541 hargrave 2021-03-03 15:49:35 
TT 650 213.0 -32.6 276.7 -30.8 9.05E-06 005.0 089.2 -46.7 0.078630 0.007585 0.006727 hargrave 2021-03-04 13:19:41 
TT 660 214.2 -34.9 279.1 -29.5 5.63E-06 002.8 087.3 -48.8 0.026866 0.005615 0.003537 hargrave 2021-03-05 11:31:55 
TT 664 211.1 -39.6 285.1 -30.9 6.42E-06 002.1 079.1 -49.2 0.023539 0.006548 0.002989 hargrave 2021-03-08 13:33:54 
TT 667 242.4 -32.3 275.8 -06.2 3.94E-06 001.1 118.5 -65.9 0.006480 0.003033 0.002439 hargrave 2021-03-09 10:18:14 
TT 670 231.5 -32.6 275.5 -15.3 2.96E-06 001.6 104.9 -59.2 0.007257 0.005309 0.003839 hargrave 2021-03-09 15:17:08 
TT 672 256.7 -71.6 316.0 -04.6 4.05E-06 000.8 008.0 -64.9 0.004250 0.003482 0.001466 hargrave 2021-03-10 14:29:22 
TT 674 226.7 -47.1 290.8 -18.4 2.39E-06 002.0 074.5 -62.5 0.008057 0.001797 0.001420 hargrave 2021-03-11 14:04:54 
TT 676 254.0 -00.6 246.2 009.7 1.96E-06 002.2 161.6 -42.1 0.002594 0.007385 0.001470 hargrave 2021-03-14 12:21:53 
TT 678 292.5 010.1 238.9 049.1 1.22E-06 002.7 208.3 -28.7 0.003790 0.004250 0.001859 hargrave 2021-03-14 17:07:53 
TT 680 273.8 038.8 204.4 028.7 2.00E-06 001.5 184.9 -04.0 0.005299 0.004754 0.001647 hargrave 2021-03-16 14:32:28 
TT 682 153.9 -47.4 334.2 -51.6 1.86E-06 003.3 041.5 -20.7 0.006328 0.009268 0.001778 hargrave 2021-03-19 12:33:59 
TT 684 210.0 050.9 186.4 -13.1 2.10E-06 003.5 145.6 019.7 0.010381 0.008506 0.002896 hargrave 2021-03-22 13:22:01 
TT 686 104.5 050.9 124.0 -16.5 2.56E-06 000.6 115.4 078.2 0.002030 0.001705 0.001874 hargrave 2021-03-23 12:38:37 
