SC1- 53a mag compass orientation (IGRF corrected)
  92.85 276.5  15.0  88.0   3.0   1.0
NRM    240.2 -42.0 242.6 -43.4 5.25E-05 002.5 045.0 -32.2 0.148460 0.178413 0.034887 hargrave 2021-02-21 14:44:01 
TT 100 237.3 -43.0 239.8 -44.5 5.34E-05 000.9 042.3 -32.6 0.036655 0.058214 0.062314 hargrave 2021-02-28 14:00:46 
TT 200 234.6 -44.5 237.1 -46.1 5.45E-05 001.7 039.6 -33.6 0.079650 0.135871 0.056239 hargrave 2021-03-01 13:05:40 
TT 300 234.3 -44.7 236.9 -46.3 5.47E-05 001.2 039.3 -33.8 0.034541 0.092495 0.068272 hargrave 2021-03-01 18:04:51 
TT 400 235.8 -43.1 238.3 -44.7 5.46E-05 001.3 041.0 -32.5 0.093870 0.075613 0.060412 hargrave 2021-03-02 14:44:40 
TT 450 236.4 -44.0 239.0 -45.5 5.27E-05 001.2 041.3 -33.4 0.049722 0.091938 0.059223 hargrave 2021-03-03 12:50:14 
TT 500 233.9 -43.3 236.4 -44.9 5.12E-05 001.1 039.4 -32.3 0.076954 0.073122 0.049656 hargrave 2021-03-04 10:39:01 
TT 525 233.3 -43.1 235.7 -44.7 5.02E-05 001.1 038.9 -32.0 0.073606 0.050979 0.060999 hargrave 2021-03-04 16:19:56 
TT 550 233.3 -43.1 235.7 -44.7 4.83E-05 002.5 038.9 -32.0 0.108089 0.178592 0.064249 hargrave 2021-03-08 10:32:24 
TT 560 232.7 -43.4 235.1 -45.0 4.79E-05 001.8 038.3 -32.2 0.075918 0.120890 0.058610 hargrave 2021-03-08 16:07:49 
TT 570 234.5 -42.5 236.9 -44.1 4.71E-05 001.9 040.1 -31.7 0.050202 0.111259 0.102368 hargrave 2021-03-09 12:44:48 
TT 580 237.8 -42.3 240.2 -43.7 4.50E-05 001.7 042.9 -32.0 0.068457 0.067378 0.099488 hargrave 2021-03-09 17:45:58 
TT 590 236.6 -42.3 239.0 -43.8 4.41E-05 002.3 041.9 -31.8 0.057084 0.140218 0.096360 hargrave 2021-03-10 17:20:36 
TT 600 233.8 -43.7 236.3 -45.3 4.24E-05 003.0 039.2 -32.7 0.079163 0.182930 0.096808 hargrave 2021-03-11 17:27:51 
TT 610 234.4 -44.6 237.0 -46.2 4.17E-05 002.4 039.4 -33.7 0.132430 0.067272 0.096258 hargrave 2021-03-14 14:53:02 
TT 620 237.3 -43.9 239.8 -45.4 4.05E-05 002.2 042.0 -33.5 0.055448 0.123100 0.088672 hargrave 2021-03-16 11:47:51 
TT 630 236.3 -43.5 238.8 -45.0 4.17E-05 002.1 041.3 -32.9 0.042623 0.115511 0.092778 hargrave 2021-03-16 17:33:26 
TT 640 233.0 -44.6 235.5 -46.3 3.79E-05 003.5 038.2 -33.5 0.101298 0.196431 0.075897 hargrave 2021-03-19 15:45:21 
TT 650 236.2 -43.4 238.8 -44.9 3.20E-05 003.5 041.3 -32.8 0.101598 0.171218 0.062271 hargrave 2021-03-22 16:47:02 
TT 660 233.4 -42.6 235.8 -44.3 2.47E-05 002.5 039.1 -31.6 0.075807 0.080468 0.052599 hargrave 2021-03-23 15:13:58 
TT 664 232.3 -41.5 234.6 -43.2 2.04E-05 003.1 038.5 -30.3 0.092360 0.050997 0.045498 hargrave 2021-03-24 11:16:02 
TT 667 232.9 -41.9 235.2 -43.6 1.67E-05 001.5 038.9 -30.8 0.042404 0.027294 0.023121 hargrave 2021-03-24 16:16:19 
TT 670 232.7 -44.5 235.2 -46.2 1.29E-05 004.3 038.0 -33.3 0.041625 0.081581 0.037792 hargrave 2021-03-25 18:37:04 
TT 672 220.5 -43.7 222.6 -45.9 1.10E-05 001.6 028.1 -30.8 0.019802 0.022055 0.019121 hargrave 2021-03-26 14:43:02 
TT 674 235.8 -42.0 238.2 -43.6 1.06E-05 002.9 041.3 -31.4 0.035287 0.041868 0.007828 hargrave 2021-03-29 10:51:03 
TT 676 249.4 -40.5 251.9 -41.4 3.54E-06 004.4 053.4 -32.5 0.014768 0.010470 0.025369 hargrave 2021-03-29 17:41:30 
TT 678 290.0 -64.2 295.5 -62.9 2.43E-06 002.5 072.4 -63.6 0.006770 0.002671 0.016249 hargrave 2021-03-30 14:58:57 
TT 679 235.7 -28.3 237.1 -29.9 2.85E-06 006.7 044.5 -18.0 0.018024 0.015821 0.025934 hargrave 2021-03-31 13:35:21 
TT 681 129.8 -84.8 095.4 -86.1 1.10E-06 001.8 346.0 -71.6 0.001712 0.002897 0.001490 hargrave 2021-04-01 13:45:01 
TT 683 213.3 -27.0 214.3 -29.5 5.62E-07 002.6 024.4 -13.5 0.001510 0.001488 0.002263 hargrave 2021-04-02 14:32:48 
TT 685 006.1 006.5 006.2 009.5 1.43E-06 002.7 179.6 -08.5 0.003626 0.006576 0.001064 hargrave 2021-04-05 10:28:02 
TT 686 052.3 -31.4 050.9 -29.6 7.11E-07 003.7 234.3 -41.1 0.003296 0.002841 0.002768 hargrave 2021-04-05 17:28:37 
