SC1- 64a mag compass orientation (IGRF corrected)
 92.425 297.6   4.0   0.0   0.0   1.0
NRM    253.9 -25.4 253.9 -25.4 7.15E-05 001.1 045.0 -22.6 0.074307 0.054538 0.113554 hargrave 2021-03-23 17:01:59 
TT 100 251.7 -28.3 251.7 -28.3 7.24E-05 000.9 042.7 -25.4 0.068317 0.048163 0.083178 hargrave 2021-03-24 13:31:49 
TT 200 255.8 -31.8 255.8 -31.8 7.61E-05 002.2 046.5 -29.1 0.231259 0.158036 0.076772 hargrave 2021-03-25 16:01:00 
TT 300 254.2 -34.2 254.2 -34.2 7.77E-05 001.2 044.7 -31.4 0.137130 0.065653 0.061998 hargrave 2021-03-26 11:46:38 
TT 400 257.4 -34.5 257.4 -34.5 8.06E-05 004.7 047.8 -31.9 0.519645 0.413165 0.087203 hargrave 2021-03-26 17:38:55 
TT 450 257.1 -34.8 257.1 -34.8 8.17E-05 003.1 047.5 -32.2 0.365752 0.243825 0.091401 hargrave 2021-03-29 13:21:38 
TT 500 255.8 -34.5 255.8 -34.5 8.19E-05 000.9 046.2 -31.7 0.091863 0.028353 0.093973 hargrave 2021-03-30 12:00:09 
TT 525 257.0 -34.7 257.0 -34.7 8.02E-05 007.6 047.4 -32.0 0.811303 0.692961 0.102083 hargrave 2021-03-31 09:00:43 
TT 550 255.3 -34.4 255.3 -34.4 7.96E-05 002.6 045.8 -31.6 0.291547 0.160296 0.137964 hargrave 2021-04-01 10:36:25 
TT 560 262.5 -33.5 262.5 -33.5 7.74E-05 005.6 052.9 -31.1 0.624295 0.410838 0.106318 hargrave 2021-04-01 17:41:56 
TT 570 256.7 -34.1 256.7 -34.1 7.55E-05 003.8 047.2 -31.4 0.394867 0.303157 0.087347 hargrave 2021-04-02 11:59:26 
TT 580 256.2 -34.4 256.2 -34.4 7.57E-05 003.9 046.7 -31.7 0.397881 0.327401 0.066429 hargrave 2021-04-02 17:03:39 
TT 590 253.1 -33.3 253.1 -33.3 7.62E-05 005.7 043.8 -30.4 0.959298 0.188886 0.133420 hargrave 2021-04-05 12:59:38 
TT 600 254.2 -34.3 254.2 -34.3 7.08E-05 001.3 044.7 -31.5 0.114805 0.060924 0.101797 hargrave 2021-04-06 10:58:01 
TT 610 252.4 -35.6 252.4 -35.6 6.72E-05 001.2 043.0 -32.7 0.048163 0.107438 0.073772 hargrave 2021-04-07 12:15:57 
TT 620 255.8 -35.5 255.8 -35.5 6.57E-05 001.0 046.2 -32.7 0.041386 0.088822 0.065854 hargrave 2021-04-08 19:59:33 
TT 630 252.9 -35.4 252.9 -35.4 6.25E-05 001.2 043.4 -32.5 0.074355 0.072419 0.093756 hargrave 2021-04-16 16:51:37 
TT 640 254.5 -34.8 254.5 -34.8 6.08E-05 002.1 045.0 -32.0 0.130288 0.153837 0.091577 hargrave 2021-04-18 19:39:11 
TT 645 253.4 -35.4 253.4 -35.4 5.98E-05 001.1 043.9 -32.6 0.070482 0.054005 0.088733 hargrave 2021-04-19 21:46:04 
TT 650 247.7 -35.1 247.7 -35.1 5.79E-05 004.9 038.4 -32.0 0.328071 0.354363 0.118194 hargrave 2021-04-21 08:40:40 
TT 655 256.9 -35.6 256.9 -35.6 5.53E-05 001.2 047.3 -32.9 0.054386 0.079973 0.069342 hargrave 2021-06-11 14:10:39 
TT 660 252.2 -33.8 252.2 -33.8 5.35E-05 001.9 042.8 -30.9 0.135010 0.083147 0.078660 hargrave 2021-06-12 10:15:57 
TT 663 247.4 -32.5 247.4 -32.5 4.91E-05 002.0 038.3 -29.4 0.117356 0.105015 0.079292 hargrave 2021-06-12 17:43:34 
