SC1- 62a mag compass orientation (IGRF corrected)
 92.425 182.6   5.0   0.0   0.0   1.0
NRM    253.6 -34.8 253.6 -34.8 4.77E-05 001.1 159.8 -39.5 0.054504 0.066511 0.044043 hargrave 2021-03-23 16:58:18 
TT 100 256.1 -37.7 256.1 -37.7 4.74E-05 001.8 162.3 -42.5 0.050566 0.115977 0.087131 hargrave 2021-03-24 13:28:31 
TT 200 258.5 -42.2 258.5 -42.2 4.87E-05 002.7 164.6 -47.1 0.027386 0.214750 0.075081 hargrave 2021-03-25 15:57:46 
TT 300 261.0 -44.7 261.0 -44.7 4.95E-05 002.3 167.2 -49.6 0.033449 0.182608 0.066430 hargrave 2021-03-26 11:43:24 
TT 400 264.3 -46.9 264.3 -46.9 4.98E-05 002.8 170.8 -51.8 0.038997 0.240343 0.051362 hargrave 2021-03-26 17:35:41 
TT 450 263.8 -47.2 263.8 -47.2 4.97E-05 001.8 170.2 -52.2 0.099941 0.101663 0.068737 hargrave 2021-03-29 13:18:21 
TT 500 269.9 -48.3 269.9 -48.3 4.89E-05 002.2 177.0 -53.3 0.067634 0.167400 0.060397 hargrave 2021-03-30 11:57:19 
TT 525 265.9 -49.0 265.9 -49.0 4.89E-05 001.7 172.5 -54.0 0.081434 0.111895 0.050378 hargrave 2021-03-31 08:57:29 
TT 550 269.6 -48.8 269.6 -48.8 4.85E-05 001.4 176.6 -53.8 0.085658 0.070729 0.044718 hargrave 2021-04-01 10:33:35 
TT 560 266.0 -49.1 266.0 -49.1 4.66E-05 002.1 172.6 -54.0 0.089056 0.145616 0.042806 hargrave 2021-04-01 17:38:40 
TT 570 268.7 -49.4 268.7 -49.4 4.55E-05 001.3 175.6 -54.4 0.071599 0.069368 0.037966 hargrave 2021-04-02 11:56:11 
TT 580 267.3 -49.5 267.3 -49.5 4.57E-05 001.7 174.1 -54.5 0.066820 0.108545 0.067039 hargrave 2021-04-02 17:00:23 
TT 590 267.0 -49.5 267.0 -49.5 4.49E-05 001.7 173.8 -54.5 0.078454 0.101376 0.052161 hargrave 2021-04-05 12:56:46 
TT 600 264.6 -50.1 264.6 -50.1 4.33E-05 001.9 171.1 -55.0 0.077243 0.102458 0.072448 hargrave 2021-04-06 10:55:03 
TT 610 262.4 -50.4 262.4 -50.4 4.05E-05 002.3 168.6 -55.3 0.103511 0.111504 0.074227 hargrave 2021-04-07 12:12:43 
TT 620 268.9 -50.7 268.9 -50.7 3.95E-05 002.0 175.9 -55.7 0.070015 0.108976 0.060093 hargrave 2021-04-08 19:56:18 
TT 630 264.1 -49.6 264.1 -49.6 3.97E-05 001.6 170.5 -54.6 0.097281 0.059173 0.040167 hargrave 2021-04-16 16:49:15 
TT 640 265.9 -48.7 265.9 -48.7 3.91E-05 001.4 172.5 -53.7 0.057546 0.074473 0.035517 hargrave 2021-04-18 19:36:20 
TT 645 267.6 -49.0 267.6 -49.0 3.96E-05 001.7 174.4 -54.0 0.069881 0.101486 0.036143 hargrave 2021-04-19 21:43:19 
TT 650 266.2 -48.8 266.2 -48.8 3.66E-05 001.8 172.9 -53.8 0.055352 0.101152 0.024118 hargrave 2021-04-21 08:37:49 
TT 655 262.7 -47.8 262.7 -47.8 3.56E-05 001.8 169.0 -52.8 0.070265 0.061372 0.061494 hargrave 2021-06-11 14:07:46 
TT 660 265.3 -50.0 265.3 -50.0 3.32E-05 002.7 171.8 -55.0 0.076516 0.126701 0.051253 hargrave 2021-06-12 10:13:07 
TT 663 266.2 -48.4 266.2 -48.4 3.23E-05 002.5 172.9 -53.4 0.058169 0.120572 0.049988 hargrave 2021-06-12 17:40:44 
TT 667 267.9 -50.0 267.9 -50.0 2.94E-05 002.5 174.8 -54.9 0.021591 0.126784 0.028301 hargrave 2021-06-22 14:16:45 
TT 670 266.8 -49.7 266.8 -49.7 2.65E-05 003.1 173.5 -54.7 0.011637 0.136697 0.048339 hargrave 2021-06-23 11:33:17 
TT 672 268.5 -48.9 268.5 -48.9 2.60E-05 001.2 175.4 -53.9 0.024836 0.044775 0.016204 hargrave 2021-06-23 16:11:48 
TT 675 267.8 -48.2 267.8 -48.2 2.44E-05 002.5 174.7 -53.2 0.017268 0.098085 0.043863 hargrave 2021-06-24 12:57:12 
TT 677 260.4 -48.0 260.4 -48.0 1.91E-05 001.3 166.5 -52.8 0.026760 0.028296 0.019405 hargrave 2021-06-24 17:41:10 
TT 679 268.1 -47.4 268.1 -47.4 1.41E-05 000.8 175.0 -52.4 0.012009 0.013183 0.008240 hargrave 2021-06-25 13:12:02 
TT 680 258.7 -45.9 258.7 -45.9 1.03E-05 001.2 164.7 -50.8 0.008214 0.018271 0.009272 hargrave 2021-06-25 17:43:34 
TT 682 264.0 -45.7 264.0 -45.7 1.01E-05 001.5 170.6 -50.6 0.013042 0.021988 0.008504 hargrave 2021-06-26 12:50:33 
TT 684 258.9 -36.6 258.9 -36.6 8.07E-06 002.5 165.3 -41.5 0.014737 0.029337 0.016054 hargrave 2021-06-26 17:23:40 
TT 686 257.1 -48.1 257.1 -48.1 3.19E-06 001.7 162.8 -52.9 0.005184 0.007110 0.004409 hargrave 2021-06-27 13:50:11 
