SC1- 37a mag compass orientation (IGRF corrected)
  87.58 342.5  83.0  70.0  39.0   1.0
NRM    203.4 -20.5 224.4 -44.4 3.35E-05 002.3 300.8 034.5 0.120265 0.052973 0.041956 hargrave 2021-02-21 14:14:30 
TT 100 202.1 -18.8 221.5 -43.8 3.43E-05 001.6 298.3 034.0 0.056408 0.063414 0.049205 hargrave 2021-02-22 15:04:25 
TT 200 201.5 -20.9 222.7 -45.8 3.53E-05 001.6 300.4 032.7 0.088827 0.032242 0.027906 hargrave 2021-02-23 10:25:22 
TT 300 204.6 -24.5 229.3 -46.9 3.55E-05 002.3 305.8 033.7 0.104137 0.105154 0.045968 hargrave 2021-02-23 14:25:34 
TT 400 204.3 -19.8 224.7 -43.4 3.62E-05 001.7 300.5 035.5 0.084903 0.068492 0.046426 hargrave 2021-02-24 11:05:06 
TT 450 205.5 -19.5 225.7 -42.4 3.55E-05 001.8 300.7 036.7 0.087411 0.069232 0.052828 hargrave 2021-02-24 16:03:25 
TT 500 204.2 -21.6 226.2 -44.9 3.60E-05 002.7 302.4 034.7 0.118972 0.122588 0.042767 hargrave 2021-02-25 12:41:57 
TT 525 204.0 -19.4 224.1 -43.3 3.57E-05 001.9 299.9 035.4 0.096162 0.063856 0.046777 hargrave 2021-02-25 17:56:34 
TT 550 203.9 -22.2 226.4 -45.5 3.50E-05 002.7 302.9 034.2 0.150420 0.062516 0.045505 hargrave 2021-02-26 11:04:45 
TT 560 204.0 -21.9 226.2 -45.2 3.46E-05 002.7 302.6 034.4 0.143207 0.042482 0.064430 hargrave 2021-02-26 16:17:59 
TT 570 205.5 -21.5 227.4 -44.1 3.50E-05 002.9 303.0 035.8 0.155398 0.058313 0.058517 hargrave 2021-02-27 11:38:16 
TT 580 205.2 -21.3 226.9 -44.1 3.24E-05 005.4 302.6 035.6 0.266958 0.143977 0.040312 hargrave 2021-02-28 12:20:17 
TT 590 202.9 -23.1 226.2 -46.7 3.22E-05 003.4 303.4 033.0 0.165678 0.085494 0.060426 hargrave 2021-03-01 10:59:28 
TT 600 207.3 -23.3 230.8 -44.4 3.16E-05 002.1 305.9 036.4 0.095933 0.056161 0.041052 hargrave 2021-03-01 16:00:04 
TT 610 210.9 -24.7 235.5 -43.2 3.12E-05 003.0 309.5 038.6 0.144079 0.066050 0.046863 hargrave 2021-03-02 11:22:39 
TT 620 206.6 -20.4 227.6 -42.6 2.80E-05 003.1 302.3 037.2 0.139465 0.047234 0.048688 hargrave 2021-03-02 17:27:53 
TT 630 209.4 -23.6 233.1 -43.3 2.42E-05 004.4 307.4 038.0 0.150980 0.107926 0.038827 hargrave 2021-03-03 11:08:46 
TT 640 213.9 -25.4 238.9 -42.0 2.46E-05 003.5 312.3 040.4 0.127360 0.075317 0.037543 hargrave 2021-03-03 16:29:43 
TT 650 210.2 -29.1 239.1 -46.9 2.42E-05 003.6 313.6 035.6 0.126901 0.084284 0.030815 hargrave 2021-03-04 14:01:04 
TT 660 213.6 -26.7 239.8 -43.1 1.74E-05 005.2 313.4 039.4 0.130864 0.090728 0.018312 hargrave 2021-03-05 12:15:11 
TT 664 217.1 -32.5 248.5 -44.9 1.95E-05 002.3 321.6 038.1 0.065423 0.046930 0.019525 hargrave 2021-03-08 14:17:41 
TT 667 217.4 -34.5 250.9 -46.0 1.70E-05 004.9 323.6 036.9 0.100491 0.107024 0.024033 hargrave 2021-03-09 10:58:13 
TT 670 218.9 -31.1 248.6 -42.8 1.58E-05 001.8 321.7 040.2 0.044616 0.020824 0.018245 hargrave 2021-03-09 15:59:24 
TT 672 217.1 -31.9 248.0 -44.5 1.76E-05 002.7 321.1 038.5 0.065339 0.045085 0.029026 hargrave 2021-03-10 15:11:36 
TT 674 217.3 -30.2 246.4 -43.2 1.39E-05 001.7 319.6 039.8 0.035571 0.017674 0.016778 hargrave 2021-03-11 14:47:13 
TT 676 226.8 -33.4 256.7 -39.4 1.17E-05 002.8 330.4 042.8 0.041864 0.037320 0.012893 hargrave 2021-03-14 13:02:28 
TT 678 217.6 -34.4 251.0 -45.8 1.12E-05 001.4 323.7 037.1 0.019501 0.018971 0.013585 hargrave 2021-03-14 17:48:36 
TT 680 222.5 -22.8 244.0 -34.7 7.67E-06 001.8 316.3 048.2 0.023047 0.008215 0.005898 hargrave 2021-03-16 15:09:01 
TT 682 222.4 -32.4 252.5 -41.5 5.66E-06 001.6 325.7 041.3 0.009488 0.010694 0.008491 hargrave 2021-03-19 13:04:10 
TT 684 202.0 -06.8 213.2 -33.8 3.37E-06 001.8 284.3 037.8 0.009165 0.004883 0.003388 hargrave 2021-03-22 13:51:55 
TT 686 266.4 -38.1 286.6 -19.8 3.32E-06 003.4 015.0 043.1 0.005875 0.019190 0.002638 hargrave 2021-03-23 13:16:02 
