SC1- 55a mag compass orientation (IGRF corrected)
  92.85 310.6   3.0   0.0   0.0   1.0
NRM    266.1 -45.8 266.1 -45.8 3.76E-05 001.2 043.4 -43.7 0.038733 0.054644 0.054214 hargrave 2021-02-21 14:47:39 
TT 100 255.3 -49.1 255.3 -49.1 4.06E-05 001.2 032.8 -46.6 0.078585 0.047356 0.018067 hargrave 2021-02-28 14:03:30 
TT 200 255.5 -51.3 255.5 -51.3 4.34E-05 002.2 032.9 -48.8 0.122531 0.116213 0.023890 hargrave 2021-03-01 13:08:22 
TT 300 254.7 -51.2 254.7 -51.2 4.43E-05 000.7 032.1 -48.7 0.046460 0.032053 0.018777 hargrave 2021-03-01 18:07:34 
TT 400 250.0 -50.3 250.0 -50.3 4.48E-05 001.5 027.8 -47.7 0.055519 0.107267 0.027164 hargrave 2021-03-02 14:46:53 
TT 450 248.4 -49.7 248.4 -49.7 4.45E-05 001.2 026.3 -47.0 0.022132 0.087036 0.029248 hargrave 2021-03-03 12:53:00 
TT 500 247.2 -49.9 247.2 -49.9 4.26E-05 001.5 025.1 -47.2 0.090522 0.020371 0.070572 hargrave 2021-03-04 10:41:44 
TT 525 248.9 -49.8 248.9 -49.8 4.15E-05 002.2 026.7 -47.2 0.048508 0.155993 0.014453 hargrave 2021-03-04 16:22:38 
TT 550 244.7 -48.1 244.7 -48.1 4.21E-05 001.7 022.8 -45.3 0.033665 0.123808 0.013342 hargrave 2021-03-08 10:35:07 
TT 560 246.8 -48.3 246.8 -48.3 4.04E-05 001.6 024.8 -45.6 0.036772 0.112602 0.012354 hargrave 2021-03-08 16:10:32 
TT 570 251.9 -48.5 251.9 -48.5 4.08E-05 001.1 029.6 -45.9 0.049688 0.068825 0.028177 hargrave 2021-03-09 12:48:40 
TT 580 244.0 -49.1 244.0 -49.1 3.87E-05 000.9 022.2 -46.3 0.045141 0.048138 0.029831 hargrave 2021-03-09 17:49:01 
TT 590 245.7 -48.1 245.7 -48.1 3.91E-05 001.1 023.7 -45.4 0.043926 0.068091 0.027961 hargrave 2021-03-10 17:23:38 
TT 600 245.9 -47.8 245.9 -47.8 3.73E-05 001.3 024.0 -45.1 0.049601 0.074290 0.033665 hargrave 2021-03-11 17:30:53 
TT 610 245.6 -48.2 245.6 -48.2 3.78E-05 001.1 023.7 -45.5 0.040696 0.055484 0.032180 hargrave 2021-03-14 14:56:05 
TT 620 247.0 -47.6 247.0 -47.6 3.68E-05 001.7 025.1 -44.9 0.059950 0.096508 0.013082 hargrave 2021-03-16 11:50:54 
TT 630 245.2 -46.4 245.2 -46.4 3.66E-05 002.3 023.4 -43.7 0.066603 0.136887 0.024585 hargrave 2021-03-16 17:37:18 
TT 640 247.8 -46.6 247.8 -46.6 3.48E-05 001.2 025.9 -43.9 0.043695 0.056067 0.031051 hargrave 2021-03-19 15:48:24 
TT 650 247.8 -45.9 247.8 -45.9 2.96E-05 001.2 025.9 -43.2 0.045851 0.045456 0.018391 hargrave 2021-03-22 16:50:07 
TT 660 248.0 -45.7 248.0 -45.7 2.60E-05 001.6 026.1 -43.0 0.040441 0.066461 0.019019 hargrave 2021-03-23 15:17:00 
TT 664 254.4 -45.6 254.4 -45.6 2.00E-05 001.8 032.2 -43.1 0.032558 0.052768 0.020917 hargrave 2021-03-24 11:19:06 
TT 667 246.5 -49.4 246.5 -49.4 1.55E-05 004.0 024.4 -46.6 0.043686 0.099650 0.016947 hargrave 2021-03-24 16:19:21 
TT 670 255.1 -39.3 255.1 -39.3 1.20E-05 003.4 033.2 -36.8 0.045099 0.054456 0.019265 hargrave 2021-03-25 18:40:07 
TT 672 253.3 -42.7 253.3 -42.7 1.06E-05 002.1 031.3 -40.2 0.022227 0.034561 0.003921 hargrave 2021-03-26 14:46:06 
TT 674 248.2 -47.5 248.2 -47.5 9.83E-06 001.4 026.2 -44.8 0.021209 0.013708 0.006298 hargrave 2021-03-29 10:53:50 
TT 676 267.7 -25.1 267.7 -25.1 2.24E-06 002.0 046.1 -23.0 0.005449 0.009799 0.001940 hargrave 2021-03-29 17:44:13 
TT 678 285.8 -32.7 285.8 -32.7 1.59E-06 015.0 063.5 -31.4 0.019750 0.006110 0.041060 hargrave 2021-03-30 15:03:37 
TT 678 283.1 -37.3 283.1 -37.3 1.67E-06 006.5 060.5 -35.9 0.005224 0.007618 0.018757 hargrave 2021-03-30 16:10:44 
TT 679 235.6  15.5 235.6  15.5 1.20E-06 002.7 015.2  18.4 0.002489 0.005186 0.001107 hargrave 2021-03-31 13:38:27 
TT 681 156.8 -10.9 156.8 -10.9 1.31E-06 001.4 296.7 -09.5 0.004491 0.004830 0.001861 hargrave 2021-04-01 13:47:37 
