SC1- 58a mag compass orientation (IGRF corrected)
 30.345 356.5  40.0  74.0  93.0   1.0
NRM    215.8 024.8 225.4 -35.6 6.23E-05 000.8 283.7 043.7 0.068035 0.073004 0.017823 hargrave 2021-03-23 16:52:31 
TT 100 215.3 023.1 227.3 -36.5 5.88E-05 000.9 284.8 042.1 0.084218 0.056445 0.023211 hargrave 2021-03-24 13:22:48 
TT 200 217.7 017.2 235.0 -35.5 5.55E-05 001.6 292.1 039.1 0.145852 0.073886 0.020153 hargrave 2021-03-25 15:52:07 
TT 300 220.5 010.1 243.9 -33.5 5.26E-05 001.1 300.2 035.0 0.076365 0.076320 0.026581 hargrave 2021-03-26 11:37:45 
TT 400 225.9 002.4 252.9 -28.2 5.07E-05 001.7 310.4 031.3 0.142116 0.075247 0.021138 hargrave 2021-03-26 17:30:04 
TT 450 225.3 000.5 255.0 -28.7 5.02E-05 000.9 310.9 029.4 0.072025 0.053353 0.042499 hargrave 2021-03-29 13:12:36 
TT 500 225.8 -01.8 257.6 -28.1 4.74E-05 000.7 312.6 027.6 0.067528 0.042741 0.035588 hargrave 2021-03-30 11:51:36 
TT 525 226.5 -02.4 258.2 -27.3 4.86E-05 001.4 313.7 027.4 0.114792 0.061720 0.017715 hargrave 2021-03-31 08:51:53 
TT 550 226.7 -00.7 256.3 -27.2 4.60E-05 002.4 313.0 029.0 0.160195 0.116558 0.021863 hargrave 2021-04-01 10:27:50 
TT 560 227.9 -01.4 257.1 -25.9 4.54E-05 000.8 314.6 028.9 0.057491 0.054894 0.029557 hargrave 2021-04-01 17:33:02 
TT 570 225.9 -01.1 256.8 -28.0 4.48E-05 000.7 312.4 028.3 0.047846 0.048800 0.019516 hargrave 2021-04-02 11:50:32 
TT 580 228.3 -02.6 258.4 -25.5 4.39E-05 001.9 315.6 028.0 0.117653 0.089085 0.017582 hargrave 2021-04-02 16:54:43 
TT 590 221.4 -01.5 257.7 -32.4 4.28E-05 001.7 308.2 025.7 0.098686 0.093621 0.021994 hargrave 2021-04-05 12:51:00 
TT 600 223.6 -05.5 262.1 -29.8 4.23E-05 002.5 312.5 023.3 0.154213 0.110903 0.015323 hargrave 2021-04-06 10:49:24 
TT 610 226.1 001.0 254.4 -27.9 3.69E-05 004.2 311.4 030.2 0.193583 0.186258 0.017579 hargrave 2021-04-07 12:07:06 
TT 620 226.8 000.3 255.2 -27.1 3.66E-05 000.8 312.6 029.9 0.045076 0.056945 0.012833 hargrave 2021-04-08 19:50:40 
TT 630 230.4 -03.9 259.5 -23.2 3.45E-05 001.8 318.4 027.8 0.081494 0.082010 0.024479 hargrave 2021-04-16 16:43:09 
TT 640 225.2 001.6 253.8 -28.8 3.01E-05 002.0 310.2 030.3 0.074613 0.080993 0.019210 hargrave 2021-04-18 19:30:01 
TT 645 241.3 -07.3 262.1 -12.2 2.71E-05 001.9 331.2 028.7 0.083804 0.067007 0.030492 hargrave 2021-04-19 21:37:47 
TT 650 231.3 -08.8 264.7 -21.9 2.57E-05 002.8 321.5 023.7 0.098921 0.090631 0.031272 hargrave 2021-04-21 08:32:05 
TT 655 240.8 -06.3 261.2 -12.8 2.16E-05 001.6 330.3 029.4 0.065468 0.039240 0.027575 hargrave 2021-06-11 14:01:57 
TT 660 222.4 -14.7 272.8 -29.6 1.91E-05 001.4 315.9 014.6 0.052514 0.030368 0.036385 hargrave 2021-06-12 10:07:23 
TT 663 234.5 -18.2 274.1 -17.5 1.81E-05 002.8 328.4 016.2 0.068222 0.071639 0.018288 hargrave 2021-06-12 17:35:01 
TT 667 234.2 011.6 242.8 -20.0 1.02E-05 002.7 314.0 043.3 0.033965 0.034104 0.029269 hargrave 2021-06-22 14:12:13 
TT 670 239.2 -21.3 276.6 -12.6 6.13E-06 002.5 333.8 014.7 0.008540 0.028003 0.016132 hargrave 2021-06-23 11:27:56 
TT 672 206.2 -17.3 281.5 -43.7 7.28E-06 002.9 303.7 004.4 0.029007 0.016165 0.018609 hargrave 2021-06-23 16:06:27 
TT 675 205.3 -19.5 284.7 -43.7 7.17E-06 002.4 304.2 002.1 0.032441 0.008491 0.008027 hargrave 2021-06-24 12:51:51 
TT 677 221.4 035.5 214.9 -27.9 4.83E-06 003.0 276.6 054.5 0.015413 0.008808 0.025655 hargrave 2021-06-24 17:36:27 
TT 679 238.5 005.9 248.7 -15.7 6.92E-06 003.4 322.4 040.0 0.010699 0.040588 0.007651 hargrave 2021-06-25 13:07:21 
TT 680 154.6 -76.5 346.2 -10.3 3.56E-06 004.6 338.8 -53.2 0.006068 0.028479 0.003908 hargrave 2021-06-25 17:39:00 
TT 682 063.0 041.5 116.3 006.2 9.04E-06 002.9 162.6 003.8 0.019405 0.025182 0.039451 hargrave 2021-06-26 12:45:55 
TT 684 008.9 -08.2 061.1 064.7 2.87E-06 002.0 094.2 -14.2 0.009596 0.007539 0.004052 hargrave 2021-06-26 17:19:06 
TT 686 096.1 -34.6 036.6 -16.2 3.98E-06 001.1 208.2 -73.1 0.004834 0.003029 0.007148 hargrave 2021-06-27 13:45:38 
