SC1- 43a mag compass orientation (IGRF corrected)
  92.35 337.6  19.0   0.0   0.0   1.0
NRM    249.5 -49.1 249.5 -49.1 8.48E-05 003.6 001.5 -30.1 0.072975 0.516897 0.102006 hargrave 2021-02-21 14:26:02 
TT 100 246.8 -49.1 246.8 -49.1 8.69E-05 001.2 359.4 -30.1 0.125082 0.068436 0.132463 hargrave 2021-02-28 13:44:49 
TT 200 252.6 -48.9 252.6 -48.9 9.06E-05 002.4 003.8 -30.0 0.120344 0.345450 0.097216 hargrave 2021-03-01 12:48:53 
TT 300 251.7 -48.1 251.7 -48.1 9.25E-05 001.2 003.1 -29.1 0.105769 0.128246 0.110043 hargrave 2021-03-01 17:48:09 
TT 400 253.5 -47.1 253.5 -47.1 9.32E-05 001.0 004.5 -28.2 0.075123 0.123666 0.076030 hargrave 2021-03-02 14:30:56 
TT 450 252.5 -47.1 252.5 -47.1 9.27E-05 001.2 003.7 -28.2 0.106780 0.102468 0.126422 hargrave 2021-03-03 12:33:32 
TT 500 253.2 -46.0 253.2 -46.0 9.19E-05 001.1 004.4 -27.1 0.116523 0.054283 0.142030 hargrave 2021-03-04 10:22:13 
TT 525 252.0 -46.2 252.0 -46.2 9.01E-05 001.1 003.4 -27.3 0.108348 0.094701 0.108744 hargrave 2021-03-04 16:01:36 
TT 550 254.8 -46.4 254.8 -46.4 8.78E-05 001.9 005.6 -27.5 0.097871 0.253615 0.110929 hargrave 2021-03-08 10:14:48 
TT 560 252.2 -46.2 252.2 -46.2 8.54E-05 002.7 003.6 -27.3 0.095721 0.378506 0.099736 hargrave 2021-03-08 15:51:10 
TT 570 252.2 -44.9 252.2 -44.9 8.47E-05 003.4 003.6 -26.0 0.074930 0.494145 0.038595 hargrave 2021-03-09 12:26:29 
TT 580 256.4 -45.1 256.4 -45.1 8.37E-05 001.5 006.9 -26.2 0.077492 0.205790 0.042499 hargrave 2021-03-09 17:29:20 
TT 590 255.5 -45.1 255.5 -45.1 8.25E-05 002.1 006.2 -26.2 0.061025 0.295651 0.040415 hargrave 2021-03-10 17:03:57 
TT 600 254.4 -44.7 254.4 -44.7 8.14E-05 000.5 005.4 -25.8 0.074896 0.045742 0.040299 hargrave 2021-03-11 17:11:15 
TT 610 253.7 -44.7 253.7 -44.7 7.85E-05 001.6 004.8 -25.8 0.086110 0.206306 0.036129 hargrave 2021-03-14 14:36:21 
TT 620 255.4 -44.3 255.4 -44.3 7.63E-05 000.7 006.2 -25.4 0.089226 0.073554 0.037681 hargrave 2021-03-16 11:31:14 
TT 630 262.5 -43.3 262.5 -43.3 7.42E-05 000.7 011.9 -24.8 0.060974 0.068685 0.034619 hargrave 2021-03-16 17:15:59 
TT 640 255.9 -43.4 255.9 -43.4 7.32E-05 001.8 006.6 -24.5 0.078952 0.225093 0.031346 hargrave 2021-03-19 15:27:48 
TT 650 255.7 -42.2 255.7 -42.2 6.90E-05 002.0 006.5 -23.3 0.050734 0.229644 0.038128 hargrave 2021-03-22 16:30:09 
TT 660 255.8 -42.4 255.8 -42.4 6.60E-05 000.8 006.6 -23.5 0.041051 0.087331 0.026410 hargrave 2021-03-23 14:56:33 
TT 664 256.1 -40.0 256.1 -40.0 6.18E-05 000.5 007.0 -21.2 0.040018 0.048663 0.025047 hargrave 2021-03-24 10:58:22 
TT 667 260.4 -40.8 260.4 -40.8 5.78E-05 002.1 010.4 -22.2 0.054547 0.199430 0.032649 hargrave 2021-03-24 15:58:53 
TT 670 260.0 -40.0 260.0 -40.0 5.19E-05 002.1 010.1 -21.4 0.065207 0.184042 0.021764 hargrave 2021-03-25 18:19:40 
TT 672 260.7 -40.7 260.7 -40.7 4.78E-05 001.5 010.6 -22.1 0.048450 0.115044 0.039019 hargrave 2021-03-26 14:26:20 
TT 674 256.1 -42.4 256.1 -42.4 4.55E-05 002.2 006.8 -23.6 0.046761 0.161686 0.056200 hargrave 2021-03-29 10:34:38 
TT 676 255.1 -42.1 255.1 -42.1 4.14E-05 001.6 006.1 -23.3 0.038469 0.060911 0.098195 hargrave 2021-03-29 17:23:09 
TT 678 264.2 -44.0 264.2 -44.0 2.26E-05 002.8 013.2 -25.6 0.056558 0.095932 0.032798 hargrave 2021-03-30 14:39:47 
TT 679 253.8 -43.6 253.8 -43.6 2.16E-05 002.3 004.9 -24.6 0.038887 0.084131 0.011723 hargrave 2021-03-31 13:17:41 
TT 681 242.4 -45.2 242.4 -45.2 1.78E-05 002.8 355.9 -26.2 0.040201 0.083091 0.010207 hargrave 2021-04-01 13:30:21 
TT 683 249.5 -44.5 249.5 -44.5 7.10E-06 003.5 001.5 -25.5 0.010745 0.024807 0.036232 hargrave 2021-04-02 14:16:42 
TT 685 004.2 -09.5 004.2 -09.5 1.48E-06 002.2 112.4 -17.4 0.003760 0.006062 0.001794 hargrave 2021-04-05 10:12:43 
TT 686 328.1  04.1 328.1  04.1 1.52E-06 007.9 082.3  06.9 0.003859 0.004169 0.020634 hargrave 2021-04-05 17:13:55 
