SC1- 5a mag compass orientation (IGRF corrected)
   5.57  20.5  33.0  70.0  95.0   1.0
NRM    251.0 024.0 226.0 -01.1 1.29E-04 000.6 302.4 046.5 0.078377 0.085902 0.069032 hargrave 2021-02-21 13:19:40 
TT 100 248.6 023.4 226.8 -03.3 1.26E-04 002.2 300.2 044.8 0.412235 0.247745 0.042667 hargrave 2021-02-22 14:10:45 
TT 200 252.3 016.8 233.1 000.7 1.25E-04 000.7 308.6 040.7 0.099522 0.093773 0.102575 hargrave 2021-02-23 08:58:06 
TT 300 252.2 012.6 237.2 001.0 1.29E-04 001.0 310.8 036.9 0.158514 0.157613 0.110134 hargrave 2021-02-23 13:39:25 
TT 400 256.3 008.2 241.3 005.5 1.31E-04 002.3 317.6 034.4 0.288397 0.441003 0.129640 hargrave 2021-02-24 10:21:03 
TT 450 254.7 006.9 242.7 004.0 1.32E-04 003.5 316.4 032.6 0.453620 0.662386 0.130321 hargrave 2021-02-24 15:19:07 
TT 500 256.5 003.9 245.5 006.1 1.31E-04 002.7 319.6 030.5 0.471331 0.387593 0.129790 hargrave 2021-02-25 11:57:26 
TT 525 255.2 003.4 246.1 004.9 1.29E-04 001.5 318.5 029.6 0.224626 0.227934 0.145623 hargrave 2021-02-25 17:09:16 
TT 550 255.8 002.8 246.7 005.5 1.28E-04 001.1 319.3 029.2 0.177647 0.116292 0.138232 hargrave 2021-02-26 10:13:07 
TT 560 259.2 001.7 247.5 009.0 1.26E-04 003.3 323.4 029.3 0.503419 0.483840 0.174318 hargrave 2021-02-26 15:25:24 
TT 570 258.7 001.8 247.4 008.5 1.26E-04 001.7 322.8 029.3 0.270524 0.203268 0.167457 hargrave 2021-02-27 10:45:50 
TT 580 259.5 001.9 247.3 009.3 1.23E-04 001.1 323.7 029.6 0.043889 0.195089 0.146293 hargrave 2021-02-28 11:28:17 
TT 590 259.4 001.1 248.0 009.3 1.23E-04 001.6 323.9 028.9 0.263564 0.199624 0.118946 hargrave 2021-03-01 10:07:35 
TT 600 258.1 001.4 247.9 008.0 1.21E-04 001.5 322.4 028.7 0.254213 0.172488 0.099803 hargrave 2021-03-01 15:07:44 
TT 610 256.3 000.9 248.6 006.2 1.12E-04 000.8 320.6 027.6 0.094453 0.097571 0.092394 hargrave 2021-03-02 10:40:54 
TT 620 259.0 -02.0 251.2 009.1 1.08E-04 000.8 324.5 025.8 0.109569 0.066730 0.101437 hargrave 2021-03-02 16:44:10 
TT 630 258.6 -01.5 250.8 008.7 1.03E-04 002.2 324.0 026.1 0.274695 0.288222 0.070945 hargrave 2021-03-03 10:17:12 
TT 640 260.5 -01.4 250.5 010.6 9.74E-05 000.9 326.0 026.8 0.121162 0.074267 0.094295 hargrave 2021-03-03 15:37:52 
TT 650 258.7 -01.6 250.8 008.8 9.16E-05 002.2 324.1 026.1 0.239386 0.244768 0.080720 hargrave 2021-03-04 13:07:15 
TT 660 261.6 001.0 248.0 011.5 8.27E-05 001.5 326.3 029.4 0.182725 0.113753 0.077441 hargrave 2021-03-05 11:18:33 
TT 664 258.4 -00.8 250.1 008.4 8.14E-05 000.9 323.5 026.7 0.081933 0.069276 0.082884 hargrave 2021-03-08 13:21:26 
TT 667 263.7 -02.3 251.1 013.8 7.32E-05 002.7 329.6 026.9 0.140235 0.306296 0.079645 hargrave 2021-03-09 10:06:33 
TT 670 258.6 -01.9 251.2 008.7 6.60E-05 004.3 324.1 025.7 0.298360 0.401410 0.041744 hargrave 2021-03-09 15:05:21 
TT 672 258.2 -01.5 250.8 008.3 5.67E-05 002.4 323.5 026.0 0.137474 0.202817 0.034749 hargrave 2021-03-10 14:15:56 
TT 674 262.2 -03.4 252.4 012.4 5.51E-05 001.6 328.4 025.4 0.077821 0.139019 0.029462 hargrave 2021-03-11 13:53:02 
TT 676 258.4 -06.3 255.6 008.9 4.94E-05 002.3 325.4 021.5 0.126466 0.153527 0.024037 hargrave 2021-03-14 12:09:26 
TT 678 264.7 -01.1 249.8 014.8 4.32E-05 003.3 330.4 028.3 0.135835 0.216525 0.028534 hargrave 2021-03-14 16:56:11 
TT 680 258.3 -02.8 252.1 008.5 3.20E-05 003.3 324.1 024.8 0.102896 0.160834 0.016365 hargrave 2021-03-16 14:21:02 
TT 682 257.5 -07.6 257.0 008.0 2.16E-05 003.0 324.9 020.0 0.074672 0.088243 0.014282 hargrave 2021-03-19 12:24:37 
TT 684 242.2 001.6 249.1 -07.9 1.21E-05 002.4 306.0 022.7 0.041658 0.034483 0.005971 hargrave 2021-03-22 13:12:18 
TT 686 288.2 -06.0 253.7 038.4 1.11E-05 001.4 357.4 027.0 0.023566 0.021999 0.008647 hargrave 2021-03-23 12:26:22 
