SC1- 38a mag compass orientation (IGRF corrected)
  87.65 345.5  79.0  70.0  39.0   1.0
NRM    184.7 -41.3 229.8 -70.5 2.53E-05 001.5 314.4 006.7 0.027392 0.064746 0.041174 hargrave 2021-02-21 14:15:58 
TT 100 186.5 -45.1 241.7 -71.4 2.68E-05 002.1 318.4 006.5 0.046254 0.062281 0.069565 hargrave 2021-02-22 15:05:53 
TT 200 192.0 -51.2 263.2 -70.1 2.85E-05 006.2 325.6 007.2 0.211822 0.223555 0.075228 hargrave 2021-02-23 10:26:34 
TT 300 194.6 -51.6 265.1 -68.5 2.93E-05 001.8 326.7 008.5 0.049556 0.069234 0.066862 hargrave 2021-02-23 14:26:45 
TT 400 195.0 -48.9 258.5 -67.6 2.94E-05 002.1 324.5 010.0 0.088414 0.045426 0.075621 hargrave 2021-02-24 11:06:18 
TT 450 197.8 -52.2 267.9 -66.8 2.94E-05 001.9 328.3 009.8 0.063494 0.072665 0.069974 hargrave 2021-02-24 16:04:38 
TT 500 200.7 -53.6 272.2 -65.3 2.92E-05 001.9 330.5 010.5 0.062434 0.062628 0.071773 hargrave 2021-02-25 12:43:09 
TT 525 200.8 -50.9 265.8 -64.6 2.98E-05 002.6 328.2 012.1 0.097669 0.080498 0.074119 hargrave 2021-02-25 17:57:47 
TT 550 203.1 -52.2 269.7 -63.6 2.83E-05 004.6 330.2 012.5 0.125522 0.178926 0.080296 hargrave 2021-02-26 11:06:13 
TT 560 206.2 -53.9 274.2 -62.2 2.81E-05 002.9 332.7 012.9 0.078132 0.105581 0.072258 hargrave 2021-02-26 16:19:27 
TT 570 206.6 -50.5 267.5 -61.0 2.69E-05 003.2 330.2 015.3 0.089218 0.107882 0.073043 hargrave 2021-02-27 11:39:44 
TT 580 207.1 -52.5 271.7 -61.3 2.72E-05 001.1 332.0 014.2 0.048292 0.040296 0.027368 hargrave 2021-02-28 12:21:46 
TT 590 206.9 -51.3 269.3 -61.1 2.58E-05 005.9 331.0 014.9 0.150493 0.223823 0.037803 hargrave 2021-03-01 11:00:57 
TT 600 199.5 -50.0 263.3 -65.2 2.27E-05 004.2 327.0 011.9 0.089362 0.143725 0.023989 hargrave 2021-03-01 16:01:33 
TT 610 207.1 -47.4 261.9 -59.6 2.11E-05 001.3 327.9 017.5 0.027166 0.044482 0.018224 hargrave 2021-03-02 11:23:50 
TT 620 205.9 -46.4 259.5 -59.9 1.96E-05 004.0 326.6 017.5 0.068214 0.118518 0.016139 hargrave 2021-03-02 17:29:06 
TT 630 206.6 -40.9 250.8 -56.7 2.14E-05 003.7 322.3 021.3 0.097616 0.104344 0.017159 hargrave 2021-03-03 11:10:13 
TT 640 213.4 -42.7 258.4 -53.4 1.94E-05 005.1 327.4 023.9 0.114850 0.134820 0.018549 hargrave 2021-03-03 16:31:12 
TT 650 217.1 -42.6 260.6 -51.1 2.03E-05 003.3 329.5 025.9 0.073503 0.088834 0.030453 hargrave 2021-03-04 14:02:33 
TT 660 214.0 -44.4 261.1 -53.9 1.56E-05 001.5 329.0 023.1 0.031347 0.027536 0.021300 hargrave 2021-03-05 12:16:39 
TT 664 209.4 -45.2 259.6 -57.2 1.57E-05 002.9 327.3 020.1 0.055480 0.055047 0.027591 hargrave 2021-03-08 14:19:09 
TT 667 200.6 -42.1 248.1 -61.1 1.38E-05 005.7 320.6 016.9 0.098045 0.094991 0.026104 hargrave 2021-03-09 10:59:41 
TT 670 212.1 -39.2 252.6 -52.3 1.15E-05 001.5 323.8 025.6 0.021369 0.019051 0.016873 hargrave 2021-03-09 16:01:00 
TT 672 212.1 -24.2 236.1 -42.2 9.77E-06 001.2 310.1 034.9 0.016358 0.014540 0.009381 hargrave 2021-03-10 15:13:12 
TT 674 207.5 -42.0 253.2 -56.7 9.53E-06 006.3 323.7 021.1 0.071638 0.076299 0.014694 hargrave 2021-03-11 14:48:49 
TT 676 215.3 -39.1 254.8 -50.2 8.68E-06 001.3 325.6 027.5 0.014221 0.016526 0.005808 hargrave 2021-03-14 13:03:55 
TT 678 211.4 -35.4 247.3 -50.4 7.10E-06 002.2 320.2 027.6 0.021400 0.018321 0.007459 hargrave 2021-03-14 17:50:04 
TT 680 214.1 -44.1 260.9 -53.7 5.85E-06 002.5 328.9 023.3 0.015598 0.020891 0.004959 hargrave 2021-03-16 15:10:28 
TT 682 242.7 -78.6 321.9 -51.0 4.98E-06 039.7 357.5 000.1 0.017481 0.399639 0.105368 hargrave 2021-03-19 13:05:23 
TT 682 195.2 -50.1 261.6 -67.9 6.32E-06 001.9 325.6 009.5 0.014653 0.012645 0.012037 hargrave 2021-03-19 13:54:28 
TT 684 238.7 -44.0 275.0 -38.9 4.54E-06 003.4 345.7 032.9 0.009651 0.025997 0.007464 hargrave 2021-03-22 13:53:12 
TT 686 249.8 -65.0 303.4 -44.9 3.54E-06 001.5 357.5 013.9 0.006630 0.007405 0.004707 hargrave 2021-03-23 13:17:30 
