SC1- 50a mag compass orientation (IGRF corrected)
   92.4 285.6  15.0   0.0   0.0   1.0
NRM    247.8 -28.2 247.8 -28.2 4.97E-05 003.4 047.3 -18.4 0.224562 0.193071 0.037619 hargrave 2021-02-21 14:37:40 
TT 100 244.3 -31.6 244.3 -31.6 5.15E-05 001.7 043.3 -21.2 0.104038 0.108929 0.042514 hargrave 2021-02-28 13:56:28 
TT 200 244.0 -34.4 244.0 -34.4 5.35E-05 001.3 042.4 -23.8 0.086879 0.087433 0.040052 hargrave 2021-03-01 13:01:23 
TT 300 244.7 -35.3 244.7 -35.3 5.46E-05 006.7 042.8 -24.8 0.435850 0.464964 0.046700 hargrave 2021-03-01 18:00:35 
TT 400 241.9 -36.6 241.9 -36.6 5.72E-05 001.5 040.1 -25.6 0.091241 0.117770 0.053450 hargrave 2021-03-02 14:41:11 
TT 450 244.6 -37.0 244.6 -37.0 5.65E-05 000.7 042.3 -26.5 0.026459 0.050171 0.045833 hargrave 2021-03-03 12:45:57 
TT 500 244.5 -35.8 244.5 -35.8 5.55E-05 000.9 042.5 -25.3 0.050467 0.057579 0.050783 hargrave 2021-03-04 10:34:44 
TT 525 244.5 -36.6 244.5 -36.6 5.48E-05 001.0 042.3 -26.1 0.059132 0.074875 0.042130 hargrave 2021-03-04 16:14:50 
TT 550 244.4 -36.4 244.4 -36.4 5.38E-05 003.0 042.3 -25.8 0.192305 0.199005 0.046783 hargrave 2021-03-08 10:28:06 
TT 560 244.0 -37.0 244.0 -37.0 5.36E-05 000.7 041.8 -26.3 0.045487 0.049601 0.044609 hargrave 2021-03-08 16:03:33 
TT 570 244.2 -36.3 244.2 -36.3 5.21E-05 001.1 042.1 -25.7 0.074983 0.072272 0.025508 hargrave 2021-03-09 12:39:08 
TT 580 244.7 -35.9 244.7 -35.9 5.01E-05 004.1 042.7 -25.4 0.256072 0.255178 0.026285 hargrave 2021-03-09 17:41:11 
TT 590 247.2 -35.2 247.2 -35.2 4.94E-05 000.6 045.0 -25.2 0.047873 0.027878 0.025122 hargrave 2021-03-10 17:15:47 
TT 600 247.9 -35.1 247.9 -35.1 4.70E-05 001.9 045.7 -25.2 0.113978 0.110873 0.024590 hargrave 2021-03-11 17:23:04 
TT 610 246.0 -34.3 246.0 -34.3 4.45E-05 001.1 044.2 -24.1 0.054574 0.061328 0.028757 hargrave 2021-03-14 14:48:14 
TT 620 251.3 -32.5 251.3 -32.5 4.37E-05 004.2 049.3 -23.4 0.249468 0.204903 0.027541 hargrave 2021-03-16 11:43:03 
TT 630 250.1 -32.5 250.1 -32.5 4.42E-05 001.2 048.3 -23.1 0.070394 0.060998 0.024920 hargrave 2021-03-16 17:28:38 
TT 640 246.6 -34.5 246.6 -34.5 4.17E-05 000.5 044.7 -24.3 0.021989 0.024444 0.024494 hargrave 2021-03-19 15:40:33 
TT 650 248.0 -35.3 248.0 -35.3 4.00E-05 001.1 045.7 -25.4 0.044346 0.061604 0.027456 hargrave 2021-03-22 16:42:11 
TT 660 250.1 -32.5 250.1 -32.5 2.75E-05 002.3 048.3 -23.1 0.090345 0.074256 0.016813 hargrave 2021-03-23 15:09:10 
TT 664 246.9 -33.9 246.9 -33.9 2.49E-05 002.6 045.1 -23.8 0.091483 0.071918 0.013998 hargrave 2021-03-24 11:11:12 
TT 667 246.0 -37.6 246.0 -37.6 2.16E-05 001.8 043.4 -27.3 0.048355 0.055473 0.021659 hargrave 2021-03-24 16:11:32 
TT 670 248.2 -32.3 248.2 -32.3 1.80E-05 003.8 046.7 -22.6 0.078433 0.088001 0.042105 hargrave 2021-03-25 18:32:18 
TT 672 243.8 -25.6 243.8 -25.6 1.28E-05 002.9 044.1 -15.2 0.039365 0.058189 0.006018 hargrave 2021-03-26 14:38:14 
TT 674 251.5 -30.8 251.5 -30.8 1.22E-05 002.6 049.9 -21.8 0.043563 0.035234 0.011287 hargrave 2021-03-29 10:46:37 
TT 676 232.6 -26.2 232.6 -26.2 6.96E-06 001.3 033.8 -14.0 0.013024 0.013966 0.003644 hargrave 2021-03-29 17:37:13 
TT 678 239.4 -39.9 239.4 -39.9 5.04E-06 005.8 037.2 -28.4 0.011047 0.017593 0.055559 hargrave 2021-03-30 14:52:33 
TT 679 237.3 -29.3 237.3 -29.3 6.25E-06 005.2 037.5 -17.7 0.033353 0.042864 0.019279 hargrave 2021-03-31 13:30:31 
TT 681 212.9 -10.3 212.9 -10.3 4.19E-06 004.0 017.1  04.0 0.011214 0.027750 0.004149 hargrave 2021-04-01 13:40:55 
TT 683 160.0 -40.9 160.0 -40.9 2.59E-06 003.7 330.0 -28.2 0.006965 0.004228 0.019363 hargrave 2021-04-02 14:27:07 
TT 685 232.0 -30.5 232.0 -30.5 2.73E-06 002.4 032.5 -18.1 0.008920 0.008406 0.002576 hargrave 2021-04-05 10:22:56 
TT 686 273.9  26.6 273.9  26.6 1.60E-06 006.7 086.1  28.7 0.003753 0.003102 0.020527 hargrave 2021-04-05 17:24:21 
