SC1- 40a mag compass orientation (IGRF corrected)
   87.8 338.6  89.0   0.0   0.0   1.0
NRM    210.6  26.9 210.6  26.9 1.88E-05 001.9 231.2  45.3 0.057568 0.038335 0.007412 hargrave 2021-02-21 14:19:15 
TT 100 211.4  21.1 211.4  21.1 1.80E-05 003.6 238.4  48.5 0.100256 0.052311 0.007617 hargrave 2021-02-28 13:40:17 
TT 200 212.1  06.6 212.1  06.6 1.75E-05 001.9 260.3  53.2 0.055038 0.018962 0.011011 hargrave 2021-03-01 12:43:34 
TT 300 216.0 -09.7 216.0 -09.7 1.84E-05 002.0 289.0  55.8 0.060997 0.014822 0.021954 hargrave 2021-03-01 17:43:40 
TT 400 218.9 -22.7 218.9 -22.7 2.03E-05 001.5 311.1  52.6 0.043663 0.017670 0.031125 hargrave 2021-03-02 14:27:13 
TT 450 221.5 -25.3 221.5 -25.3 2.07E-05 001.7 316.9  52.8 0.053176 0.021105 0.027920 hargrave 2021-03-03 12:29:03 
TT 500 224.3 -29.8 224.3 -29.8 2.15E-05 002.3 325.0  51.4 0.069976 0.040135 0.032235 hargrave 2021-03-04 10:17:42 
TT 525 224.7 -31.6 224.7 -31.6 2.19E-05 001.7 327.3  50.3 0.057499 0.024480 0.028591 hargrave 2021-03-04 15:57:06 
TT 550 225.2 -31.5 225.2 -31.5 2.17E-05 002.2 327.7  50.7 0.064916 0.052259 0.021661 hargrave 2021-03-08 10:10:17 
TT 560 229.9 -32.4 229.9 -32.4 2.17E-05 002.7 333.8  52.2 0.077761 0.066199 0.026730 hargrave 2021-03-08 15:46:40 
TT 570 220.6 -27.6 220.6 -27.6 2.09E-05 001.3 318.9  50.7 0.026520 0.039713 0.017314 hargrave 2021-03-09 12:21:00 
TT 580 223.5 -30.2 223.5 -30.2 2.00E-05 001.7 324.6  50.7 0.026029 0.049269 0.021973 hargrave 2021-03-09 17:23:50 
TT 590 223.1 -28.5 223.1 -28.5 1.93E-05 003.6 322.4  51.7 0.060191 0.102504 0.019890 hargrave 2021-03-10 16:58:27 
TT 600 221.6 -24.1 221.6 -24.1 1.84E-05 001.7 315.6  53.7 0.027330 0.046476 0.012172 hargrave 2021-03-11 17:06:35 
TT 610 214.9 -30.0 214.9 -30.0 1.66E-05 002.2 316.8  45.4 0.052100 0.036563 0.011325 hargrave 2021-03-14 14:31:40 
TT 620 212.5 -26.8 212.5 -26.8 1.62E-05 002.6 311.4  45.5 0.046652 0.059362 0.008557 hargrave 2021-03-16 11:26:34 
TT 630 216.9 -26.9 216.9 -26.9 1.63E-05 001.1 314.8  48.7 0.028362 0.017058 0.009426 hargrave 2021-03-16 17:10:26 
TT 640 213.9 -29.9 213.9 -29.9 1.53E-05 002.5 316.0  44.8 0.037520 0.054290 0.013214 hargrave 2021-03-19 15:23:07 
TT 650 217.3 -28.0 217.3 -28.0 1.27E-05 001.6 316.5  48.3 0.034863 0.015327 0.005269 hargrave 2021-03-22 16:25:25 
TT 660 225.8 -30.5 225.8 -30.5 1.05E-05 002.4 327.4  51.8 0.018926 0.037375 0.019976 hargrave 2021-03-23 14:51:52 
TT 664 228.6 -35.0 228.6 -35.0 9.72E-06 004.2 334.4  49.5 0.019425 0.068721 0.003938 hargrave 2021-03-24 10:53:41 
TT 667 215.5 -27.2 215.5 -27.2 9.29E-06 001.6 314.1  47.5 0.024732 0.010894 0.003859 hargrave 2021-03-24 15:54:10 
TT 670 222.7 -36.8 222.7 -36.8 6.13E-06 001.4 330.2  45.2 0.007917 0.011480 0.007149 hargrave 2021-03-25 18:15:00 
TT 672 226.0 -26.3 226.0 -26.3 6.68E-06 001.6 323.0  55.1 0.007413 0.016609 0.007710 hargrave 2021-03-26 14:21:38 
TT 674 229.4 -10.0 229.4 -10.0 5.55E-06 002.6 300.4  68.0 0.020942 0.006705 0.013244 hargrave 2021-03-29 10:29:59 
TT 676 211.6 -32.1 211.6 -32.1 6.06E-06 002.8 316.8  41.8 0.010944 0.011536 0.029193 hargrave 2021-03-29 17:18:36 
TT 678 229.0 -87.7 229.0 -87.7 2.00E-06 042.9 359.2  01.2 0.006204 0.156819 0.099456 hargrave 2021-03-30 14:35:05 
TT 678 200.3 -53.7 200.3 -53.7 2.68E-06 009.0 331.5  22.3 0.006195 0.013956 0.043215 hargrave 2021-03-30 16:06:04 
TT 678 195.5 -49.9 195.5 -49.9 2.67E-06 001.4 326.3  21.9 0.003958 0.005919 0.004035 hargrave 2021-03-30 17:28:56 
TT 679 175.8 -74.0 175.8 -74.0 3.81E-06 005.4 344.7  03.7 0.007277 0.024116 0.027027 hargrave 2021-03-31 13:12:58 
TT 681 197.7 -54.0 197.7 -54.0 3.36E-06 003.8 330.8  20.9 0.011634 0.019280 0.004147 hargrave 2021-04-01 13:26:24 
TT 683 130.4  32.4 130.4  32.4 3.00E-06 004.5 234.0 -22.9 0.008513 0.006833 0.022720 hargrave 2021-04-02 14:13:43 
TT 685 224.4  16.2 224.4  16.2 2.12E-06 002.0 236.2  61.8 0.005464 0.001334 0.006608 hargrave 2021-04-05 10:09:23 
TT 686 252.9  37.4 252.9  37.4 7.59E-07 056.9 174.3  53.4 0.048166 0.004813 0.066732 hargrave 2021-04-05 17:10:50 
TT 686 251.4  43.1 251.4  43.1 6.32E-07 047.8 176.9  47.9 0.045432 0.003049 0.049501 hargrave 2021-04-06 09:12:43 
