SC1- 59a mag compass orientation (IGRF corrected)
  30.37   0.6  41.0   0.0   0.0   1.0
NRM    235.0  39.1 235.0  39.1 3.79E-05 004.0 277.9  62.9 0.258323 0.042355 0.015491 hargrave 2021-03-23 16:54:01 
TT 100 231.9  36.0 231.9  36.0 3.62E-05 001.5 280.2  59.0 0.090155 0.028649 0.019134 hargrave 2021-03-24 13:24:12 
TT 200 225.5  27.9 225.5  27.9 3.33E-05 001.3 284.6  49.7 0.073599 0.037535 0.018177 hargrave 2021-03-25 15:53:30 
TT 300 218.4  22.9 218.4  22.9 3.09E-05 001.4 283.2  41.6 0.054283 0.066861 0.017045 hargrave 2021-03-26 11:39:09 
TT 400 207.4  15.4 207.4  15.4 2.82E-05 001.5 280.2  29.0 0.064137 0.057350 0.017313 hargrave 2021-03-26 17:31:27 
TT 450 206.3  08.9 206.3  08.9 2.68E-05 008.9 284.0  23.4 0.402862 0.122913 0.020039 hargrave 2021-03-29 13:14:02 
TT 450 205.7  09.0 205.7  09.0 2.70E-05 005.6 283.4  23.1 0.255388 0.090701 0.017880 hargrave 2021-03-29 14:26:56 
TT 500 207.2  05.0 207.2  05.0 2.81E-05 003.4 287.5  21.0 0.157193 0.091184 0.021113 hargrave 2021-03-30 11:53:05 
TT 525 206.7  02.9 206.7  02.9 2.92E-05 007.0 288.4  19.1 0.336164 0.142973 0.018403 hargrave 2021-03-31 08:53:16 
TT 550 205.7  04.0 205.7  04.0 2.82E-05 010.0 286.9  19.3 0.474310 0.165753 0.028203 hargrave 2021-04-01 10:29:20 
TT 550 206.0  04.3 206.0  04.3 2.85E-05 007.0 286.9  19.8 0.334792 0.100710 0.012612 hargrave 2021-04-01 11:46:17 
TT 560 207.9 -03.1 207.9 -03.1 2.83E-05 003.4 293.3  15.0 0.146933 0.097469 0.038225 hargrave 2021-04-01 17:34:26 
TT 570 210.9 -01.8 210.9 -01.8 2.94E-05 003.5 294.9  17.9 0.155725 0.104133 0.021473 hargrave 2021-04-02 11:51:56 
TT 580 213.7 -05.2 213.7 -05.2 2.85E-05 006.5 299.4  16.8 0.277118 0.183689 0.028106 hargrave 2021-04-02 16:56:07 
TT 590 212.2 -05.3 212.2 -05.3 2.92E-05 004.0 298.2  15.8 0.172167 0.119388 0.016654 hargrave 2021-04-05 12:52:30 
TT 600 209.5 -06.6 209.5 -06.6 2.54E-05 005.6 296.7  13.2 0.219083 0.136009 0.014880 hargrave 2021-04-06 10:50:50 
TT 610 216.9 -02.7 216.9 -02.7 2.55E-05 001.8 300.6  20.6 0.077201 0.057081 0.015014 hargrave 2021-04-07 12:08:30 
TT 620 210.8 -00.9 210.8 -00.9 2.35E-05 003.5 294.2  18.6 0.139465 0.064588 0.022312 hargrave 2021-04-08 19:52:03 
TT 630 235.2 -10.2 235.2 -10.2 2.01E-05 008.4 321.7  23.2 0.214272 0.208588 0.025078 hargrave 2021-04-16 16:45:07 
TT 630 229.6 -07.6 229.6 -07.6 2.02E-05 002.0 315.0  23.0 0.035204 0.062482 0.025153 hargrave 2021-04-18 12:00:46 
TT 640 221.7 -14.0 221.7 -14.0 1.68E-05 002.6 311.2  13.7 0.063159 0.038443 0.032111 hargrave 2021-04-18 19:31:31 
TT 645 225.1 -12.0 225.1 -12.0 1.55E-05 002.2 313.1  17.0 0.040068 0.055794 0.005340 hargrave 2021-04-19 21:39:15 
TT 650 229.6 -20.9 229.6 -20.9 1.49E-05 001.3 321.4  11.1 0.035664 0.023327 0.010123 hargrave 2021-04-21 08:33:35 
TT 655 239.6 -17.3 239.6 -17.3 1.49E-05 004.7 328.8  18.2 0.075489 0.097876 0.021674 hargrave 2021-06-11 14:03:28 
TT 660 249.8 -13.0 249.8 -13.0 1.27E-05 004.1 337.4  25.4 0.053146 0.077383 0.005699 hargrave 2021-06-12 10:08:52 
TT 663 231.9 -16.5 231.9 -16.5 1.06E-05 006.4 321.4  16.1 0.074445 0.092793 0.014747 hargrave 2021-06-12 17:36:31 
