SC1- 47a mag compass orientation (IGRF corrected)
  92.35 278.6  17.0   0.0   0.0   1.0
NRM    255.9 -49.9 255.9 -49.9 1.11E-04 000.9 052.2 -41.2 0.113443 0.101575 0.097388 hargrave 2021-02-21 14:32:46 
TT 100 256.5 -50.1 256.5 -50.1 1.15E-04 001.8 052.6 -41.5 0.339745 0.090511 0.080999 hargrave 2021-02-28 13:50:27 
TT 200 254.3 -50.9 254.3 -50.9 1.19E-04 002.3 050.5 -41.8 0.431920 0.178832 0.088297 hargrave 2021-03-01 12:54:33 
TT 300 256.0 -50.6 256.0 -50.6 1.21E-04 000.9 051.9 -41.8 0.115203 0.120406 0.094224 hargrave 2021-03-01 17:53:47 
TT 400 257.9 -49.2 257.9 -49.2 1.22E-04 001.0 054.1 -41.1 0.174908 0.145087 0.095487 hargrave 2021-03-02 14:35:30 
TT 450 258.2 -49.9 258.2 -49.9 1.20E-04 000.8 054.0 -41.7 0.135987 0.109159 0.072920 hargrave 2021-03-03 12:39:08 
TT 500 261.4 -48.7 261.4 -48.7 1.18E-04 001.1 057.2 -41.4 0.106921 0.198659 0.090615 hargrave 2021-03-04 10:27:53 
TT 525 259.3 -49.2 259.3 -49.2 1.15E-04 003.3 055.3 -41.4 0.594197 0.291020 0.069810 hargrave 2021-03-04 16:07:13 
TT 550 260.5 -48.6 260.5 -48.6 1.13E-04 000.7 056.5 -41.1 0.092528 0.098091 0.067929 hargrave 2021-03-08 10:20:27 
TT 560 256.6 -50.3 256.6 -50.3 1.10E-04 001.0 052.5 -41.8 0.062385 0.177001 0.074853 hargrave 2021-03-08 15:56:47 
TT 570 260.4 -48.5 260.4 -48.5 1.09E-04 000.6 056.5 -40.9 0.041817 0.107995 0.061879 hargrave 2021-03-09 12:32:15 
TT 580 260.9 -48.4 260.9 -48.4 1.05E-04 001.9 057.0 -41.0 0.305903 0.151388 0.059024 hargrave 2021-03-09 17:35:07 
TT 590 258.9 -48.9 258.9 -48.9 1.02E-04 002.7 055.1 -41.0 0.427093 0.203958 0.073880 hargrave 2021-03-10 17:09:43 
TT 600 259.3 -48.3 259.3 -48.3 1.01E-04 000.7 055.7 -40.5 0.071026 0.096383 0.074655 hargrave 2021-03-11 17:17:01 
TT 610 262.7 -47.0 262.7 -47.0 9.74E-05 001.3 059.1 -40.2 0.203613 0.088585 0.060545 hargrave 2021-03-14 14:42:09 
TT 620 261.0 -48.3 261.0 -48.3 9.67E-05 001.6 057.1 -41.0 0.249529 0.108752 0.058533 hargrave 2021-03-16 11:37:00 
TT 630 259.3 -47.3 259.3 -47.3 9.56E-05 002.3 056.1 -39.6 0.351458 0.162140 0.059315 hargrave 2021-03-16 17:21:45 
TT 640 260.1 -47.3 260.1 -47.3 9.37E-05 001.7 056.8 -39.8 0.262975 0.096184 0.055051 hargrave 2021-03-19 15:33:37 
TT 650 260.0 -46.8 260.0 -46.8 8.89E-05 002.3 057.0 -39.3 0.257386 0.258800 0.051705 hargrave 2021-03-22 16:36:01 
TT 660 261.6 -47.4 261.6 -47.4 7.73E-05 001.3 058.0 -40.3 0.169016 0.075883 0.046926 hargrave 2021-03-23 15:02:19 
TT 664 262.6 -47.3 262.6 -47.3 6.92E-05 000.8 058.9 -40.4 0.042273 0.090569 0.044539 hargrave 2021-03-24 11:04:14 
TT 667 260.4 -46.5 260.4 -46.5 6.54E-05 001.9 057.4 -39.1 0.151176 0.162848 0.034417 hargrave 2021-03-24 16:04:40 
TT 670 260.5 -45.2 260.5 -45.2 5.95E-05 001.2 058.1 -37.9 0.119936 0.048123 0.040333 hargrave 2021-03-25 18:25:27 
TT 672 260.9 -44.9 260.9 -44.9 5.34E-05 002.2 058.5 -37.8 0.150499 0.137771 0.032994 hargrave 2021-03-26 14:32:07 
TT 674 256.3 -47.9 256.3 -47.9 5.05E-05 003.4 053.5 -39.5 0.273710 0.133673 0.038795 hargrave 2021-03-29 10:40:26 
TT 676 263.2 -46.0 263.2 -46.0 4.41E-05 002.4 060.0 -39.3 0.164834 0.090165 0.055333 hargrave 2021-03-29 17:28:49 
TT 678 257.2 -42.4 257.2 -42.4 2.73E-05 003.3 056.5 -34.5 0.139060 0.089222 0.028373 hargrave 2021-03-30 14:45:37 
TT 679 256.1 -45.4 256.1 -45.4 2.87E-05 003.1 054.4 -37.1 0.137523 0.084084 0.034519 hargrave 2021-03-31 13:23:33 
TT 681 260.0 -48.8 260.0 -48.8 2.14E-05 002.1 056.0 -41.1 0.053377 0.070166 0.027550 hargrave 2021-04-01 13:35:07 
TT 683 259.9 -49.6 259.9 -49.6 1.58E-05 004.9 055.5 -41.9 0.118714 0.066675 0.025360 hargrave 2021-04-02 14:22:22 
TT 685 270.4 -42.4 270.4 -42.4 7.65E-06 002.1 067.8 -37.9 0.026327 0.011274 0.007819 hargrave 2021-04-05 10:18:40 
TT 686 271.6 -40.5 271.6 -40.5 9.63E-06 002.2 069.7 -36.5 0.027545 0.014023 0.025373 hargrave 2021-04-05 17:19:36 
