SC1- 28a mag compass orientation (IGRF corrected)
  68.16 177.5  19.0  64.0  81.0   1.0
NRM    229.1 008.7 232.8 -13.2 3.32E-05 002.9 141.8 -06.3 0.113588 0.125960 0.025994 hargrave 2021-02-21 13:56:57 
TT 100 235.2 001.9 240.7 -08.4 3.32E-05 001.0 146.6 -14.1 0.026915 0.046161 0.039204 hargrave 2021-02-22 14:48:16 
TT 200 223.7 -06.0 247.0 -20.9 3.43E-05 002.2 133.1 -19.4 0.092009 0.098501 0.021123 hargrave 2021-02-23 10:11:22 
TT 300 218.0 -08.7 249.2 -26.8 3.66E-05 001.4 126.6 -20.6 0.067192 0.091707 0.032297 hargrave 2021-02-23 14:11:02 
TT 400 223.9 -10.4 251.7 -21.2 3.80E-05 001.5 132.2 -23.7 0.075665 0.076828 0.041872 hargrave 2021-02-24 10:51:29 
TT 450 223.0 -11.9 253.3 -22.3 3.82E-05 001.3 130.8 -25.0 0.069214 0.049492 0.049178 hargrave 2021-02-24 15:49:35 
TT 500 223.0 -13.0 254.4 -22.4 3.85E-05 002.3 130.5 -26.0 0.087884 0.150969 0.039162 hargrave 2021-02-25 12:27:15 
TT 525 224.0 -14.0 255.6 -21.4 3.82E-05 006.6 131.3 -27.3 0.346023 0.278889 0.035769 hargrave 2021-02-25 17:41:46 
TT 550 222.9 -14.8 256.3 -22.6 3.78E-05 001.1 129.9 -27.7 0.027038 0.050759 0.046854 hargrave 2021-02-26 10:49:34 
TT 560 220.0 -14.6 256.0 -25.4 3.68E-05 000.9 126.9 -26.8 0.024353 0.048084 0.038203 hargrave 2021-02-26 16:01:58 
TT 570 220.6 -15.3 256.7 -24.9 3.52E-05 001.9 127.3 -27.6 0.075891 0.078606 0.043501 hargrave 2021-02-27 11:22:18 
TT 580 221.3 -15.0 256.4 -24.1 3.55E-05 003.9 128.2 -27.5 0.173080 0.160325 0.042851 hargrave 2021-02-28 12:04:58 
TT 590 216.0 -16.6 258.1 -29.3 3.43E-05 001.8 122.1 -27.7 0.085543 0.060701 0.032761 hargrave 2021-03-01 10:44:07 
TT 600 221.7 -14.4 255.9 -23.7 3.29E-05 001.2 128.7 -27.1 0.045720 0.042447 0.030223 hargrave 2021-03-01 15:44:39 
TT 610 222.9 -16.3 258.0 -22.6 3.12E-05 004.7 129.5 -29.2 0.192080 0.177773 0.034633 hargrave 2021-03-02 11:10:18 
TT 620 222.4 -17.1 258.8 -23.2 3.14E-05 001.5 128.7 -29.8 0.054012 0.070246 0.024579 hargrave 2021-03-02 17:14:26 
TT 630 223.3 -19.6 261.6 -22.4 2.89E-05 002.5 128.9 -32.5 0.086961 0.093125 0.017193 hargrave 2021-03-03 10:53:35 
TT 640 223.6 -17.7 259.5 -22.1 2.72E-05 003.2 129.8 -30.7 0.120186 0.093678 0.035767 hargrave 2021-03-03 16:14:26 
TT 650 226.6 -19.1 261.2 -19.3 2.76E-05 001.4 132.6 -32.8 0.045687 0.052155 0.030691 hargrave 2021-03-04 13:45:09 
TT 660 224.9 -16.2 258.0 -20.8 2.44E-05 002.4 131.6 -29.6 0.080422 0.064999 0.030322 hargrave 2021-03-05 11:58:24 
TT 664 223.1 -15.0 256.6 -22.3 2.27E-05 003.5 130.1 -28.0 0.108375 0.084166 0.029884 hargrave 2021-03-08 14:00:56 
TT 667 226.1 -20.8 262.9 -19.9 1.99E-05 002.4 131.5 -34.3 0.068795 0.049884 0.025723 hargrave 2021-03-09 10:43:00 
TT 670 225.0 -14.5 256.2 -20.5 1.83E-05 002.3 132.2 -28.0 0.058956 0.046116 0.024047 hargrave 2021-03-09 15:43:24 
TT 672 227.2 -18.8 260.9 -18.7 1.53E-05 001.8 133.3 -32.7 0.039691 0.028798 0.019717 hargrave 2021-03-10 14:55:37 
TT 674 226.9 -13.8 255.6 -18.7 1.50E-05 002.2 134.4 -27.7 0.045885 0.034108 0.021902 hargrave 2021-03-11 14:31:12 
TT 676 221.6 -30.1 273.0 -23.8 1.23E-05 001.4 123.2 -42.1 0.023638 0.019731 0.011966 hargrave 2021-03-14 12:46:33 
TT 678 224.5 -27.7 270.3 -21.3 1.02E-05 004.7 127.4 -40.6 0.068371 0.050038 0.011584 hargrave 2021-03-14 17:32:37 
TT 680 231.6 -09.7 251.9 -13.6 8.33E-06 005.3 140.5 -24.8 0.047713 0.061244 0.008870 hargrave 2021-03-16 14:56:12 
TT 682 203.1 -28.3 273.6 -40.1 3.31E-06 001.4 104.5 -34.9 0.007026 0.006408 0.002194 hargrave 2021-03-19 12:54:13 
TT 684 277.4 -17.9 269.9 027.9 2.98E-06 002.1 191.7 -36.6 0.005307 0.009557 0.005204 hargrave 2021-03-22 13:41:40 
TT 686 278.6 -28.3 281.0 024.9 2.89E-06 002.0 194.4 -46.8 0.003981 0.008943 0.005291 hargrave 2021-03-23 13:02:23 
