SC1- 24a mag compass orientation (IGRF corrected)
  67.67 179.5  28.0  64.0  81.0   1.0
NRM    238.2 -10.0 253.1 -07.2 5.54E-05 000.9 142.3 -33.3 0.071117 0.046035 0.034426 hargrave 2021-02-21 13:51:05 
TT 100 239.2 -13.1 256.3 -06.7 5.98E-05 002.0 142.3 -36.5 0.118816 0.161944 0.066784 hargrave 2021-02-22 14:42:21 
TT 200 235.3 -17.8 260.6 -10.9 6.74E-05 001.7 135.9 -39.8 0.093224 0.179606 0.038527 hargrave 2021-02-23 10:06:38 
TT 300 237.9 -18.3 261.4 -08.6 7.45E-05 001.1 138.7 -41.1 0.086732 0.094868 0.072404 hargrave 2021-02-23 14:06:17 
TT 400 237.6 -19.3 262.3 -09.0 7.63E-05 003.0 137.9 -41.9 0.261298 0.301745 0.073553 hargrave 2021-02-24 10:46:31 
TT 450 237.8 -19.1 262.1 -08.8 8.08E-05 001.7 138.2 -41.8 0.140603 0.190878 0.065594 hargrave 2021-02-24 15:44:48 
TT 500 238.8 -20.5 263.6 -08.0 8.29E-05 001.7 138.8 -43.4 0.131963 0.209728 0.062017 hargrave 2021-02-25 12:22:32 
TT 525 239.2 -19.2 262.4 -07.4 8.20E-05 000.9 139.9 -42.3 0.061640 0.104696 0.053085 hargrave 2021-02-25 17:37:00 
TT 550 239.8 -19.2 262.4 -06.9 7.90E-05 001.4 140.6 -42.5 0.098797 0.162822 0.061933 hargrave 2021-02-26 10:43:41 
TT 560 238.1 -19.6 262.7 -08.5 7.84E-05 000.7 138.4 -42.4 0.038547 0.062691 0.068413 hargrave 2021-02-26 15:56:04 
TT 570 238.8 -19.7 262.9 -07.9 7.66E-05 001.0 139.2 -42.7 0.084402 0.075854 0.077121 hargrave 2021-02-27 11:16:25 
TT 580 241.6 -18.1 261.6 -05.1 7.52E-05 000.7 143.2 -42.0 0.048334 0.061887 0.073803 hargrave 2021-02-28 11:59:03 
TT 590 240.5 -18.7 262.0 -06.1 7.30E-05 001.6 141.7 -42.2 0.110663 0.163676 0.071638 hargrave 2021-03-01 10:38:10 
TT 600 239.2 -16.6 259.7 -07.1 7.27E-05 001.3 141.0 -39.8 0.116961 0.113449 0.064146 hargrave 2021-03-01 15:38:41 
TT 610 238.5 -17.8 260.9 -08.0 6.70E-05 001.3 139.6 -40.8 0.098206 0.116229 0.050855 hargrave 2021-03-02 11:05:38 
TT 620 242.3 -17.2 260.8 -04.3 6.38E-05 001.3 144.4 -41.3 0.093842 0.112201 0.057306 hargrave 2021-03-02 17:09:41 
TT 630 241.7 -19.1 262.6 -05.1 6.12E-05 001.7 143.0 -43.0 0.099647 0.149905 0.048792 hargrave 2021-03-03 10:47:42 
TT 640 238.0 -20.1 263.1 -08.6 6.25E-05 003.0 138.1 -42.8 0.221170 0.230214 0.053251 hargrave 2021-03-03 16:08:31 
TT 650 240.4 -17.9 261.2 -06.1 5.66E-05 000.9 141.9 -41.4 0.052765 0.065670 0.053285 hargrave 2021-03-04 13:38:29 
TT 660 239.0 -18.0 261.1 -07.5 5.30E-05 001.1 140.1 -41.1 0.082891 0.054189 0.033185 hargrave 2021-03-05 11:52:29 
TT 664 238.7 -19.1 262.2 -07.9 4.89E-05 000.9 139.3 -42.1 0.061962 0.036234 0.032669 hargrave 2021-03-08 13:54:15 
TT 667 242.7 -15.9 259.6 -03.7 4.80E-05 001.7 145.4 -40.2 0.101334 0.091972 0.057347 hargrave 2021-03-09 10:37:07 
TT 670 242.6 -22.4 266.0 -04.7 3.74E-05 002.5 142.7 -46.4 0.106267 0.124849 0.034185 hargrave 2021-03-09 15:36:25 
TT 672 247.3 -21.3 265.5 -00.2 3.64E-05 001.1 149.2 -46.5 0.044404 0.044275 0.040107 hargrave 2021-03-10 14:48:39 
TT 674 239.6 -21.1 264.3 -07.3 3.78E-05 003.3 139.5 -44.2 0.156195 0.151602 0.035741 hargrave 2021-03-11 14:24:13 
TT 676 247.9 -12.5 256.9 001.8 3.31E-05 003.9 152.8 -38.1 0.110371 0.198759 0.037354 hargrave 2021-03-14 12:40:43 
TT 678 242.1 -11.9 255.4 -03.7 2.71E-05 001.5 146.1 -36.1 0.051557 0.054942 0.019214 hargrave 2021-03-14 17:26:44 
TT 680 247.2 -21.2 265.4 -00.3 2.43E-05 001.0 149.1 -46.4 0.032567 0.031190 0.011763 hargrave 2021-03-16 14:50:06 
TT 682 256.6 -23.8 269.7 007.7 1.43E-05 001.0 161.2 -50.8 0.020884 0.011549 0.011695 hargrave 2021-03-19 12:49:16 
TT 684 260.4 -34.4 280.9 008.2 1.41E-05 001.2 164.0 -61.8 0.024090 0.016157 0.005065 hargrave 2021-03-22 13:36:37 
TT 686 262.0 -28.9 275.9 011.1 7.41E-06 002.9 168.1 -56.5 0.016528 0.032134 0.011609 hargrave 2021-03-23 12:56:17 
