SC1- 26a sun compass orientation
 667.72 239.3  14.0   0.0   0.0   1.0
NRM    204.5  11.1 204.5  11.1 1.40E-05 003.1 058.3  18.8 0.062651 0.044078 0.021795 hargrave 2021-02-21 13:54:04 
TT 100 207.1 -08.8 207.1 -08.8 1.59E-05 002.7 056.8 -01.2 0.068218 0.042019 0.023271 hargrave 2021-02-22 14:45:23 
TT 200 204.1 -26.0 204.1 -26.0 1.87E-05 002.7 050.3 -17.4 0.078614 0.036564 0.034089 hargrave 2021-02-23 10:09:03 
TT 300 203.6 -30.2 203.6 -30.2 2.03E-05 002.7 048.9 -21.5 0.060862 0.076386 0.023874 hargrave 2021-02-23 14:08:43 
TT 400 204.5 -33.2 204.5 -33.2 2.18E-05 002.5 049.1 -24.6 0.086030 0.067113 0.016077 hargrave 2021-02-24 10:49:03 
TT 450 205.1 -33.4 205.1 -33.4 2.26E-05 001.9 049.6 -24.8 0.060513 0.036734 0.027695 hargrave 2021-02-24 15:47:16 
TT 500 206.2 -34.6 206.2 -34.6 2.25E-05 002.1 050.3 -26.2 0.044447 0.071317 0.024679 hargrave 2021-02-25 12:24:56 
TT 525 199.4 -37.0 199.4 -37.0 2.16E-05 006.2 043.6 -27.4 0.173636 0.156314 0.026260 hargrave 2021-02-25 17:39:25 
TT 550 206.1 -34.4 206.1 -34.4 2.14E-05 002.6 050.2 -26.0 0.083221 0.053810 0.024939 hargrave 2021-02-26 10:46:40 
TT 560 205.6 -34.5 205.6 -34.5 2.11E-05 001.9 049.7 -26.0 0.056575 0.041471 0.025682 hargrave 2021-02-26 15:59:04 
TT 570 201.4 -36.0 201.4 -36.0 2.10E-05 001.8 045.6 -26.8 0.054306 0.041138 0.021755 hargrave 2021-02-27 11:19:25 
TT 580 210.5 -36.1 210.5 -36.1 2.03E-05 003.4 053.7 -28.6 0.106189 0.061620 0.021512 hargrave 2021-02-28 12:02:03 
TT 590 207.2 -36.2 207.2 -36.2 1.99E-05 004.1 050.7 -28.0 0.122363 0.074095 0.022158 hargrave 2021-03-01 10:41:12 
TT 600 206.7 -36.3 206.7 -36.3 1.91E-05 003.3 050.3 -28.0 0.094551 0.060481 0.016429 hargrave 2021-03-01 15:41:44 
TT 610 215.2 -36.6 215.2 -36.6 1.66E-05 001.3 057.7 -30.0 0.024105 0.025967 0.016596 hargrave 2021-03-02 11:08:01 
TT 620 220.3 -30.6 220.3 -30.6 1.55E-05 001.9 064.1 -25.3 0.048108 0.015514 0.013105 hargrave 2021-03-02 17:12:06 
TT 630 214.7 -35.2 214.7 -35.2 1.35E-05 003.3 057.7 -28.5 0.069094 0.037337 0.008495 hargrave 2021-03-03 10:50:42 
TT 640 217.1 -31.8 217.1 -31.8 1.40E-05 002.2 060.9 -25.7 0.049704 0.026016 0.010447 hargrave 2021-03-03 16:11:32 
TT 650 219.7 -28.3 219.7 -28.3 1.29E-05 001.4 064.2 -22.9 0.028349 0.021204 0.006754 hargrave 2021-03-04 13:42:16 
TT 660 222.3 -22.2 222.3 -22.2 1.27E-05 001.5 068.2 -17.5 0.031361 0.021718 0.008120 hargrave 2021-03-05 11:55:30 
TT 664 214.2 -29.9 214.2 -29.9 1.23E-05 001.2 058.7 -23.2 0.019128 0.024768 0.006564 hargrave 2021-03-08 13:58:03 
TT 667 219.0 -25.8 219.0 -25.8 1.25E-05 001.1 064.2 -20.3 0.021231 0.021254 0.006543 hargrave 2021-03-09 10:40:06 
TT 670 221.3 -38.0 221.3 -38.0 1.17E-05 001.1 062.7 -32.6 0.018250 0.019183 0.005034 hargrave 2021-03-09 15:40:25 
TT 672 206.4 -37.3 206.4 -37.3 8.39E-06 002.9 049.8 -28.9 0.038917 0.023438 0.004009 hargrave 2021-03-10 14:52:40 
TT 674 211.0 -34.3 211.0 -34.3 9.65E-06 005.6 054.6 -26.8 0.081704 0.051302 0.004048 hargrave 2021-03-11 14:28:13 
TT 676 221.8 -38.0 221.8 -38.0 9.86E-06 002.9 063.3 -32.7 0.049240 0.017393 0.003463 hargrave 2021-03-14 12:43:41 
TT 678 211.6 -26.9 211.6 -26.9 8.44E-06 001.1 057.1 -19.8 0.013758 0.015271 0.007050 hargrave 2021-03-14 17:29:44 
TT 680 230.7 -36.1 230.7 -36.1 6.56E-06 001.1 072.0 -32.8 0.009376 0.011560 0.002547 hargrave 2021-03-16 14:52:59 
TT 682 223.5 -18.3 223.5 -18.3 4.35E-06 002.4 070.3 -14.0 0.012533 0.018519 0.003612 hargrave 2021-03-19 12:51:35 
TT 684 222.3 -62.3 222.3 -62.3 3.26E-06 001.9 052.1 -55.7 0.009433 0.005244 0.003677 hargrave 2021-03-22 13:38:58 
TT 686 244.9 -61.6 244.9 -61.6 4.49E-06 001.8 070.5 -59.8 0.013277 0.003942 0.002337 hargrave 2021-03-23 12:59:10 
