SC1- 72a mag compass orientation (IGRF corrected)
 92.765 200.6   8.0   0.0   0.0   1.0
NRM    252.7 -35.4 252.7 -35.4 3.40E-05 002.2 138.0 -41.6 0.086948 0.101153 0.037344 hargrave 2021-03-23 17:16:36 
TT 100 251.2 -39.2 251.2 -39.2 3.48E-05 001.6 135.8 -45.2 0.040686 0.080913 0.045270 hargrave 2021-03-24 13:47:49 
TT 200 245.2 -45.4 245.2 -45.4 3.83E-05 003.0 127.9 -50.7 0.153192 0.131145 0.034277 hargrave 2021-03-25 16:15:57 
TT 300 247.6 -46.5 247.6 -46.5 3.96E-05 002.2 130.3 -52.0 0.110671 0.104984 0.028374 hargrave 2021-03-26 12:01:36 
TT 400 246.5 -47.4 246.5 -47.4 3.98E-05 001.4 128.9 -52.8 0.058570 0.070300 0.040053 hargrave 2021-03-26 17:53:51 
TT 450 248.8 -47.5 248.8 -47.5 3.98E-05 001.6 131.4 -53.2 0.080659 0.074332 0.038772 hargrave 2021-03-29 13:37:51 
TT 500 249.1 -47.4 249.1 -47.4 3.96E-05 001.9 131.7 -53.1 0.102934 0.074246 0.030426 hargrave 2021-03-30 12:14:44 
TT 525 243.6 -47.9 243.6 -47.9 3.88E-05 001.8 125.4 -53.0 0.096924 0.068292 0.022194 hargrave 2021-03-31 09:15:38 
TT 550 245.7 -47.4 245.7 -47.4 3.81E-05 002.0 128.0 -52.7 0.119658 0.062388 0.016190 hargrave 2021-04-01 10:51:01 
TT 560 245.5 -47.7 245.5 -47.7 3.72E-05 001.7 127.6 -53.0 0.094169 0.063426 0.015631 hargrave 2021-04-01 17:57:45 
TT 570 246.2 -47.4 246.2 -47.4 3.69E-05 002.1 128.5 -52.8 0.113929 0.074710 0.017745 hargrave 2021-04-02 12:12:51 
TT 580 249.4 -45.8 249.4 -45.8 3.63E-05 002.6 132.4 -51.5 0.132314 0.094650 0.029253 hargrave 2021-04-02 17:17:01 
TT 590 248.8 -46.2 248.8 -46.2 3.46E-05 001.2 131.7 -51.9 0.048229 0.057094 0.026296 hargrave 2021-04-05 13:14:15 
TT 600 250.6 -45.9 250.6 -45.9 3.31E-05 001.6 133.8 -51.7 0.066488 0.045223 0.053929 hargrave 2021-04-06 11:11:46 
TT 610 249.2 -44.8 249.2 -44.8 3.26E-05 003.0 132.4 -50.5 0.131543 0.106969 0.043466 hargrave 2021-04-07 12:30:53 
TT 620 247.0 -46.1 247.0 -46.1 3.21E-05 003.2 129.7 -51.6 0.143895 0.107466 0.023822 hargrave 2021-04-08 20:14:31 
TT 630 245.1 -45.2 245.1 -45.2 3.13E-05 002.6 127.8 -50.5 0.116996 0.084965 0.016931 hargrave 2021-04-16 17:02:35 
TT 640 247.3 -44.9 247.3 -44.9 3.08E-05 003.4 130.4 -50.4 0.144641 0.114551 0.019769 hargrave 2021-04-18 19:53:12 
TT 645 245.5 -46.2 245.5 -46.2 3.08E-05 003.1 128.0 -51.6 0.130168 0.105818 0.015446 hargrave 2021-04-19 22:04:53 
TT 650 247.5 -44.6 247.5 -44.6 2.87E-05 002.5 130.6 -50.1 0.102668 0.077146 0.021856 hargrave 2021-04-21 08:56:10 
TT 655 247.2 -44.0 247.2 -44.0 2.49E-05 001.1 130.4 -49.5 0.036209 0.027333 0.030597 hargrave 2021-06-11 14:27:00 
TT 660 246.7 -43.0 246.7 -43.0 2.24E-05 001.7 130.1 -48.5 0.056282 0.035842 0.024573 hargrave 2021-06-12 10:31:21 
TT 663 247.3 -41.6 247.3 -41.6 2.18E-05 003.1 131.1 -47.1 0.093408 0.070433 0.028734 hargrave 2021-06-12 17:58:09 
