SC1- 25a sun compass orientation
  67.72 237.5  20.0  64.0  81.0   1.0
NRM    256.8 -05.5 251.6 011.7 1.35E-05 004.7 106.4 -11.7 0.098113 0.067638 0.032899 hargrave 2021-02-21 13:52:34 
TT 100 251.8 -15.2 260.3 005.1 1.52E-05 005.7 098.2 -19.2 0.141756 0.070356 0.030997 hargrave 2021-02-22 14:43:53 
TT 200 243.4 -28.2 271.9 -04.8 1.67E-05 002.7 085.0 -28.4 0.045889 0.067431 0.040911 hargrave 2021-02-23 10:07:51 
TT 300 239.9 -29.0 272.2 -07.9 1.65E-05 005.5 081.5 -27.9 0.152670 0.051565 0.034295 hargrave 2021-02-23 14:07:28 
TT 400 241.6 -29.7 273.1 -06.5 1.69E-05 003.6 082.7 -29.1 0.095426 0.066110 0.032971 hargrave 2021-02-24 10:47:47 
TT 450 241.6 -29.7 273.1 -06.5 1.71E-05 004.0 082.7 -29.1 0.107627 0.055867 0.034738 hargrave 2021-02-24 15:45:59 
TT 500 239.5 -30.5 273.7 -08.4 1.68E-05 002.8 080.4 -29.1 0.062842 0.060946 0.034377 hargrave 2021-02-25 12:23:44 
TT 525 239.2 -29.2 272.5 -08.5 1.73E-05 002.9 080.7 -27.9 0.072310 0.059704 0.036940 hargrave 2021-02-25 17:38:12 
TT 550 237.4 -32.4 275.5 -10.3 1.79E-05 005.0 077.7 -30.2 0.147202 0.058398 0.033673 hargrave 2021-02-26 10:45:11 
TT 560 241.4 -32.1 275.5 -07.0 1.75E-05 004.1 081.4 -31.3 0.113147 0.060256 0.034523 hargrave 2021-02-26 15:57:34 
TT 570 236.0 -34.6 277.7 -11.6 1.67E-05 002.7 075.4 -31.8 0.052898 0.062624 0.034383 hargrave 2021-02-27 11:17:55 
TT 580 235.4 -30.8 273.8 -11.9 1.63E-05 002.8 076.6 -28.1 0.077522 0.055635 0.017575 hargrave 2021-02-28 12:00:33 
TT 590 237.9 -31.3 274.4 -09.9 1.60E-05 003.5 078.6 -29.3 0.095381 0.054189 0.020696 hargrave 2021-03-01 10:39:41 
TT 600 234.3 -33.0 276.0 -13.0 1.53E-05 003.4 074.6 -29.7 0.085402 0.058929 0.018477 hargrave 2021-03-01 15:40:13 
TT 610 233.8 -30.0 272.9 -13.3 1.41E-05 002.8 075.5 -26.8 0.068191 0.046031 0.019384 hargrave 2021-03-02 11:06:50 
TT 620 231.3 -24.2 266.8 -15.2 1.19E-05 005.0 075.6 -20.6 0.103831 0.048924 0.025068 hargrave 2021-03-02 17:10:53 
TT 630 239.4 -29.8 273.1 -08.5 1.16E-05 004.7 080.6 -28.5 0.089475 0.047719 0.033989 hargrave 2021-03-03 10:49:12 
TT 640 234.5 -20.8 263.5 -12.0 1.24E-05 006.4 079.8 -18.5 0.136469 0.055662 0.032218 hargrave 2021-03-03 16:10:02 
TT 650 231.8 -27.5 270.2 -15.0 1.08E-05 003.4 074.7 -23.8 0.062196 0.022411 0.009705 hargrave 2021-03-04 13:40:47 
TT 660 233.7 -19.8 262.4 -12.6 1.03E-05 004.3 079.5 -17.3 0.070599 0.030712 0.028336 hargrave 2021-03-05 11:54:00 
TT 664 229.2 -29.0 271.6 -17.3 9.63E-06 003.3 071.8 -24.3 0.054074 0.020005 0.007583 hargrave 2021-03-08 13:56:33 
TT 667 234.5 -18.4 261.0 -11.8 8.69E-06 005.2 080.7 -16.2 0.070450 0.030604 0.030834 hargrave 2021-03-09 10:38:37 
TT 670 222.2 -16.5 258.2 -23.3 8.00E-06 002.4 070.1 -10.4 0.029094 0.018463 0.010454 hargrave 2021-03-09 15:38:51 
TT 672 230.5 -17.3 259.6 -15.5 7.59E-06 001.2 077.4 -13.9 0.014306 0.011077 0.009398 hargrave 2021-03-10 14:51:05 
TT 674 238.1 -09.9 252.9 -07.3 6.91E-06 003.0 087.1 -09.5 0.035053 0.010193 0.010390 hargrave 2021-03-11 14:26:39 
TT 676 250.0 002.8 242.2 006.4 6.68E-06 004.6 102.7 -01.6 0.041494 0.025813 0.032528 hargrave 2021-03-14 12:42:12 
TT 678 239.5 -18.1 261.3 -07.0 7.54E-06 003.4 085.5 -17.7 0.027776 0.025877 0.033495 hargrave 2021-03-14 17:28:13 
TT 680 250.5 -06.4 251.3 005.4 4.87E-06 003.5 100.1 -10.4 0.013255 0.007593 0.027475 hargrave 2021-03-16 14:51:32 
TT 682 239.3 -10.9 254.0 -06.3 3.43E-06 002.5 087.9 -10.8 0.014560 0.006022 0.004747 hargrave 2021-03-19 12:50:25 
TT 684 276.0 -36.6 287.9 019.1 2.93E-06 004.2 112.9 -47.0 0.008976 0.006964 0.029134 hargrave 2021-03-22 13:37:48 
TT 686 233.0 -01.6 243.9 -11.1 3.76E-06 004.0 085.2 -00.0 0.025978 0.006423 0.004036 hargrave 2021-03-23 12:57:43 
