SC1- 9a mag compass orientation (IGRF corrected)
  26.13 314.5  22.0  74.0  93.0   1.0
NRM    195.7 -21.8 294.2 -50.3 9.87E-05 000.9 333.4 -02.3 0.053560 0.057875 0.139652 hargrave 2021-02-21 13:25:24 
TT 100 192.1 -24.1 300.3 -51.5 9.74E-05 001.5 330.6 -05.2 0.102908 0.174668 0.164787 hargrave 2021-02-22 14:16:30 
TT 200 193.4 -26.8 302.3 -48.8 9.73E-05 003.6 332.3 -07.6 0.284127 0.533873 0.143603 hargrave 2021-02-23 09:03:52 
TT 300 192.3 -28.6 305.2 -48.3 9.74E-05 001.1 331.7 -09.5 0.089269 0.100089 0.161547 hargrave 2021-02-23 13:44:00 
TT 400 194.0 -30.2 305.4 -46.1 9.76E-05 001.5 333.5 -10.8 0.072690 0.229548 0.161637 hargrave 2021-02-24 10:25:40 
TT 450 194.7 -30.6 305.2 -45.4 9.69E-05 002.1 334.2 -11.1 0.187283 0.272250 0.156031 hargrave 2021-02-24 15:23:46 
TT 500 193.8 -30.7 306.1 -45.9 9.58E-05 005.7 333.4 -11.3 0.443146 0.849787 0.159979 hargrave 2021-02-25 12:02:06 
TT 525 194.3 -30.7 305.8 -45.6 9.37E-05 003.1 333.8 -11.3 0.252621 0.420934 0.155737 hargrave 2021-02-25 17:14:05 
TT 550 193.9 -31.6 306.9 -45.2 9.27E-05 001.9 333.7 -12.2 0.114873 0.250622 0.158977 hargrave 2021-02-26 10:18:50 
TT 560 190.7 -30.5 308.7 -47.9 9.00E-05 002.6 330.7 -11.7 0.198100 0.335666 0.146767 hargrave 2021-02-26 15:31:12 
TT 570 195.1 -31.2 305.5 -44.8 8.83E-05 002.4 334.6 -11.6 0.168184 0.301219 0.143786 hargrave 2021-02-27 10:51:34 
TT 580 195.0 -32.1 306.5 -44.2 8.65E-05 003.3 334.7 -12.5 0.240412 0.425649 0.134148 hargrave 2021-02-28 11:34:02 
TT 590 194.9 -32.9 307.4 -43.7 8.46E-05 001.2 334.8 -13.3 0.071707 0.084592 0.148077 hargrave 2021-03-01 10:13:17 
TT 600 192.7 -32.4 308.8 -45.4 7.60E-05 003.1 332.8 -13.2 0.167875 0.361780 0.125651 hargrave 2021-03-01 15:13:32 
TT 610 191.3 -32.6 310.1 -46.0 7.01E-05 002.3 331.7 -13.6 0.150414 0.222606 0.110942 hargrave 2021-03-02 10:45:30 
TT 620 191.4 -34.6 312.0 -44.4 6.31E-05 002.3 332.2 -15.6 0.103574 0.225177 0.094795 hargrave 2021-03-02 16:48:55 
TT 630 197.2 -34.4 307.0 -41.3 5.88E-05 003.3 337.0 -14.4 0.056158 0.351568 0.089984 hargrave 2021-03-03 10:22:54 
TT 640 201.3 -36.2 306.0 -37.6 5.74E-05 001.1 340.7 -15.7 0.029648 0.056787 0.097456 hargrave 2021-03-03 15:43:36 
TT 650 196.4 -33.8 307.1 -42.2 5.31E-05 001.9 336.2 -14.0 0.088042 0.147418 0.075028 hargrave 2021-03-04 13:12:57 
TT 660 198.6 -33.3 304.9 -41.2 4.48E-05 001.1 338.0 -13.1 0.048545 0.048604 0.067651 hargrave 2021-03-05 11:24:19 
TT 664 202.6 -36.1 304.9 -36.8 4.54E-05 001.5 341.8 -15.4 0.066257 0.091814 0.066596 hargrave 2021-03-08 13:27:09 
TT 667 215.6 -34.1 296.1 -28.9 3.73E-05 001.8 352.5 -12.3 0.045844 0.101190 0.058336 hargrave 2021-03-09 10:12:16 
TT 670 201.1 -32.7 302.5 -40.0 3.22E-05 001.3 340.0 -12.2 0.043886 0.062343 0.032727 hargrave 2021-03-09 15:11:05 
TT 672 206.1 -30.5 297.1 -37.7 2.89E-05 003.5 344.0 -09.5 0.062078 0.164593 0.032695 hargrave 2021-03-10 14:21:42 
TT 674 213.9 -33.4 296.1 -30.5 1.81E-05 001.5 351.0 -11.7 0.032648 0.040821 0.022704 hargrave 2021-03-11 13:58:49 
TT 676 207.9 -36.8 302.5 -33.0 1.52E-05 002.8 346.3 -15.5 0.028590 0.070958 0.018427 hargrave 2021-03-14 12:15:09 
TT 678 210.4 -68.0 327.9 -12.1 8.09E-06 001.6 352.4 -46.4 0.014570 0.018739 0.006884 hargrave 2021-03-14 17:01:55 
TT 680 273.6 -33.1 287.9 018.0 7.87E-06 002.1 041.6 -17.5 0.019828 0.023371 0.005975 hargrave 2021-03-16 14:27:15 
TT 682 287.2 -19.4 275.1 032.2 8.44E-06 001.7 057.9 -08.4 0.021287 0.017201 0.007233 hargrave 2021-03-19 12:29:45 
TT 684 011.0 -32.7 021.4 051.0 4.87E-06 003.2 134.0 -49.8 0.016001 0.021122 0.008483 hargrave 2021-03-22 13:17:34 
TT 686 280.8 -07.6 261.0 027.0 3.90E-06 001.8 055.9 004.8 0.010009 0.006389 0.007418 hargrave 2021-03-23 12:32:35 
