SC1- 14a mag compass orientation (IGRF corrected)
  66.24 154.5  24.0  64.0  81.0   1.0
NRM    229.3 -20.1 262.4 -16.8 8.94E-06 013.6 160.3 -43.0 0.080440 0.200433 0.008712 hargrave 2021-02-21 13:35:00 
NRM    216.0 -21.9 264.2 -29.2 9.11E-06 003.1 143.3 -42.3 0.024411 0.044966 0.008157 hargrave 2021-02-21 14:58:50 
TT 100 204.1 -30.6 276.2 -38.7 1.18E-05 001.0 125.1 -47.0 0.020024 0.012134 0.009502 hargrave 2021-02-22 14:26:07 
TT 200 202.6 -34.2 281.1 -38.9 1.42E-05 000.9 121.2 -49.8 0.016561 0.013564 0.010605 hargrave 2021-02-23 09:53:22 
TT 300 199.9 -36.2 284.5 -40.3 1.55E-05 001.2 116.7 -50.6 0.027998 0.018927 0.010973 hargrave 2021-02-23 13:51:52 
TT 400 205.6 -37.0 283.6 -35.8 1.61E-05 001.1 122.7 -53.4 0.029594 0.009723 0.010390 hargrave 2021-02-24 10:32:58 
TT 450 206.2 -35.9 282.1 -35.6 1.68E-05 001.1 124.3 -52.6 0.028812 0.015420 0.011328 hargrave 2021-02-24 15:31:00 
TT 500 208.6 -37.2 283.0 -33.4 1.64E-05 001.1 126.3 -54.6 0.025385 0.019819 0.010721 hargrave 2021-02-25 12:09:17 
TT 525 208.1 -39.2 285.3 -33.2 1.74E-05 000.9 124.3 -56.2 0.025014 0.013420 0.010318 hargrave 2021-02-25 17:22:09 
TT 550 215.6 -36.0 280.2 -28.2 1.76E-05 002.1 136.2 -55.6 0.046652 0.045459 0.010647 hargrave 2021-02-26 10:27:35 
TT 560 212.3 -40.3 285.6 -29.8 1.67E-05 001.4 128.8 -58.6 0.030341 0.030468 0.009228 hargrave 2021-02-26 15:39:58 
TT 570 217.5 -36.9 280.9 -26.5 1.60E-05 001.3 138.2 -57.0 0.030511 0.021740 0.008642 hargrave 2021-02-27 11:00:19 
TT 580 210.5 -39.1 284.7 -31.5 1.52E-05 003.2 127.3 -56.9 0.063890 0.055930 0.008349 hargrave 2021-02-28 11:42:49 
TT 590 213.0 -37.9 282.8 -29.8 1.47E-05 002.6 131.5 -56.6 0.052403 0.042857 0.008262 hargrave 2021-03-01 10:22:01 
TT 600 210.0 -34.6 279.6 -32.9 1.22E-05 002.1 129.8 -52.6 0.033738 0.028985 0.007823 hargrave 2021-03-01 15:22:23 
TT 610 202.2 -44.5 293.3 -35.3 9.93E-06 001.4 112.3 -58.8 0.018183 0.016093 0.006159 hargrave 2021-03-02 10:52:38 
TT 620 191.8 -40.4 293.5 -44.1 1.04E-05 001.6 104.6 -51.2 0.027088 0.010253 0.006545 hargrave 2021-03-02 16:56:14 
TT 630 191.8 -38.5 291.1 -45.1 1.03E-05 001.0 106.2 -49.6 0.011973 0.013814 0.009369 hargrave 2021-03-03 10:31:38 
TT 640 209.3 -44.6 291.1 -30.7 1.04E-05 002.3 121.0 -61.4 0.034299 0.025627 0.005898 hargrave 2021-03-03 15:52:22 
TT 650 211.5 -40.6 286.1 -30.3 8.62E-06 001.7 127.5 -58.6 0.018346 0.018260 0.005233 hargrave 2021-03-04 13:22:28 
TT 660 209.8 -36.7 282.1 -32.6 8.45E-06 001.3 128.2 -54.5 0.012934 0.014152 0.005486 hargrave 2021-03-05 11:34:43 
TT 664 222.1 -39.7 283.4 -22.5 7.47E-06 001.8 143.1 -60.8 0.017475 0.016768 0.004546 hargrave 2021-03-08 13:36:40 
TT 667 215.8 -46.1 291.2 -25.9 5.82E-06 001.6 128.3 -64.9 0.013385 0.009583 0.003583 hargrave 2021-03-09 10:21:00 
TT 670 220.5 -24.2 266.6 -25.1 6.35E-06 003.0 148.0 -45.5 0.015122 0.029946 0.004576 hargrave 2021-03-09 15:20:01 
TT 672 213.2 -23.8 266.5 -31.7 4.27E-06 000.9 139.2 -43.4 0.005222 0.005309 0.003048 hargrave 2021-03-10 14:32:16 
TT 674 178.9 -37.4 299.5 -53.8 4.89E-06 004.3 094.2 -43.5 0.035497 0.006527 0.006584 hargrave 2021-03-11 14:07:48 
TT 676 248.9 025.1 219.7 008.2 3.02E-06 001.2 184.0 001.2 0.006048 0.006096 0.001721 hargrave 2021-03-14 12:24:41 
TT 678 180.4 -20.5 271.2 -62.0 4.46E-06 001.7 105.4 -29.1 0.012630 0.006536 0.003064 hargrave 2021-03-14 17:10:41 
TT 680 203.2 -01.1 237.8 -40.4 1.25E-06 006.5 135.8 -18.9 0.006678 0.013706 0.001912 hargrave 2021-03-16 14:35:14 
TT 682 200.0 -22.3 266.4 -43.9 2.26E-06 001.7 124.7 -38.0 0.003924 0.005689 0.001737 hargrave 2021-03-19 12:36:14 
TT 684 164.3 -35.9 316.3 -61.5 1.91E-06 001.7 082.0 -36.3 0.005710 0.002556 0.002332 hargrave 2021-03-22 13:24:21 
TT 686 206.0 -43.3 290.7 -33.4 3.25E-07 009.1 118.0 -59.1 0.002622 0.005091 0.002033 hargrave 2021-03-23 12:41:24 
TT 686 207.2 -43.1 290.1 -32.6 3.08E-07 005.4 119.7 -59.4 0.001724 0.002137 0.001325 hargrave 2021-03-23 13:29:03 
