SC1- 32a mag compass orientation (IGRF corrected)
  87.63 350.5  86.0  70.0  39.0   1.0
NRM    185.5 -15.7 199.4 -49.2 2.25E-05 002.2 287.2 013.3 0.081841 0.031427 0.022299 hargrave 2021-02-21 14:06:47 
TT 100 188.9 -25.9 212.2 -56.7 2.36E-05 002.2 298.1 014.6 0.085653 0.041140 0.019512 hargrave 2021-02-22 14:56:41 
TT 200 192.1 -31.2 222.4 -59.2 2.53E-05 001.6 304.1 016.1 0.061625 0.037444 0.024157 hargrave 2021-02-23 10:18:15 
TT 300 195.4 -34.7 231.1 -59.8 2.70E-05 001.9 308.4 017.8 0.058770 0.118210 0.025656 hargrave 2021-02-23 14:19:12 
TT 400 200.5 -38.3 241.7 -59.0 2.64E-05 001.6 313.5 020.4 0.052294 0.044115 0.031555 hargrave 2021-02-24 10:58:29 
TT 450 200.7 -36.1 238.7 -57.5 2.69E-05 001.7 311.4 021.4 0.062334 0.044009 0.030247 hargrave 2021-02-24 15:57:05 
TT 500 201.2 -34.9 237.5 -56.4 2.62E-05 002.1 310.4 022.2 0.087700 0.052105 0.026817 hargrave 2021-02-25 12:35:29 
TT 525 204.3 -35.9 241.8 -55.2 2.51E-05 001.5 312.5 024.1 0.037738 0.046581 0.028457 hargrave 2021-02-25 17:50:04 
TT 550 203.6 -33.5 238.0 -54.0 2.51E-05 003.1 309.8 024.6 0.116140 0.081505 0.023790 hargrave 2021-02-26 10:57:02 
TT 560 207.5 -35.2 243.7 -52.7 2.41E-05 002.3 313.0 026.8 0.081825 0.057255 0.025312 hargrave 2021-02-26 16:10:15 
TT 570 207.7 -33.5 241.8 -51.4 2.27E-05 002.0 311.4 027.7 0.048647 0.066673 0.022153 hargrave 2021-02-27 11:30:33 
TT 580 207.4 -34.8 243.2 -52.5 2.27E-05 001.7 312.6 026.9 0.046359 0.053774 0.021629 hargrave 2021-02-28 12:12:30 
TT 590 209.4 -36.4 246.8 -52.2 2.27E-05 001.6 315.0 027.6 0.049491 0.042006 0.024071 hargrave 2021-03-01 10:51:39 
TT 600 212.1 -34.5 246.8 -49.4 2.17E-05 003.5 314.4 030.4 0.106678 0.084191 0.019780 hargrave 2021-03-01 15:52:14 
TT 610 212.3 -32.8 244.9 -48.1 2.06E-05 001.2 312.7 031.4 0.022401 0.034734 0.019647 hargrave 2021-03-02 11:16:23 
TT 620 214.1 -30.4 243.9 -45.4 1.90E-05 001.6 311.2 033.9 0.035794 0.037431 0.020151 hargrave 2021-03-02 17:21:28 
TT 630 214.6 -29.2 243.2 -44.2 2.00E-05 003.6 310.2 034.9 0.104141 0.073547 0.018046 hargrave 2021-03-03 11:01:02 
TT 640 214.1 -32.8 246.5 -47.0 1.93E-05 003.3 313.7 032.7 0.088545 0.067783 0.023053 hargrave 2021-03-03 16:21:55 
TT 650 215.4 -29.4 244.0 -43.9 1.80E-05 001.4 310.8 035.4 0.033463 0.033651 0.016521 hargrave 2021-03-04 13:53:23 
TT 660 218.6 -30.7 247.9 -42.7 1.17E-05 001.2 314.0 037.1 0.021860 0.015225 0.009747 hargrave 2021-03-05 12:07:28 
TT 664 211.9 -27.9 239.5 -45.0 1.11E-05 004.3 307.5 033.4 0.071059 0.047162 0.008402 hargrave 2021-03-08 14:09:57 
TT 667 224.1 -40.2 262.1 -45.4 1.05E-05 001.6 326.6 034.6 0.025049 0.019869 0.010687 hargrave 2021-03-09 10:50:28 
TT 670 221.2 -26.7 246.3 -38.3 9.78E-06 001.3 311.3 041.2 0.015721 0.017371 0.007413 hargrave 2021-03-09 15:51:04 
TT 672 227.7 -16.7 243.5 -26.9 4.79E-06 000.9 303.5 051.5 0.005606 0.004550 0.002572 hargrave 2021-03-10 15:03:17 
TT 674 241.8 -31.3 265.4 -28.8 5.15E-06 001.4 334.5 050.4 0.008185 0.009914 0.003479 hargrave 2021-03-11 14:38:53 
TT 676 183.3 -35.0 215.3 -66.8 3.23E-06 002.0 306.2 008.1 0.009095 0.007635 0.003348 hargrave 2021-03-14 12:54:46 
TT 678 173.9 -51.3 257.6 -81.3 4.29E-06 003.0 321.4 -01.0 0.015929 0.017566 0.004197 hargrave 2021-03-14 17:40:52 
TT 680 177.7 -34.6 204.8 -69.2 1.57E-06 001.9 305.1 003.6 0.003014 0.003549 0.003493 hargrave 2021-03-16 15:00:41 
TT 682 141.9 -12.8 132.4 -49.0 2.94E-06 002.7 282.4 -28.8 0.012917 0.006020 0.004622 hargrave 2021-03-19 12:57:57 
TT 684 151.4 -22.1 143.7 -60.3 2.17E-06 003.2 292.0 -19.2 0.013392 0.002624 0.001827 hargrave 2021-03-22 13:45:28 
TT 686 167.4 020.6 167.3 -18.1 2.09E-07 011.5 249.2 -01.5 0.001352 0.005801 0.002484 hargrave 2021-03-23 13:06:54 
TT 686 163.5 017.3 163.6 -21.7 2.22E-07 009.5 252.2 -05.5 0.001842 0.003525 0.002450 hargrave 2021-03-23 13:30:38 
