SC1- 48a mag compass orientation (IGRF corrected)
   92.4 289.5  16.0  88.0   3.0   1.0
NRM    260.1 -27.0 261.6 -27.4 2.62E-05 001.7 054.9 -18.4 0.052015 0.066830 0.035260 hargrave 2021-02-21 14:34:22 
TT 100 253.1 -31.0 254.9 -31.7 2.73E-05 002.3 047.6 -20.8 0.088522 0.082029 0.024532 hargrave 2021-02-28 13:51:58 
TT 200 253.2 -33.1 255.1 -33.8 2.92E-05 002.1 047.1 -22.8 0.080449 0.076852 0.025893 hargrave 2021-03-01 12:56:03 
TT 300 256.3 -33.7 258.3 -34.3 3.02E-05 003.4 049.7 -24.1 0.145742 0.103030 0.025143 hargrave 2021-03-01 17:55:16 
TT 400 255.9 -34.8 257.9 -35.3 3.05E-05 001.5 049.0 -25.0 0.063579 0.047678 0.027078 hargrave 2021-03-02 14:36:43 
TT 450 257.5 -33.2 259.5 -33.7 3.13E-05 001.6 050.9 -23.8 0.067344 0.070703 0.025432 hargrave 2021-03-03 12:40:38 
TT 500 258.4 -34.1 260.4 -34.6 3.11E-05 003.1 051.4 -24.9 0.123490 0.121613 0.040759 hargrave 2021-03-04 10:29:23 
TT 525 255.2 -34.7 257.2 -35.3 3.06E-05 001.3 048.4 -24.8 0.053860 0.061250 0.032837 hargrave 2021-03-04 16:09:33 
TT 550 256.9 -34.5 259.0 -35.1 2.99E-05 001.4 050.0 -25.0 0.056394 0.062916 0.024148 hargrave 2021-03-08 10:21:58 
TT 560 257.5 -34.6 259.6 -35.1 2.92E-05 001.6 050.5 -25.2 0.059358 0.068080 0.023974 hargrave 2021-03-08 15:58:16 
TT 570 257.4 -33.5 259.4 -34.0 2.86E-05 002.3 050.7 -24.1 0.087767 0.088816 0.018242 hargrave 2021-03-09 12:34:25 
TT 580 256.9 -33.9 258.9 -34.5 2.81E-05 001.5 050.1 -24.4 0.066617 0.073452 0.026799 hargrave 2021-03-09 17:36:28 
TT 590 254.8 -33.3 256.8 -34.0 2.80E-05 001.5 048.5 -23.4 0.067874 0.068218 0.025587 hargrave 2021-03-10 17:11:05 
TT 600 259.4 -32.8 261.4 -33.2 2.60E-05 004.3 052.7 -23.9 0.156334 0.131579 0.028369 hargrave 2021-03-11 17:18:22 
TT 610 257.7 -33.7 259.7 -34.2 2.51E-05 002.1 050.9 -24.4 0.081898 0.066322 0.028848 hargrave 2021-03-14 14:43:31 
TT 620 252.9 -34.9 255.0 -35.6 2.45E-05 001.8 046.4 -24.5 0.078580 0.051686 0.026315 hargrave 2021-03-16 11:38:20 
TT 630 258.5 -33.1 260.5 -33.6 2.41E-05 003.8 051.8 -24.0 0.124423 0.113146 0.026461 hargrave 2021-03-16 17:23:07 
TT 640 254.3 -33.7 256.2 -34.3 2.33E-05 001.4 047.9 -23.6 0.069607 0.034877 0.016041 hargrave 2021-03-19 15:35:48 
TT 650 258.4 -33.4 260.3 -33.8 2.21E-05 002.1 051.6 -24.2 0.075360 0.060629 0.024920 hargrave 2021-03-22 16:37:22 
TT 660 253.2 -35.8 255.4 -36.5 1.88E-05 005.1 046.4 -25.5 0.126445 0.119436 0.023516 hargrave 2021-03-23 15:03:40 
TT 664 257.9 -32.0 259.8 -32.5 1.64E-05 002.2 051.6 -22.8 0.055509 0.054938 0.012348 hargrave 2021-03-24 11:06:26 
TT 667 257.1 -30.9 258.9 -31.4 1.47E-05 004.9 051.2 -21.5 0.101378 0.085692 0.021789 hargrave 2021-03-24 16:06:50 
TT 670 258.5 -33.5 260.5 -33.9 1.29E-05 002.4 051.7 -24.3 0.053348 0.044636 0.021577 hargrave 2021-03-25 18:26:48 
TT 672 253.0 -37.6 255.3 -38.4 1.11E-05 001.8 045.7 -27.2 0.035054 0.037213 0.008288 hargrave 2021-03-26 14:34:19 
TT 674 243.5 -40.6 245.9 -41.8 9.34E-06 005.2 036.8 -28.4 0.067388 0.065262 0.013836 hargrave 2021-03-29 10:41:59 
TT 676 257.0 -43.0 259.8 -43.5 8.60E-06 004.2 047.5 -33.2 0.034861 0.025548 0.051530 hargrave 2021-03-29 17:31:08 
TT 678 247.5 -45.6 250.5 -46.6 5.09E-06 005.9 038.8 -33.9 0.031459 0.041675 0.018623 hargrave 2021-03-30 14:46:58 
TT 679 257.4 -41.6 260.1 -42.1 6.74E-06 003.1 048.3 -31.9 0.026359 0.025705 0.025131 hargrave 2021-03-31 13:24:55 
TT 681 244.9 -28.6 246.5 -29.8 3.06E-06 004.5 040.8 -16.9 0.008833 0.007051 0.022818 hargrave 2021-04-01 13:36:17 
TT 683 240.2 -33.6 242.1 -35.0 4.40E-06 002.7 035.6 -21.0 0.015814 0.015321 0.004162 hargrave 2021-04-02 14:23:52 
TT 685 297.1 -20.1 298.0 -18.6 1.92E-06 004.5 091.5 -21.4 0.002629 0.003201 0.015693 hargrave 2021-04-05 10:20:03 
TT 686 305.8 034.6 304.1 036.4 1.13E-06 011.2 115.6 028.8 0.003206 0.002804 0.024830 hargrave 2021-04-05 17:21:05 
