SC1- 27a mag compass orientation (IGRF corrected)
  67.72 229.5  13.0  64.0  81.0   1.0
NRM    179.0 053.9 169.8 -23.7 7.01E-06 003.1 055.1 062.8 0.025219 0.027126 0.011842 hargrave 2021-02-21 13:55:30 
TT 100 190.8 008.4 219.7 -49.4 7.03E-06 003.3 053.6 016.3 0.033734 0.024713 0.013145 hargrave 2021-02-22 14:46:49 
TT 200 188.7 -22.6 270.4 -54.1 1.15E-05 001.7 046.0 -13.8 0.027110 0.023728 0.020959 hargrave 2021-02-23 10:10:12 
TT 300 197.0 -27.9 274.9 -45.4 1.43E-05 002.1 052.7 -20.4 0.040478 0.034294 0.017189 hargrave 2021-02-23 14:09:53 
TT 400 192.4 -32.1 282.7 -47.6 1.49E-05 003.4 047.6 -23.8 0.067801 0.058747 0.020627 hargrave 2021-02-24 10:50:15 
TT 450 197.6 -33.6 282.2 -43.0 1.57E-05 002.3 052.0 -26.1 0.048682 0.050350 0.016948 hargrave 2021-02-24 15:48:25 
TT 500 201.9 -30.6 276.9 -40.5 1.39E-05 003.0 056.6 -24.0 0.047016 0.062628 0.016911 hargrave 2021-02-25 12:26:06 
TT 525 198.2 -32.4 280.5 -42.9 1.61E-05 002.4 052.8 -25.1 0.046896 0.045648 0.018341 hargrave 2021-02-25 17:40:35 
TT 550 201.3 -29.5 275.7 -41.3 1.51E-05 003.4 056.3 -22.8 0.079987 0.043655 0.014779 hargrave 2021-02-26 10:48:07 
TT 560 203.9 -29.4 274.8 -39.1 1.54E-05 003.8 058.7 -23.2 0.093153 0.046232 0.017432 hargrave 2021-02-26 16:00:31 
TT 570 199.8 -30.5 277.4 -42.3 1.49E-05 001.3 054.7 -23.5 0.026940 0.027580 0.015659 hargrave 2021-02-27 11:20:51 
TT 580 201.1 -31.2 277.9 -41.0 1.43E-05 003.8 055.7 -24.4 0.085528 0.047450 0.014518 hargrave 2021-02-28 12:03:31 
TT 590 200.9 -32.6 279.7 -40.8 1.39E-05 001.8 055.2 -25.7 0.038776 0.025461 0.014407 hargrave 2021-03-01 10:42:40 
TT 600 200.0 -30.9 277.8 -42.0 1.35E-05 001.4 054.8 -23.9 0.027506 0.023002 0.015029 hargrave 2021-03-01 15:43:11 
TT 610 192.0 -30.9 281.2 -48.4 1.10E-05 004.6 047.5 -22.5 0.055702 0.066528 0.014657 hargrave 2021-03-02 11:09:10 
TT 620 200.7 -18.7 261.3 -43.8 1.06E-05 001.6 058.1 -12.1 0.020382 0.025450 0.014381 hargrave 2021-03-02 17:13:15 
TT 630 196.1 -26.7 273.6 -46.5 1.05E-05 003.0 052.1 -19.1 0.038060 0.043107 0.010220 hargrave 2021-03-03 10:52:09 
TT 640 206.6 -23.0 266.3 -37.9 1.00E-05 001.7 062.7 -17.5 0.022247 0.023390 0.009121 hargrave 2021-03-03 16:12:59 
TT 650 200.5 -20.1 263.2 -43.8 8.76E-06 002.5 057.6 -13.4 0.034379 0.020402 0.010466 hargrave 2021-03-04 13:43:43 
TT 660 190.4 -13.3 254.2 -54.1 6.86E-06 001.3 049.3 -04.9 0.011312 0.012563 0.008910 hargrave 2021-03-05 11:56:57 
TT 664 192.7 -18.2 262.0 -51.4 5.76E-06 005.9 050.6 -10.2 0.045272 0.039024 0.005889 hargrave 2021-03-08 13:59:30 
TT 667 205.0 -32.2 277.9 -37.5 5.08E-06 002.6 059.1 -26.1 0.021048 0.011035 0.005664 hargrave 2021-03-09 10:41:33 
TT 670 200.0 -32.9 280.4 -41.4 5.36E-06 001.2 054.3 -25.9 0.007082 0.011265 0.004994 hargrave 2021-03-09 15:41:55 
TT 672 178.5 -14.6 259.6 -65.4 5.20E-06 004.0 037.6 -04.4 0.020553 0.030029 0.009693 hargrave 2021-03-10 14:54:09 
TT 674 208.3 003.1 233.9 -34.5 4.08E-06 003.7 070.0 007.7 0.023579 0.012460 0.006570 hargrave 2021-03-11 14:29:44 
TT 676 186.3 011.7 211.8 -51.8 3.37E-06 001.2 049.6 020.4 0.006401 0.005972 0.003056 hargrave 2021-03-14 12:45:07 
TT 678 183.1 011.6 209.1 -54.5 2.22E-06 003.1 046.3 020.8 0.009044 0.008546 0.002412 hargrave 2021-03-14 17:31:11 
TT 680 091.4 024.2 094.1 -20.5 2.10E-06 001.8 306.4 032.4 0.003581 0.005206 0.003596 hargrave 2021-03-16 14:54:28 
TT 682 081.2 -16.1 050.0 -18.9 2.79E-06 002.4 304.1 -09.0 0.011618 0.004047 0.002574 hargrave 2021-03-19 12:52:47 
TT 684 325.9 -38.7 325.5 041.7 2.18E-06 002.0 188.0 -51.6 0.007230 0.004798 0.002384 hargrave 2021-03-22 13:40:11 
TT 686 035.5 -01.7 057.2 027.8 1.85E-06 001.9 256.7 -04.8 0.004689 0.004278 0.003570 hargrave 2021-03-23 13:00:40 
