SC1- 46a mag compass orientation (IGRF corrected)
  92.35 292.6  22.0   0.0   0.0   1.0
NRM    261.1 -43.8 261.1 -43.8 1.25E-04 001.1 045.3 -30.0 0.063410 0.148936 0.168878 hargrave 2021-02-21 14:31:06 
TT 100 257.4 -45.0 257.4 -45.0 1.29E-04 001.4 042.0 -30.2 0.258671 0.133438 0.149333 hargrave 2021-02-28 13:49:01 
TT 200 256.8 -45.6 256.8 -45.6 1.34E-04 000.9 041.2 -30.6 0.134494 0.091127 0.154639 hargrave 2021-03-01 12:53:06 
TT 300 258.0 -45.5 258.0 -45.5 1.37E-04 002.1 042.2 -30.8 0.205762 0.439298 0.171705 hargrave 2021-03-01 17:52:20 
TT 400 256.1 -45.2 256.1 -45.2 1.37E-04 002.2 040.9 -30.1 0.440999 0.252390 0.156612 hargrave 2021-03-02 14:34:16 
TT 450 256.5 -45.5 256.5 -45.5 1.36E-04 001.2 041.0 -30.5 0.066818 0.201008 0.188863 hargrave 2021-03-03 12:37:42 
TT 500 258.9 -44.6 258.9 -44.6 1.33E-04 001.3 043.3 -30.3 0.241823 0.092878 0.176985 hargrave 2021-03-04 10:26:26 
TT 525 255.8 -45.3 255.8 -45.3 1.30E-04 001.5 040.6 -30.1 0.263952 0.167415 0.128474 hargrave 2021-03-04 16:05:47 
TT 550 255.4 -45.4 255.4 -45.4 1.27E-04 000.9 040.2 -30.1 0.114294 0.082237 0.141495 hargrave 2021-03-08 10:19:00 
TT 560 258.1 -44.8 258.1 -44.8 1.25E-04 000.9 042.6 -30.2 0.076970 0.127166 0.136679 hargrave 2021-03-08 15:55:20 
TT 570 260.1 -44.0 260.1 -44.0 1.22E-04 001.1 044.5 -29.9 0.123903 0.190973 0.073530 hargrave 2021-03-09 12:30:53 
TT 580 260.3 -44.3 260.3 -44.3 1.20E-04 000.6 044.5 -30.3 0.061341 0.090449 0.071163 hargrave 2021-03-09 17:33:45 
TT 590 258.7 -44.5 258.7 -44.5 1.20E-04 001.1 043.2 -30.0 0.175962 0.086352 0.108342 hargrave 2021-03-10 17:08:21 
TT 600 261.1 -44.0 261.1 -44.0 1.16E-04 002.5 045.2 -30.2 0.392439 0.317046 0.067926 hargrave 2021-03-11 17:15:39 
TT 610 256.9 -44.8 256.9 -44.8 1.12E-04 000.9 041.7 -29.9 0.055472 0.148306 0.080473 hargrave 2021-03-14 14:40:46 
TT 620 256.3 -45.1 256.3 -45.1 1.11E-04 001.9 041.1 -30.1 0.453089 0.075921 0.065921 hargrave 2021-03-16 11:35:38 
TT 630 254.0 -45.5 254.0 -45.5 1.09E-04 000.8 039.1 -29.8 0.126162 0.060932 0.096023 hargrave 2021-03-16 17:20:23 
TT 640 263.4 -42.6 263.4 -42.6 1.08E-04 003.3 047.6 -29.5 0.480403 0.375848 0.095549 hargrave 2021-03-19 15:32:14 
TT 650 255.4 -44.1 255.4 -44.1 1.02E-04 001.3 040.8 -28.8 0.135326 0.191489 0.071255 hargrave 2021-03-22 16:34:38 
TT 660 259.3 -43.1 259.3 -43.1 9.13E-05 003.2 044.2 -28.9 0.386704 0.340724 0.060086 hargrave 2021-03-23 15:00:57 
TT 664 257.3 -43.6 257.3 -43.6 8.17E-05 001.1 042.4 -28.9 0.117624 0.086573 0.059486 hargrave 2021-03-24 11:02:50 
TT 667 261.5 -42.5 261.5 -42.5 7.77E-05 005.6 046.2 -28.9 0.559236 0.507341 0.064248 hargrave 2021-03-24 16:03:17 
TT 670 257.0 -43.7 257.0 -43.7 7.11E-05 001.5 042.1 -28.9 0.167285 0.087398 0.049613 hargrave 2021-03-25 18:24:04 
TT 672 260.5 -41.4 260.5 -41.4 6.74E-05 001.2 045.8 -27.7 0.111204 0.092097 0.043517 hargrave 2021-03-26 14:30:45 
TT 674 256.2 -43.2 256.2 -43.2 6.68E-05 001.0 041.7 -28.2 0.106903 0.059812 0.052012 hargrave 2021-03-29 10:38:57 
TT 676 257.7 -42.9 257.7 -42.9 5.95E-05 001.4 043.0 -28.3 0.069007 0.113255 0.075658 hargrave 2021-03-29 17:27:22 
TT 678 261.0 -40.5 261.0 -40.5 4.07E-05 001.5 046.6 -26.9 0.085453 0.057059 0.036261 hargrave 2021-03-30 14:44:15 
TT 679 255.2 -41.1 255.2 -41.1 4.28E-05 003.5 041.7 -26.0 0.148552 0.215608 0.053220 hargrave 2021-03-31 13:22:10 
TT 681 258.4 -43.1 258.4 -43.1 3.23E-05 002.1 043.5 -28.6 0.036577 0.143739 0.039691 hargrave 2021-04-01 13:34:01 
TT 683 255.8 -45.6 255.8 -45.6 2.59E-05 001.5 040.5 -30.4 0.059467 0.044985 0.015758 hargrave 2021-04-02 14:20:53 
TT 685 258.7 -38.6 258.7 -38.6 1.37E-05 001.4 045.4 -24.6 0.029546 0.022230 0.011844 hargrave 2021-04-05 10:17:14 
TT 686 268.0 -41.9 268.0 -41.9 1.63E-05 003.5 051.5 -30.2 0.077120 0.046009 0.055183 hargrave 2021-04-05 17:18:11 
