SC1- 19a mag compass orientation (IGRF corrected)
   66.5 145.5   8.0  64.0  81.0   1.0
NRM    218.3 041.2 198.0 -12.7 1.37E-05 003.0 164.5 033.5 0.029519 0.060154 0.039292 hargrave 2021-02-21 13:42:06 
TT 100 218.0 031.7 207.0 -16.7 1.37E-05 002.7 163.7 024.0 0.029417 0.059816 0.014886 hargrave 2021-02-22 14:33:19 
TT 200 221.7 024.2 215.5 -16.1 1.41E-05 003.9 166.9 016.4 0.016181 0.099807 0.014146 hargrave 2021-02-23 09:59:09 
TT 300 229.6 021.6 220.1 -09.8 1.47E-05 003.4 174.4 013.6 0.032091 0.087282 0.011789 hargrave 2021-02-23 13:57:36 
TT 400 232.5 018.4 223.9 -07.9 1.57E-05 001.7 177.1 010.4 0.027173 0.045335 0.010978 hargrave 2021-02-24 10:38:53 
TT 450 236.7 015.3 227.7 -04.5 1.62E-05 006.8 181.2 007.3 0.021237 0.194882 0.013666 hargrave 2021-02-24 15:36:46 
TT 500 234.4 017.3 225.3 -06.4 1.68E-05 002.0 178.9 009.3 0.040849 0.054733 0.013888 hargrave 2021-02-25 12:15:10 
TT 525 234.2 015.3 227.2 -07.0 1.70E-05 001.1 178.7 007.3 0.022741 0.030009 0.011851 hargrave 2021-02-25 17:28:00 
TT 550 232.0 014.2 227.9 -09.2 1.75E-05 002.2 176.6 006.2 0.036474 0.065918 0.013165 hargrave 2021-02-26 10:34:42 
TT 560 231.8 015.1 227.0 -09.3 1.60E-05 001.9 176.4 007.1 0.032877 0.051938 0.011537 hargrave 2021-02-26 15:47:05 
TT 570 231.1 017.5 224.5 -09.4 1.59E-05 002.7 175.7 009.5 0.033648 0.073763 0.010758 hargrave 2021-02-27 11:07:27 
TT 580 233.6 017.1 225.4 -07.1 1.63E-05 002.0 178.2 009.1 0.033774 0.053489 0.010381 hargrave 2021-02-28 11:50:00 
TT 590 233.7 019.5 223.0 -06.5 1.54E-05 002.3 178.3 011.5 0.031198 0.061363 0.013057 hargrave 2021-03-01 10:29:08 
TT 600 232.1 022.9 219.4 -07.2 1.49E-05 001.2 176.8 014.9 0.030862 0.028980 0.011588 hargrave 2021-03-01 15:29:35 
TT 610 231.9 017.5 224.6 -08.7 1.24E-05 001.1 176.5 009.5 0.010913 0.022338 0.009773 hargrave 2021-03-02 10:58:20 
TT 620 235.8 006.6 236.1 -07.0 1.19E-05 001.0 180.3 -01.4 0.011320 0.019347 0.009961 hargrave 2021-03-02 17:02:03 
TT 630 233.4 006.3 236.0 -09.4 1.29E-05 001.4 177.9 -01.7 0.025443 0.027831 0.014401 hargrave 2021-03-03 10:38:44 
TT 640 230.8 007.8 234.1 -11.7 1.16E-05 003.0 175.3 -00.2 0.026205 0.059726 0.009307 hargrave 2021-03-03 15:59:29 
TT 650 228.6 015.6 225.7 -12.1 1.19E-05 003.7 173.3 007.7 0.025474 0.077314 0.011671 hargrave 2021-03-04 13:29:34 
TT 660 232.0 015.5 226.6 -09.0 9.90E-06 001.2 176.6 007.5 0.021234 0.019240 0.006026 hargrave 2021-03-05 11:41:52 
TT 664 241.6 005.0 238.7 -01.6 1.03E-05 001.1 186.1 -03.0 0.021505 0.019480 0.005927 hargrave 2021-03-08 13:43:45 
TT 667 220.8 015.3 224.1 -19.5 9.43E-06 001.2 165.7 007.6 0.019707 0.019217 0.006539 hargrave 2021-03-09 10:28:08 
TT 670 234.6 020.1 222.6 -05.6 6.42E-06 002.8 179.1 012.1 0.012962 0.031159 0.006747 hargrave 2021-03-09 15:27:22 
TT 672 228.7 010.4 231.0 -13.2 7.56E-06 001.8 173.3 002.5 0.015926 0.021017 0.008589 hargrave 2021-03-10 14:39:37 
TT 674 230.7 015.8 226.1 -10.2 6.94E-06 003.0 175.3 007.8 0.014849 0.034776 0.009409 hargrave 2021-03-11 14:15:11 
TT 676 208.5 036.2 199.0 -21.8 6.98E-06 003.8 155.2 029.0 0.024362 0.041102 0.005874 hargrave 2021-03-14 12:31:46 
TT 678 201.7 022.6 209.1 -33.6 4.51E-06 004.1 147.7 015.9 0.016656 0.028537 0.005381 hargrave 2021-03-14 17:17:46 
TT 680 222.8 015.4 224.6 -17.6 2.87E-06 005.0 167.7 007.6 0.009292 0.023734 0.003456 hargrave 2021-03-16 14:43:03 
TT 682 219.8 034.2 205.1 -14.3 4.30E-06 002.8 165.5 026.5 0.007370 0.020223 0.006982 hargrave 2021-03-19 12:42:46 
TT 684 230.1 027.1 214.8 -08.1 2.71E-06 002.3 174.9 019.1 0.003866 0.010102 0.003406 hargrave 2021-03-22 13:30:50 
TT 686 097.9 014.8 086.7 -29.5 1.16E-06 006.6 044.1 020.6 0.006884 0.012078 0.001349 hargrave 2021-03-23 12:49:14 
