SC1- 45a mag compass orientation (IGRF corrected)
  92.35 300.6  14.0   0.0   0.0   1.0
NRM    249.8 -49.1 249.8 -49.1 8.34E-05 001.8 031.5 -37.6 0.185213 0.170484 0.106621 hargrave 2021-02-21 14:29:24 
TT 100 248.9 -49.8 248.9 -49.8 8.41E-05 002.4 030.6 -38.2 0.039956 0.329446 0.116030 hargrave 2021-02-28 13:47:37 
TT 200 251.9 -50.1 251.9 -50.1 8.54E-05 002.0 032.9 -38.9 0.243468 0.131070 0.114471 hargrave 2021-03-01 12:51:42 
TT 300 250.0 -50.7 250.0 -50.7 8.58E-05 001.6 031.3 -39.2 0.042996 0.200908 0.116742 hargrave 2021-03-01 17:50:57 
TT 400 250.2 -50.5 250.2 -50.5 8.50E-05 003.8 031.5 -39.1 0.165301 0.539542 0.115123 hargrave 2021-03-02 14:33:09 
TT 450 254.7 -50.5 254.7 -50.5 8.38E-05 001.8 035.1 -39.6 0.031815 0.237598 0.111973 hargrave 2021-03-03 12:36:18 
TT 500 254.9 -50.1 254.9 -50.1 8.15E-05 001.9 035.4 -39.3 0.053419 0.248765 0.108999 hargrave 2021-03-04 10:25:02 
TT 525 253.1 -50.8 253.1 -50.8 7.96E-05 001.6 033.7 -39.8 0.061947 0.185521 0.116407 hargrave 2021-03-04 16:04:23 
TT 550 252.4 -50.7 252.4 -50.7 7.73E-05 001.6 033.2 -39.5 0.068317 0.173914 0.113987 hargrave 2021-03-08 10:17:36 
TT 560 252.3 -50.1 252.3 -50.1 7.55E-05 001.3 033.3 -38.9 0.128591 0.060820 0.108872 hargrave 2021-03-08 15:53:57 
TT 570 256.6 -49.6 256.6 -49.6 7.41E-05 000.8 036.9 -39.1 0.081158 0.052030 0.056345 hargrave 2021-03-09 12:29:28 
TT 580 254.5 -49.4 254.5 -49.4 7.23E-05 001.0 035.3 -38.5 0.061386 0.108235 0.045848 hargrave 2021-03-09 17:32:20 
TT 590 252.9 -49.6 252.9 -49.6 7.13E-05 000.7 033.9 -38.5 0.076596 0.051640 0.049403 hargrave 2021-03-10 17:06:56 
TT 600 256.7 -49.1 256.7 -49.1 7.04E-05 001.2 037.2 -38.6 0.116508 0.090592 0.041806 hargrave 2021-03-11 17:14:14 
TT 610 254.1 -49.3 254.1 -49.3 6.69E-05 000.8 035.0 -38.4 0.074865 0.058348 0.040631 hargrave 2021-03-14 14:39:21 
TT 620 257.3 -49.3 257.3 -49.3 6.56E-05 002.4 037.5 -38.9 0.149864 0.231406 0.036298 hargrave 2021-03-16 11:34:13 
TT 630 252.9 -49.4 252.9 -49.4 6.48E-05 002.3 033.9 -38.4 0.121069 0.225371 0.036891 hargrave 2021-03-16 17:18:58 
TT 640 251.6 -48.8 251.6 -48.8 6.37E-05 001.3 033.1 -37.6 0.068104 0.126979 0.049515 hargrave 2021-03-19 15:30:49 
TT 650 254.9 -48.4 254.9 -48.4 6.15E-05 001.4 035.9 -37.6 0.109151 0.098826 0.042539 hargrave 2021-03-22 16:33:11 
TT 660 252.9 -48.8 252.9 -48.8 5.62E-05 002.0 034.1 -37.8 0.095324 0.173779 0.040559 hargrave 2021-03-23 14:59:32 
TT 664 252.2 -47.5 252.2 -47.5 5.16E-05 001.6 033.8 -36.4 0.057761 0.133922 0.041334 hargrave 2021-03-24 11:01:24 
TT 667 254.9 -48.3 254.9 -48.3 4.93E-05 000.6 035.9 -37.6 0.033608 0.031391 0.044037 hargrave 2021-03-24 16:01:53 
TT 670 258.6 -47.0 258.6 -47.0 4.51E-05 003.3 039.3 -36.8 0.164396 0.201150 0.024097 hargrave 2021-03-25 18:22:39 
TT 672 254.5 -47.3 254.5 -47.3 4.06E-05 001.3 035.8 -36.5 0.047164 0.082302 0.022100 hargrave 2021-03-26 14:29:20 
TT 674 255.6 -48.7 255.6 -48.7 4.13E-05 001.2 036.3 -38.0 0.070720 0.056462 0.037867 hargrave 2021-03-29 10:37:30 
TT 676 255.6 -48.1 255.6 -48.1 3.89E-05 001.6 036.5 -37.5 0.090604 0.037894 0.070338 hargrave 2021-03-29 17:25:58 
TT 678 251.2 -47.1 251.2 -47.1 2.62E-05 001.5 033.1 -35.9 0.067530 0.049059 0.027966 hargrave 2021-03-30 14:42:49 
TT 679 252.9 -48.1 252.9 -48.1 2.70E-05 001.9 034.3 -37.1 0.093951 0.033527 0.035737 hargrave 2021-03-31 13:20:43 
TT 681 246.8 -49.1 246.8 -49.1 2.46E-05 001.9 029.1 -37.3 0.082472 0.034712 0.019869 hargrave 2021-04-01 13:32:50 
TT 683 247.2 -48.2 247.2 -48.2 1.92E-05 001.8 029.6 -36.5 0.040529 0.033071 0.034551 hargrave 2021-04-02 14:19:30 
TT 685 252.2 -43.8 252.2 -43.8 1.02E-05 002.0 034.7 -32.8 0.016366 0.030639 0.016723 hargrave 2021-04-05 10:15:47 
TT 686 261.0 -45.8 261.0 -45.8 1.07E-05 002.7 041.6 -36.0 0.038656 0.026945 0.017798 hargrave 2021-04-05 17:16:47 
