SC1- 71a mag compass orientation (IGRF corrected)
 92.765 251.6   3.0   0.0   0.0   1.0
NRM    250.8 -44.8 250.8 -44.8 3.11E-05 001.0 086.2 -44.7 0.038431 0.045552 0.015395 hargrave 2021-03-23 17:15:14 
TT 100 245.9 -47.2 245.9 -47.2 3.08E-05 003.2 081.1 -46.8 0.166228 0.052515 0.027303 hargrave 2021-03-24 13:46:20 
TT 200 244.7 -49.6 244.7 -49.6 3.18E-05 003.0 079.6 -49.2 0.155488 0.071133 0.038274 hargrave 2021-03-25 16:14:28 
TT 300 244.1 -50.2 244.1 -50.2 3.18E-05 002.1 079.0 -49.8 0.104240 0.043257 0.038254 hargrave 2021-03-26 12:00:07 
TT 400 239.2 -48.7 239.2 -48.7 3.10E-05 001.2 074.3 -48.0 0.047238 0.031984 0.042093 hargrave 2021-03-26 17:52:23 
TT 450 246.7 -49.1 246.7 -49.1 3.03E-05 001.8 081.7 -48.8 0.086701 0.049206 0.020764 hargrave 2021-03-29 13:36:21 
TT 500 244.4 -47.8 244.4 -47.8 2.98E-05 001.5 079.5 -47.4 0.062565 0.052959 0.023371 hargrave 2021-03-30 12:13:22 
TT 525 245.4 -47.8 245.4 -47.8 2.92E-05 002.7 080.5 -47.4 0.128555 0.066124 0.021096 hargrave 2021-03-31 09:14:09 
TT 550 244.5 -47.7 244.5 -47.7 2.88E-05 002.1 079.6 -47.2 0.103103 0.054521 0.026435 hargrave 2021-04-01 10:49:40 
TT 560 245.4 -46.8 245.4 -46.8 2.75E-05 001.7 080.6 -46.4 0.076574 0.054545 0.019123 hargrave 2021-04-01 17:56:17 
TT 570 243.9 -46.6 243.9 -46.6 2.70E-05 002.1 079.2 -46.2 0.089359 0.055483 0.021440 hargrave 2021-04-02 12:11:22 
TT 580 244.3 -46.9 244.3 -46.9 2.62E-05 001.6 079.5 -46.5 0.059669 0.047755 0.021248 hargrave 2021-04-02 17:15:33 
TT 590 243.6 -45.2 243.6 -45.2 2.56E-05 002.9 079.0 -44.7 0.118354 0.063077 0.021518 hargrave 2021-04-05 13:12:53 
TT 600 238.8 -44.3 238.8 -44.3 2.42E-05 002.8 074.4 -43.6 0.111143 0.058776 0.016606 hargrave 2021-04-06 11:10:18 
TT 610 246.9 -47.5 246.9 -47.5 2.35E-05 001.9 082.1 -47.2 0.061910 0.050490 0.023916 hargrave 2021-04-07 12:29:25 
TT 620 242.1 -46.7 242.1 -46.7 2.34E-05 001.9 077.4 -46.1 0.072114 0.047829 0.010820 hargrave 2021-04-08 20:13:03 
TT 630 241.0 -46.2 241.0 -46.2 2.29E-05 002.3 076.4 -45.5 0.081729 0.060738 0.019956 hargrave 2021-04-16 17:01:24 
TT 640 240.4 -44.5 240.4 -44.5 2.22E-05 001.8 075.9 -43.9 0.062592 0.054419 0.017786 hargrave 2021-04-18 19:51:45 
TT 645 243.7 -47.7 243.7 -47.7 2.13E-05 002.2 078.9 -47.2 0.071610 0.058236 0.016674 hargrave 2021-04-19 22:03:40 
TT 650 245.4 -46.3 245.4 -46.3 2.10E-05 002.4 080.8 -45.9 0.083594 0.035902 0.017039 hargrave 2021-04-21 08:54:48 
