SC1- 16a mag compass orientation (IGRF corrected)
  66.28 173.5  38.0  64.0  81.0   1.0
NRM    206.1 012.8 221.9 -33.9 1.08E-05 003.1 123.8 -08.6 0.050744 0.036663 0.012754 hargrave 2021-02-21 13:37:42 
TT 100 203.2 -04.3 241.9 -41.0 1.28E-05 001.2 111.6 -21.3 0.028325 0.022622 0.007775 hargrave 2021-02-22 14:28:54 
TT 200 203.1 -17.3 259.2 -41.6 1.55E-05 003.5 102.8 -31.7 0.094556 0.029937 0.006918 hargrave 2021-02-23 09:55:35 
TT 300 208.6 -18.5 260.4 -36.3 1.76E-05 002.4 106.8 -35.9 0.067298 0.027656 0.023363 hargrave 2021-02-23 13:54:04 
TT 400 211.1 -20.1 262.2 -33.9 1.88E-05 003.8 107.9 -38.6 0.119180 0.041528 0.021990 hargrave 2021-02-24 10:35:11 
TT 450 211.7 -19.7 261.7 -33.3 1.97E-05 002.3 108.8 -38.6 0.072357 0.036611 0.022138 hargrave 2021-02-24 15:33:13 
TT 500 212.0 -20.1 262.2 -33.1 1.90E-05 003.2 108.7 -39.1 0.103897 0.025746 0.020996 hargrave 2021-02-25 12:11:33 
TT 525 212.6 -20.5 262.6 -32.4 1.84E-05 001.5 109.0 -39.8 0.047126 0.021064 0.018461 hargrave 2021-02-25 17:24:24 
TT 550 212.5 -19.0 260.8 -32.6 1.86E-05 002.2 110.1 -38.5 0.068802 0.030894 0.021688 hargrave 2021-02-26 10:30:17 
TT 560 212.4 -19.3 261.2 -32.7 2.00E-05 001.3 109.7 -38.7 0.036732 0.029124 0.024812 hargrave 2021-02-26 15:42:40 
TT 570 211.6 -21.3 263.6 -33.3 1.85E-05 003.0 107.4 -39.8 0.095617 0.031155 0.022542 hargrave 2021-02-27 11:03:02 
TT 580 211.8 -21.6 263.9 -33.2 1.88E-05 001.2 107.3 -40.1 0.035946 0.025030 0.006404 hargrave 2021-02-28 11:45:31 
TT 590 211.3 -21.4 263.8 -33.6 1.78E-05 002.6 107.0 -39.7 0.078149 0.028605 0.006723 hargrave 2021-03-01 10:24:42 
TT 600 211.1 -20.0 262.1 -33.9 1.71E-05 002.2 107.9 -38.5 0.064579 0.025168 0.010351 hargrave 2021-03-01 15:25:07 
TT 610 220.0 -19.5 261.4 -25.5 1.34E-05 001.5 117.2 -43.2 0.032801 0.015679 0.006561 hargrave 2021-03-02 10:54:49 
TT 620 209.3 -14.9 255.9 -35.7 1.30E-05 001.0 110.2 -33.4 0.020934 0.010099 0.007474 hargrave 2021-03-02 16:58:27 
TT 630 209.4 -11.7 252.0 -35.5 1.24E-05 004.1 112.4 -30.9 0.082566 0.036331 0.005821 hargrave 2021-03-03 10:34:20 
TT 640 207.4 -19.4 261.6 -37.4 1.22E-05 001.7 105.0 -35.8 0.034829 0.018402 0.006068 hargrave 2021-03-03 15:55:04 
TT 650 203.3 -17.5 259.4 -41.4 1.20E-05 004.9 102.8 -31.9 0.099717 0.027167 0.006071 hargrave 2021-03-04 13:25:10 
TT 660 205.7 -28.7 273.5 -37.7 1.16E-05 000.9 095.6 -41.8 0.014631 0.013797 0.004851 hargrave 2021-03-05 11:37:26 
TT 664 197.4 -25.8 271.9 -45.5 9.67E-06 005.5 091.4 -34.6 0.092949 0.012609 0.005610 hargrave 2021-03-08 13:39:21 
TT 667 205.4 -03.5 241.3 -38.7 9.52E-06 001.9 114.0 -21.9 0.029166 0.018860 0.005613 hargrave 2021-03-09 10:23:42 
TT 670 188.1 -12.6 253.3 -56.3 9.65E-06 003.6 093.6 -18.9 0.061141 0.016064 0.003651 hargrave 2021-03-09 15:23:00 
TT 672 191.3 -14.6 256.4 -53.1 7.27E-06 001.3 094.8 -22.4 0.014221 0.012146 0.005686 hargrave 2021-03-10 14:35:14 
TT 674 207.1 -24.6 268.1 -37.2 8.67E-06 001.9 100.5 -39.6 0.026216 0.012468 0.004828 hargrave 2021-03-11 14:10:48 
TT 676 215.6 -08.3 248.5 -29.1 6.72E-06 004.0 120.6 -31.5 0.040903 0.024959 0.002600 hargrave 2021-03-14 12:27:22 
TT 678 212.5 -04.8 244.1 -31.9 6.75E-06 001.2 119.7 -26.9 0.011065 0.013132 0.008454 hargrave 2021-03-14 17:13:23 
TT 680 188.4 -04.1 238.2 -55.5 3.30E-06 003.8 099.3 -12.4 0.020576 0.009220 0.006369 hargrave 2021-03-16 14:38:14 
TT 682 215.7 -73.3 318.7 -16.5 2.12E-06 001.1 026.0 -60.9 0.003191 0.002451 0.003803 hargrave 2021-03-19 12:38:39 
TT 684 218.0 011.5 227.3 -23.2 1.11E-06 002.5 133.5 -15.4 0.003694 0.006600 0.002367 hargrave 2021-03-22 13:26:48 
TT 686 180.4 -57.8 316.7 -37.2 2.18E-06 001.4 048.4 -44.9 0.005756 0.003797 0.003289 hargrave 2021-03-23 12:44:24 
