SC1- 23a sun compass orientation
  67.62 169.6  24.0  64.0  81.0   1.0
NRM    072.0 047.2 111.7 001.2 1.55E-05 001.8 344.1 070.8 0.012810 0.047145 0.010346 hargrave 2021-02-21 13:49:38 
TT 100 079.8 042.7 108.8 -05.3 1.32E-05 001.1 000.4 066.7 0.017624 0.017679 0.005705 hargrave 2021-02-22 14:40:55 
TT 200 103.6 026.2 101.2 -29.8 9.86E-06 001.7 032.7 047.4 0.017943 0.022174 0.011902 hargrave 2021-02-23 10:05:29 
TT 300 117.5 010.2 091.0 -48.9 9.10E-06 002.2 043.5 028.5 0.031728 0.023282 0.005000 hargrave 2021-02-23 14:05:08 
TT 400 134.8 004.5 098.4 -66.6 8.47E-06 004.9 059.2 017.6 0.063635 0.036846 0.026623 hargrave 2021-02-24 10:45:19 
TT 450 145.1 008.4 126.8 -70.4 8.43E-06 002.9 070.7 017.5 0.038118 0.024525 0.026422 hargrave 2021-02-24 15:43:38 
TT 500 147.4 007.5 132.0 -72.2 8.50E-06 003.3 072.5 015.8 0.042899 0.030072 0.023177 hargrave 2021-02-25 12:21:23 
TT 525 150.5 000.2 132.9 -80.2 9.37E-06 003.5 072.5 007.8 0.052252 0.024526 0.025898 hargrave 2021-02-25 17:35:47 
TT 550 154.7 003.7 157.1 -77.3 8.33E-06 002.2 077.8 009.4 0.022129 0.023228 0.022894 hargrave 2021-02-26 10:42:15 
TT 560 157.7 005.9 168.1 -74.7 9.30E-06 001.8 081.5 010.2 0.020282 0.025274 0.021060 hargrave 2021-02-26 15:54:37 
TT 570 159.6 001.6 182.1 -78.0 8.50E-06 002.0 081.5 005.5 0.019741 0.023144 0.021649 hargrave 2021-02-27 11:14:58 
TT 580 166.4 001.3 204.7 -73.9 8.12E-06 002.6 087.6 002.5 0.023080 0.022609 0.027002 hargrave 2021-02-28 11:57:35 
TT 590 164.2 000.2 202.3 -76.2 7.36E-06 002.3 085.2 002.4 0.017777 0.007976 0.023256 hargrave 2021-03-01 10:36:40 
TT 600 166.6 001.0 206.2 -73.9 7.42E-06 006.9 087.7 002.1 0.086734 0.006186 0.024735 hargrave 2021-03-01 15:37:14 
TT 610 167.1 011.1 187.3 -66.1 5.89E-06 002.8 092.3 011.1 0.008688 0.005927 0.027424 hargrave 2021-03-02 11:04:29 
TT 620 159.5 018.5 165.1 -61.9 6.10E-06 001.5 088.6 021.0 0.014380 0.009388 0.004558 hargrave 2021-03-02 17:08:28 
TT 630 158.6 -06.1 211.5 -84.6 3.67E-06 002.2 077.5 -01.1 0.013784 0.003963 0.004216 hargrave 2021-03-03 10:46:16 
TT 640 173.9 022.8 185.2 -52.7 5.33E-06 004.9 103.5 019.0 0.035990 0.014659 0.025529 hargrave 2021-03-03 16:07:03 
TT 650 211.9 -09.9 250.0 -33.0 2.90E-06 002.7 126.3 -25.2 0.009878 0.006594 0.008697 hargrave 2021-03-04 13:37:03 
TT 660 214.2 -24.4 267.1 -30.8 4.10E-06 001.2 122.7 -39.6 0.006693 0.005120 0.004316 hargrave 2021-03-05 11:51:02 
TT 664 183.5 018.6 200.4 -49.8 2.73E-06 002.3 110.2 011.5 0.009614 0.004884 0.005706 hargrave 2021-03-08 13:52:49 
TT 667 189.5 -08.8 246.6 -54.9 4.82E-06 004.1 104.8 -16.1 0.033249 0.009709 0.008055 hargrave 2021-03-09 10:35:41 
TT 670 154.6 -39.8 333.1 -59.1 4.16E-06 001.6 059.2 -30.3 0.008210 0.008143 0.005054 hargrave 2021-03-09 15:34:50 
TT 672 149.6 -23.2 350.1 -75.2 2.46E-06 001.4 062.6 -13.4 0.005182 0.003514 0.002927 hargrave 2021-03-10 14:47:04 
TT 674 183.1 -04.5 237.1 -60.7 2.54E-06 003.3 100.6 -09.6 0.014482 0.004152 0.003478 hargrave 2021-03-11 14:22:38 
TT 676 225.6 -33.5 276.5 -20.3 2.17E-06 002.5 131.1 -51.8 0.007088 0.005527 0.004839 hargrave 2021-03-14 12:39:17 
TT 678 135.4 -03.4 079.7 -70.7 3.04E-06 002.2 057.0 010.0 0.007342 0.010368 0.003643 hargrave 2021-03-14 17:25:18 
