SC1- 52a mag compass orientation (IGRF corrected)
  92.85 278.6  10.0   0.0   0.0   1.0
NRM    238.0 -30.8 238.0 -30.8 5.18E-05 004.6 045.5 -24.1 0.327347 0.243192 0.094257 hargrave 2021-02-21 14:42:17 
TT 100 243.1 -31.6 243.1 -31.6 5.42E-05 003.1 050.2 -25.5 0.247507 0.128265 0.094386 hargrave 2021-02-28 13:59:23 
TT 200 245.2 -33.0 245.2 -33.0 5.69E-05 005.6 051.9 -27.2 0.461575 0.291035 0.097156 hargrave 2021-03-01 13:04:18 
TT 300 245.6 -33.8 245.6 -33.8 5.80E-05 001.6 052.1 -28.0 0.128823 0.037246 0.102636 hargrave 2021-03-01 18:03:29 
TT 400 246.2 -34.0 246.2 -34.0 5.85E-05 001.5 052.6 -28.3 0.067685 0.121781 0.099344 hargrave 2021-03-02 14:43:34 
TT 450 246.9 -33.7 246.9 -33.7 5.81E-05 002.7 053.4 -28.0 0.242580 0.098654 0.085783 hargrave 2021-03-03 12:48:51 
TT 500 246.9 -34.1 246.9 -34.1 5.58E-05 001.4 053.3 -28.5 0.065757 0.070396 0.101708 hargrave 2021-03-04 10:37:38 
TT 525 248.8 -33.7 248.8 -33.7 5.44E-05 001.5 055.1 -28.4 0.101932 0.065708 0.092757 hargrave 2021-03-04 16:18:33 
TT 550 247.5 -33.3 247.5 -33.3 5.33E-05 001.4 054.0 -27.8 0.071397 0.062523 0.090190 hargrave 2021-03-08 10:31:01 
TT 560 246.0 -33.4 246.0 -33.4 5.32E-05 001.4 052.5 -27.6 0.079263 0.050102 0.092344 hargrave 2021-03-08 16:06:27 
TT 570 244.9 -34.0 244.9 -34.0 5.20E-05 001.4 051.4 -28.1 0.097572 0.021668 0.076521 hargrave 2021-03-09 12:43:02 
TT 580 248.0 -33.4 248.0 -33.4 5.03E-05 002.8 054.4 -27.9 0.150679 0.179702 0.078699 hargrave 2021-03-09 17:44:10 
TT 590 249.3 -34.0 249.3 -34.0 4.99E-05 001.3 055.5 -28.7 0.050001 0.077939 0.074430 hargrave 2021-03-10 17:18:48 
TT 600 249.0 -34.1 249.0 -34.1 4.85E-05 001.6 055.2 -28.8 0.116790 0.023480 0.071255 hargrave 2021-03-11 17:26:03 
TT 610 250.4 -34.1 250.4 -34.1 4.77E-05 001.5 056.5 -29.0 0.107929 0.032235 0.059044 hargrave 2021-03-14 14:51:14 
TT 620 250.6 -34.7 250.6 -34.7 4.74E-05 001.2 056.6 -29.5 0.061220 0.046002 0.066655 hargrave 2021-03-16 11:46:03 
TT 630 248.1 -33.3 248.1 -33.3 4.77E-05 001.3 054.5 -27.8 0.083938 0.033318 0.071896 hargrave 2021-03-16 17:31:39 
TT 640 246.5 -34.0 246.5 -34.0 4.49E-05 001.2 052.9 -28.3 0.041241 0.045594 0.073182 hargrave 2021-03-19 15:43:34 
TT 650 248.9 -32.0 248.9 -32.0 4.00E-05 002.1 055.5 -26.7 0.120292 0.058227 0.071067 hargrave 2021-03-22 16:45:14 
TT 660 253.0 -31.3 253.0 -31.3 2.98E-05 001.3 059.5 -26.6 0.035183 0.058856 0.029989 hargrave 2021-03-23 15:12:11 
TT 664 254.7 -29.2 254.7 -29.2 2.54E-05 001.8 061.5 -24.8 0.047521 0.039644 0.063924 hargrave 2021-03-24 11:14:14 
TT 667 249.7 -28.5 249.7 -28.5 2.22E-05 002.0 057.0 -23.3 0.072124 0.030951 0.026858 hargrave 2021-03-24 16:14:33 
TT 670 255.9 -26.3 255.9 -26.3 1.72E-05 002.8 063.2 -22.1 0.065980 0.053967 0.020134 hargrave 2021-03-25 18:35:18 
TT 672 251.0 -28.0 251.0 -28.0 1.51E-05 001.5 058.3 -23.0 0.024542 0.026508 0.023915 hargrave 2021-03-26 14:41:15 
TT 674 256.7 -23.0 256.7 -23.0 1.26E-05 004.8 064.5 -18.9 0.098578 0.035701 0.021724 hargrave 2021-03-29 10:49:36 
TT 676 266.3 -14.8 266.3 -14.8 6.84E-06 003.9 075.3 -12.5 0.035480 0.012958 0.029536 hargrave 2021-03-29 17:40:08 
TT 678 253.8 -36.8 253.8 -36.8 2.26E-06 005.1 059.1 -32.1 0.015652 0.012138 0.003684 hargrave 2021-03-30 14:57:09 
TT 679 235.3 -30.5 235.3 -30.5 4.17E-06 003.5 043.1 -23.4 0.019023 0.012384 0.017576 hargrave 2021-03-31 13:33:33 
TT 681 212.8 -29.7 212.8 -29.7 2.04E-06 001.8 022.3 -20.5 0.005090 0.004493 0.003319 hargrave 2021-04-01 13:43:28 
TT 683 014.8 -36.0 014.8 -36.0 1.16E-06 008.4 187.2 -45.9 0.002393 0.006613 0.021497 hargrave 2021-04-02 14:30:35 
TT 683 012.8 -29.9 012.8 -29.9 1.04E-06 002.0 184.7 -39.9 0.002696 0.002576 0.001341 hargrave 2021-04-02 15:08:22 
TT 685 240.7 -11.0 240.7 -11.0 1.52E-06 002.8 051.0 -04.8 0.004202 0.003309 0.005546 hargrave 2021-04-05 10:26:29 
TT 686 277.8 -11.0 277.8 -11.0 1.40E-06 002.9 087.3 -10.7 0.006285 0.001434 0.003137 hargrave 2021-04-05 17:27:08 
