SC1- 75a mag compass orientation (IGRF corrected)
 92.825 299.5  12.0  61.0   7.0   1.0
NRM    176.8 018.9 175.9 012.5 5.87E-05 002.6 324.3 028.8 0.181005 0.190076 0.068527 hargrave 2021-03-23 17:21:51 
TT 100 179.3 018.6 178.4 012.4 5.82E-05 002.3 327.0 028.8 0.149135 0.172741 0.050687 hargrave 2021-03-24 13:52:44 
TT 200 172.6 019.9 171.9 013.4 5.73E-05 000.8 319.7 029.3 0.047853 0.052989 0.049483 hargrave 2021-03-25 16:21:39 
TT 300 178.2 019.3 177.3 013.0 5.66E-05 000.8 325.8 029.4 0.054803 0.050535 0.050353 hargrave 2021-03-26 12:08:07 
TT 400 177.7 019.4 176.8 013.1 5.56E-05 001.2 325.2 029.4 0.085941 0.084146 0.033711 hargrave 2021-03-26 18:00:22 
TT 450 178.5 019.1 177.6 012.8 5.47E-05 001.3 326.1 029.2 0.083235 0.087934 0.045634 hargrave 2021-03-29 13:43:40 
TT 500 177.8 019.6 176.9 013.4 5.33E-05 002.0 325.3 029.7 0.114580 0.141944 0.041683 hargrave 2021-03-30 12:19:11 
TT 525 178.0 019.6 177.1 013.4 5.27E-05 004.1 325.5 029.7 0.217938 0.308749 0.053211 hargrave 2021-03-31 09:21:18 
TT 550 176.5 018.9 175.7 012.6 5.14E-05 002.6 324.0 028.8 0.156635 0.154825 0.087733 hargrave 2021-04-01 10:56:17 
TT 560 180.0 019.6 179.1 013.4 5.06E-05 001.2 327.7 029.9 0.070416 0.058744 0.072327 hargrave 2021-04-01 18:02:38 
TT 570 178.1 019.2 177.2 012.9 4.90E-05 002.0 325.7 029.3 0.105053 0.136581 0.048220 hargrave 2021-04-02 12:17:44 
TT 580 176.7 020.0 175.8 013.7 4.84E-05 003.3 324.0 029.9 0.162930 0.219449 0.058854 hargrave 2021-04-02 17:22:45 
TT 590 179.6 019.4 178.6 013.3 4.68E-05 002.2 327.2 029.7 0.115925 0.128271 0.060266 hargrave 2021-04-05 13:19:32 
TT 600 176.3 020.3 175.3 014.0 4.52E-05 001.8 323.5 030.2 0.093101 0.096744 0.048499 hargrave 2021-04-06 11:29:47 
TT 610 174.1 018.7 173.4 012.2 4.44E-05 002.5 321.5 028.3 0.109554 0.159015 0.037621 hargrave 2021-04-07 12:36:35 
TT 620 174.1 018.7 173.4 012.2 4.24E-05 001.6 321.5 028.3 0.049651 0.092032 0.055867 hargrave 2021-04-08 20:19:24 
TT 630 176.8 018.2 176.0 011.8 4.22E-05 001.3 324.4 028.1 0.078586 0.051623 0.060423 hargrave 2021-04-16 17:05:56 
TT 640 177.1 017.9 176.3 011.6 4.08E-05 005.2 324.8 027.9 0.229401 0.286770 0.067310 hargrave 2021-04-18 19:57:19 
TT 645 175.6 017.8 174.9 011.4 4.09E-05 002.7 323.2 027.6 0.164588 0.092097 0.084272 hargrave 2021-04-19 22:08:54 
TT 650 180.5 016.9 179.6 010.8 3.79E-05 002.4 328.5 027.3 0.101562 0.109806 0.054934 hargrave 2021-04-21 09:00:36 
TT 655 175.2 017.2 174.5 010.8 3.46E-05 001.8 322.8 027.0 0.096008 0.057867 0.028043 hargrave 2021-06-11 14:31:29 
TT 660 175.4 017.4 174.7 011.0 3.27E-05 001.8 323.0 027.2 0.092088 0.065681 0.026856 hargrave 2021-06-12 10:35:47 
TT 663 178.1 017.8 177.2 011.5 3.12E-05 003.2 325.8 027.9 0.131252 0.125232 0.026691 hargrave 2021-06-12 18:02:35 
TT 667 173.2 018.7 172.5 012.2 2.86E-05 002.9 320.5 028.2 0.085589 0.115139 0.025101 hargrave 2021-06-22 14:33:48 
TT 670 176.0 019.4 175.2 013.0 1.84E-05 001.0 323.4 029.2 0.022177 0.021362 0.018558 hargrave 2021-06-23 11:51:59 
TT 672 176.5 017.7 175.8 011.3 1.83E-05 001.5 324.2 027.6 0.033607 0.032892 0.020925 hargrave 2021-06-23 16:30:21 
TT 675 178.7 015.5 178.0 009.3 1.62E-05 002.5 326.8 025.7 0.047995 0.055309 0.017523 hargrave 2021-06-24 13:15:01 
TT 677 179.7 019.4 178.8 013.3 1.41E-05 002.8 327.4 029.7 0.031290 0.062125 0.014336 hargrave 2021-06-24 17:59:10 
TT 679 166.7 019.5 166.2 012.8 1.22E-05 002.0 313.5 028.1 0.023061 0.037411 0.011360 hargrave 2021-06-25 13:29:20 
TT 680 187.7 044.4 184.1 038.6 1.48E-06 002.4 332.2 055.3 0.003990 0.004784 0.001192 hargrave 2021-06-25 18:00:42 
TT 682 233.9 013.5 232.3 012.6 2.25E-06 001.6 026.2 024.4 0.002906 0.006405 0.001718 hargrave 2021-06-26 13:07:05 
TT 684 101.2 059.3 108.9 054.4 1.13E-06 003.4 235.3 053.9 0.005798 0.003096 0.001468 hargrave 2021-06-26 17:40:19 
TT 686 227.0 -42.8 233.6 -44.1 1.00E-06 001.1 015.0 -31.3 0.001952 0.001624 0.000722 hargrave 2021-06-27 14:07:32 
