SC1- 39a mag compass orientation (IGRF corrected)
  87.65 337.6  80.0   0.0   0.0   1.0
NRM    172.4 -45.9 172.4 -45.9 3.57E-05 001.7 317.7  02.9 0.074125 0.061764 0.075933 hargrave 2021-02-21 14:17:28 
TT 100 175.4 -47.6 175.4 -47.6 3.77E-05 001.5 319.9  04.3 0.044308 0.063595 0.080836 hargrave 2021-02-22 15:07:25 
TT 200 175.4 -47.8 175.4 -47.8 4.04E-05 002.3 320.1  04.3 0.135805 0.092648 0.080083 hargrave 2021-02-23 10:27:50 
TT 300 175.1 -42.9 175.1 -42.9 4.23E-05 002.7 315.4  05.6 0.067253 0.258257 0.086589 hargrave 2021-02-23 14:27:59 
TT 400 182.6 -49.7 182.6 -49.7 4.07E-05 002.5 323.7  07.9 0.147238 0.106360 0.084359 hargrave 2021-02-24 11:07:39 
TT 450 182.8 -46.7 182.8 -46.7 4.01E-05 002.4 321.1  09.2 0.087958 0.156855 0.086395 hargrave 2021-02-24 16:05:52 
TT 500 183.6 -46.1 183.6 -46.1 4.02E-05 002.2 320.8  10.0 0.085671 0.132182 0.083577 hargrave 2021-02-25 12:44:23 
TT 525 182.0 -42.0 182.0 -42.0 3.93E-05 002.5 316.5  10.8 0.075420 0.157199 0.077040 hargrave 2021-02-25 17:59:05 
TT 550 185.8 -42.7 185.8 -42.7 3.72E-05 002.0 318.3  13.0 0.103569 0.060666 0.073787 hargrave 2021-02-26 11:07:44 
TT 560 183.6 -40.3 183.6 -40.3 3.67E-05 002.4 315.4  12.5 0.074999 0.122660 0.073875 hargrave 2021-02-26 16:20:58 
TT 570 183.6 -40.4 183.6 -40.4 3.66E-05 003.1 315.5  12.5 0.107214 0.158628 0.070010 hargrave 2021-02-27 11:41:15 
TT 580 186.4 -41.1 186.4 -41.1 3.60E-05 003.7 317.1  14.1 0.184881 0.141348 0.071340 hargrave 2021-02-28 12:23:19 
TT 590 187.0 -40.1 187.0 -40.1 3.46E-05 001.9 316.4  14.9 0.088937 0.047684 0.071821 hargrave 2021-03-01 11:02:29 
TT 600 186.5 -49.6 186.5 -49.6 3.17E-05 004.3 324.8  10.2 0.159660 0.166527 0.083457 hargrave 2021-03-01 16:03:06 
TT 610 188.9 -41.1 188.9 -41.1 2.93E-05 004.1 318.0  15.7 0.130141 0.178549 0.059093 hargrave 2021-03-02 11:25:04 
TT 620 191.2 -43.3 191.2 -43.3 2.66E-05 002.3 320.8  16.1 0.101620 0.083575 0.056645 hargrave 2021-03-02 17:30:24 
TT 630 193.4 -43.1 193.4 -43.1 2.60E-05 002.6 321.6  17.6 0.136354 0.050957 0.049161 hargrave 2021-03-03 11:11:44 
TT 640 195.1 -43.3 195.1 -43.3 2.31E-05 002.7 322.5  18.5 0.081950 0.065321 0.044663 hargrave 2021-03-03 16:32:44 
TT 650 197.4 -44.6 197.4 -44.6 2.27E-05 001.9 324.6  19.1 0.052796 0.040204 0.048725 hargrave 2021-03-04 14:04:04 
TT 660 195.9 -43.9 195.9 -43.9 1.81E-05 002.7 323.4  18.6 0.063220 0.053024 0.039180 hargrave 2021-03-05 12:18:10 
TT 664 201.7 -39.0 201.7 -39.0 1.63E-05 004.3 321.9  25.1 0.089438 0.082043 0.028709 hargrave 2021-03-08 14:20:40 
TT 667 207.0 -36.2 207.0 -36.2 1.41E-05 002.9 322.6  30.1 0.057039 0.038230 0.029147 hargrave 2021-03-09 11:01:12 
TT 670 212.4 -51.2 212.4 -51.2 1.16E-05 001.7 337.1  21.7 0.021124 0.025346 0.021688 hargrave 2021-03-09 16:02:34 
TT 672 203.6 -45.0 203.6 -45.0 9.65E-06 003.1 328.0  22.2 0.024486 0.043495 0.019834 hargrave 2021-03-10 15:14:45 
TT 674 204.9 -53.6 204.9 -53.6 9.44E-06 001.9 335.1  16.9 0.021329 0.020691 0.019061 hargrave 2021-03-11 14:50:22 
TT 676 210.1 -29.6 210.1 -29.6 7.69E-06 001.9 318.9  36.4 0.011867 0.021234 0.012694 hargrave 2021-03-14 13:05:26 
TT 678 231.7 -39.0 231.7 -39.0 7.23E-06 002.1 344.1  38.8 0.018928 0.017874 0.010852 hargrave 2021-03-14 17:51:35 
TT 680 193.4 -53.9 193.4 -53.9 3.94E-06 002.1 330.8  11.5 0.008503 0.011088 0.007742 hargrave 2021-03-16 15:11:59 
TT 682 182.5 -67.4 182.5 -67.4 5.59E-06 001.8 339.6 -00.0 0.007822 0.006970 0.016086 hargrave 2021-03-19 13:06:36 
TT 684 226.5 -41.7 226.5 -41.7 5.12E-06 002.2 340.9  34.8 0.010150 0.013807 0.011000 hargrave 2021-03-22 13:54:27 
TT 686 228.5 -14.0 228.5 -14.0 5.27E-06 001.9 321.4  59.5 0.012547 0.009654 0.008090 hargrave 2021-03-23 13:19:01 
